I, J, Lat, Lon, Depth
  1,   1, 28.95292045, 96.53385437,  99.9
  2,   1, 28.95137108, 96.53635318,  99.9
  3,   1, 28.94980058, 96.53888591,  99.9
  4,   1, 28.94820866, 96.54145302,  99.9
  5,   1, 28.94659503, 96.54405498,  99.9
  6,   1, 28.94495940, 96.54669226,  99.9
  7,   1, 28.94330146, 96.54936535,  99.9
  8,   1, 28.94162091, 96.55207472,  99.9
  9,   1, 28.93991743, 96.55482086,  99.9
 10,   1, 28.93819072, 96.55760428,  99.9
 11,   1, 28.93644046, 96.56042547,  99.9
 12,   1, 28.93466633, 96.56328496,  99.9
 13,   1, 28.93286799, 96.56618325,  99.9
 14,   1, 28.93104512, 96.56912088,  99.9
 15,   1, 28.92919738, 96.57209838,  99.9
 16,   1, 28.92732444, 96.57511628,  99.9
 17,   1, 28.92542595, 96.57817513,  99.9
 18,   1, 28.92350155, 96.58127549,  99.9
 19,   1, 28.92155089, 96.58441792,  99.9
 20,   1, 28.91957363, 96.58760298,  99.9
 21,   1, 28.91756938, 96.59083126,  99.9
 22,   1, 28.91553778, 96.59410334,  99.9
 23,   1, 28.91347846, 96.59741981,  99.9
 24,   1, 28.91139104, 96.60078128,  99.9
 25,   1, 28.90927513, 96.60418834,  99.9
 26,   1, 28.90713034, 96.60764162,  99.9
 27,   1, 28.90495628, 96.61114175,  99.9
 28,   1, 28.90275255, 96.61468935,  99.9
 29,   1, 28.90051874, 96.61828506,  99.9
 30,   1, 28.89825443, 96.62192955,  99.9
 31,   1, 28.89595922, 96.62562346,  99.9
 32,   1, 28.89363268, 96.62936747,  99.9
 33,   1, 28.89127438, 96.63316226,  99.9
 34,   1, 28.88888388, 96.63700850,  99.9
 35,   1, 28.88646074, 96.64090690,  99.9
 36,   1, 28.88400452, 96.64485815,  99.9
 37,   1, 28.88151476, 96.64886298,  99.9
 38,   1, 28.87899101, 96.65292211,  99.9
 39,   1, 28.87643279, 96.65703627,  99.9
 40,   1, 28.87383964, 96.66120620,  99.9
 41,   1, 28.87121107, 96.66543266,  99.9
 42,   1, 28.86854660, 96.66971641,  99.9
 43,   1, 28.86584575, 96.67405823,  99.9
 44,   1, 28.86310800, 96.67845890,  99.9
 45,   1, 28.86033286, 96.68291920,  99.9
 46,   1, 28.85751980, 96.68743996,  99.9
 47,   1, 28.85466832, 96.69202198,  99.9
 48,   1, 28.85177789, 96.69666609,  99.9
 49,   1, 28.84884796, 96.70137313,  99.9
 50,   1, 28.84587800, 96.70614395,  99.9
 51,   1, 28.84286746, 96.71097941,  99.9
 52,   1, 28.83981578, 96.71588038,  99.9
 53,   1, 28.83672241, 96.72084774,  99.9
 54,   1, 28.83358675, 96.72588239,  99.9
 55,   1, 28.83040824, 96.73098524,  99.9
 56,   1, 28.82718629, 96.73615721,  99.9
 57,   1, 28.82392030, 96.74139922,  99.9
 58,   1, 28.82060966, 96.74671223,  99.9
 59,   1, 28.81725377, 96.75209719,  99.9
 60,   1, 28.81385200, 96.75755507,  99.9
 61,   1, 28.81040372, 96.76308685,  99.9
 62,   1, 28.80690829, 96.76869352,  99.9
 63,   1, 28.80336507, 96.77437611,  99.9
 64,   1, 28.79977339, 96.78013562,  99.9
 65,   1, 28.79613260, 96.78597310,  99.9
 66,   1, 28.79244201, 96.79188960,  99.9
 67,   1, 28.78870095, 96.79788617,  99.9
 68,   1, 28.78490871, 96.80396390,  99.9
 69,   1, 28.78106460, 96.81012388,  99.9
 70,   1, 28.77716791, 96.81636722,  99.9
 71,   1, 28.77321790, 96.82269503,  99.9
 72,   1, 28.76921384, 96.82910846,  99.9
 73,   1, 28.76515500, 96.83560866,  99.9
 74,   1, 28.76104061, 96.84219679,  99.9
 75,   1, 28.75686992, 96.84887404,  99.9
 76,   1, 28.75264215, 96.85564160,  99.9
 77,   1, 28.74835651, 96.86250069,  99.9
 78,   1, 28.74401221, 96.86945254,  99.9
 79,   1, 28.73960843, 96.87649839,  99.9
 80,   1, 28.73514437, 96.88363951,  99.9
 81,   1, 28.73061918, 96.89087719,  99.9
 82,   1, 28.72603204, 96.89821270,  99.9
 83,   1, 28.72138207, 96.90564738,  99.9
 84,   1, 28.71666843, 96.91318254,  99.9
 85,   1, 28.71189022, 96.92081955,  99.9
 86,   1, 28.70704657, 96.92855977,  99.9
 87,   1, 28.70213656, 96.93640457,  99.9
 88,   1, 28.69715929, 96.94435537,  99.9
 89,   1, 28.69211383, 96.95241359,  99.9
 90,   1, 28.68699922, 96.96058067,  99.9
 91,   1, 28.68181454, 96.96885806,  99.9
 92,   1, 28.67655879, 96.97724725,  99.9
 93,   1, 28.67123101, 96.98574974,  99.9
 94,   1, 28.66583020, 96.99436704,  99.9
 95,   1, 28.66035535, 97.00310069,  99.9
 96,   1, 28.65480544, 97.01195226,  99.9
 97,   1, 28.64917943, 97.02092331,  99.9
 98,   1, 28.64347628, 97.03001545,  99.9
 99,   1, 28.63769490, 97.03923031,  99.9
100,   1, 28.63183424, 97.04856952,  99.9
101,   1, 28.62589318, 97.05803474,  99.9
102,   1, 28.61987062, 97.06762767,  99.9
103,   1, 28.61376543, 97.07735001,  99.9
104,   1, 28.60757647, 97.08720349,  99.9
105,   1, 28.60130258, 97.09718987,  99.9
106,   1, 28.59494258, 97.10731092,  99.9
107,   1, 28.58849529, 97.11756843,  99.9
108,   1, 28.58195949, 97.12796425,  99.9
109,   1, 28.57533396, 97.13850020,  99.9
110,   1, 28.56861745, 97.14917816,  99.9
111,   1, 28.56180872, 97.16000004,  99.9
112,   1, 28.55490647, 97.17096774,  99.9
113,   1, 28.54790941, 97.18208321,  99.9
114,   1, 28.54081624, 97.19334843,  99.9
115,   1, 28.53362561, 97.20476539,  99.9
116,   1, 28.52633618, 97.21633611,  99.9
117,   1, 28.51894658, 97.22806265,  99.9
118,   1, 28.51145541, 97.23994708,  99.9
119,   1, 28.50386127, 97.25199149,  99.9
120,   1, 28.49616273, 97.26419803,  99.9
121,   1, 28.48835833, 97.27656885,  99.9
122,   1, 28.48044662, 97.28910614,  99.9
123,   1, 28.47242609, 97.30181211,  99.9
124,   1, 28.46429525, 97.31468900,  99.9
125,   1, 28.45605254, 97.32773909,  99.9
126,   1, 28.44769643, 97.34096467,  99.9
127,   1, 28.43922533, 97.35436809,  99.9
128,   1, 28.43063764, 97.36795170,  99.9
129,   1, 28.42193174, 97.38171789,  99.9
130,   1, 28.41310600, 97.39566909,  99.9
131,   1, 28.40415873, 97.40980776,  99.9
132,   1, 28.39508825, 97.42413637,  99.9
133,   1, 28.38589285, 97.43865745,  99.9
134,   1, 28.37657077, 97.45337354,  99.9
135,   1, 28.36712027, 97.46828724,  99.9
136,   1, 28.35753954, 97.48340116,  99.9
137,   1, 28.34782677, 97.49871795,  99.9
138,   1, 28.33798013, 97.51424030,  99.9
139,   1, 28.32799774, 97.52997091,  99.9
140,   1, 28.31787771, 97.54591256,  99.9
141,   1, 28.30761812, 97.56206802,  99.9
142,   1, 28.29721702, 97.57844013,  99.9
143,   1, 28.28667243, 97.59503175,  99.9
144,   1, 28.27598236, 97.61184576,  99.9
145,   1, 28.26514476, 97.62888512,  99.9
146,   1, 28.25415758, 97.64615278,  99.9
147,   1, 28.24301873, 97.66365177,  99.9
148,   1, 28.23172607, 97.68138512,  99.9
149,   1, 28.22027747, 97.69935594,  99.9
150,   1, 28.20867073, 97.71756734,  99.9
151,   1, 28.19690366, 97.73602249,  99.9
152,   1, 28.18497398, 97.75472460,  99.9
153,   1, 28.17287945, 97.77367691,  99.9
154,   1, 28.16061773, 97.79288272,  99.9
155,   1, 28.14818649, 97.81234536,  99.9
156,   1, 28.13558335, 97.83206819,  99.9
157,   1, 28.12280590, 97.85205463,  99.9
158,   1, 28.10985169, 97.87230815,  99.9
159,   1, 28.09671824, 97.89283224,  99.9
160,   1, 28.08340304, 97.91363044,  99.9
161,   1, 28.06990353, 97.93470636,  99.9
162,   1, 28.05621712, 97.95606362,  99.9
163,   1, 28.04234119, 97.97770590,  99.9
164,   1, 28.02827307, 97.99963694,  99.9
165,   1, 28.01401005, 98.02186051,  99.9
166,   1, 27.99954939, 98.04438042,  99.9
167,   1, 27.98488832, 98.06720055,  99.9
168,   1, 27.97002400, 98.09032481,  99.9
169,   1, 27.95495358, 98.11375717,  99.9
170,   1, 27.93967415, 98.13750164,  99.9
171,   1, 27.92418276, 98.16156229,  99.9
172,   1, 27.90847642, 98.18594324,  99.9
173,   1, 27.89255211, 98.21064865,  99.9
174,   1, 27.87640674, 98.23568273,  99.9
175,   1, 27.86003719, 98.26104977,  99.9
176,   1, 27.84344030, 98.28675408,  99.9
177,   1, 27.82661285, 98.31280003,  99.9
178,   1, 27.80955158, 98.33919206,  99.9
179,   1, 27.79225319, 98.36593465,  99.9
180,   1, 27.77471432, 98.39303235,  99.9
181,   1, 27.75693157, 98.42048973,  99.9
182,   1, 27.73890148, 98.44831147,  99.9
183,   1, 27.72062055, 98.47650225,  99.9
184,   1, 27.70208523, 98.50506686,  99.9
185,   1, 27.68329190, 98.53401010,  99.9
186,   1, 27.66423691, 98.56333687,  99.9
187,   1, 27.64491655, 98.59305211,  99.9
188,   1, 27.62532705, 98.62316080,  99.9
189,   1, 27.60546458, 98.65366803,  99.9
190,   1, 27.58532527, 98.68457889,  99.9
191,   1, 27.56490519, 98.71589860,  99.9
  1,   2, 28.95074774, 96.53208814,  99.9
  2,   2, 28.94916883, 96.53456289,  99.9
  3,   2, 28.94756840, 96.53707124,  99.9
  4,   2, 28.94594615, 96.53961363,  99.9
  5,   2, 28.94430177, 96.54219054,  99.9
  6,   2, 28.94263497, 96.54480243,  99.9
  7,   2, 28.94094544, 96.54744977,  99.9
  8,   2, 28.93923287, 96.55013305,  99.9
  9,   2, 28.93749694, 96.55285274,  99.9
 10,   2, 28.93573733, 96.55560935,  99.9
 11,   2, 28.93395373, 96.55840337,  99.9
 12,   2, 28.93214580, 96.56123531,  99.9
 13,   2, 28.93031322, 96.56410568,  99.9
 14,   2, 28.92845563, 96.56701501,  99.9
 15,   2, 28.92657271, 96.56996381,  99.9
 16,   2, 28.92466410, 96.57295264,  99.9
 17,   2, 28.92272945, 96.57598201,  99.9
 18,   2, 28.92076842, 96.57905249,  99.9
 19,   2, 28.91878062, 96.58216463,  99.9
 20,   2, 28.91676571, 96.58531900,  99.9
 21,   2, 28.91472331, 96.58851616,  99.9
 22,   2, 28.91265305, 96.59175670,  99.9
 23,   2, 28.91055453, 96.59504120,  99.9
 24,   2, 28.90842738, 96.59837025,  99.9
 25,   2, 28.90627121, 96.60174447,  99.9
 26,   2, 28.90408561, 96.60516445,  99.9
 27,   2, 28.90187019, 96.60863082,  99.9
 28,   2, 28.89962453, 96.61214420,  99.9
 29,   2, 28.89734823, 96.61570524,  99.9
 30,   2, 28.89504085, 96.61931457,  99.9
 31,   2, 28.89270199, 96.62297285,  99.9
 32,   2, 28.89033120, 96.62668074,  99.9
 33,   2, 28.88792805, 96.63043891,  99.9
 34,   2, 28.88549209, 96.63424804,  99.9
 35,   2, 28.88302288, 96.63810882,  99.9
 36,   2, 28.88051997, 96.64202194,  99.9
 37,   2, 28.87798288, 96.64598812,  99.9
 38,   2, 28.87541115, 96.65000806,  99.9
 39,   2, 28.87280431, 96.65408250,  99.9
 40,   2, 28.87016188, 96.65821218,  99.9
 41,   2, 28.86748336, 96.66239783,  99.9
 42,   2, 28.86476827, 96.66664022,  99.9
 43,   2, 28.86201610, 96.67094010,  99.9
 44,   2, 28.85922635, 96.67529826,  99.9
 45,   2, 28.85639849, 96.67971549,  99.9
 46,   2, 28.85353201, 96.68419257,  99.9
 47,   2, 28.85062638, 96.68873033,  99.9
 48,   2, 28.84768106, 96.69332957,  99.9
 49,   2, 28.84469550, 96.69799112,  99.9
 50,   2, 28.84166916, 96.70271584,  99.9
 51,   2, 28.83860148, 96.70750456,  99.9
 52,   2, 28.83549188, 96.71235815,  99.9
 53,   2, 28.83233979, 96.71727749,  99.9
 54,   2, 28.82914464, 96.72226347,  99.9
 55,   2, 28.82590582, 96.72731697,  99.9
 56,   2, 28.82262275, 96.73243892,  99.9
 57,   2, 28.81929480, 96.73763024,  99.9
 58,   2, 28.81592138, 96.74289185,  99.9
 59,   2, 28.81250184, 96.74822472,  99.9
 60,   2, 28.80903557, 96.75362979,  99.9
 61,   2, 28.80552191, 96.75910804,  99.9
 62,   2, 28.80196022, 96.76466045,  99.9
 63,   2, 28.79834984, 96.77028804,  99.9
 64,   2, 28.79469010, 96.77599180,  99.9
 65,   2, 28.79098032, 96.78177276,  99.9
 66,   2, 28.78721981, 96.78763196,  99.9
 67,   2, 28.78340787, 96.79357047,  99.9
 68,   2, 28.77954381, 96.79958933,  99.9
 69,   2, 28.77562690, 96.80568964,  99.9
 70,   2, 28.77165641, 96.81187249,  99.9
 71,   2, 28.76763162, 96.81813900,  99.9
 72,   2, 28.76355177, 96.82449027,  99.9
 73,   2, 28.75941610, 96.83092747,  99.9
 74,   2, 28.75522385, 96.83745174,  99.9
 75,   2, 28.75097425, 96.84406425,  99.9
 76,   2, 28.74666649, 96.85076619,  99.9
 77,   2, 28.74229979, 96.85755876,  99.9
 78,   2, 28.73787333, 96.86444318,  99.9
 79,   2, 28.73338628, 96.87142068,  99.9
 80,   2, 28.72883782, 96.87849251,  99.9
 81,   2, 28.72422710, 96.88565995,  99.9
 82,   2, 28.71955325, 96.89292427,  99.9
 83,   2, 28.71481542, 96.90028677,  99.9
 84,   2, 28.71001272, 96.90774878,  99.9
 85,   2, 28.70514426, 96.91531163,  99.9
 86,   2, 28.70020913, 96.92297667,  99.9
 87,   2, 28.69520641, 96.93074527,  99.9
 88,   2, 28.69013517, 96.93861883,  99.9
 89,   2, 28.68499446, 96.94659874,  99.9
 90,   2, 28.67978334, 96.95468644,  99.9
 91,   2, 28.67450082, 96.96288337,  99.9
 92,   2, 28.66914593, 96.97119100,  99.9
 93,   2, 28.66371766, 96.97961080,  99.9
 94,   2, 28.65821501, 96.98814429,  99.9
 95,   2, 28.65263694, 96.99679298,  99.9
 96,   2, 28.64698241, 97.00555842,  99.9
 97,   2, 28.64125038, 97.01444217,  99.9
 98,   2, 28.63543977, 97.02344581,  99.9
 99,   2, 28.62954949, 97.03257095,  99.9
100,   2, 28.62357844, 97.04181921,  99.9
101,   2, 28.61752552, 97.05119225,  99.9
102,   2, 28.61138958, 97.06069172,  99.9
103,   2, 28.60516949, 97.07031933,  99.9
104,   2, 28.59886407, 97.08007677,  99.9
105,   2, 28.59247216, 97.08996580,  99.9
106,   2, 28.58599254, 97.09998817,  99.9
107,   2, 28.57942401, 97.11014565,  99.9
108,   2, 28.57276535, 97.12044005,  99.9
109,   2, 28.56601530, 97.13087321,  99.9
110,   2, 28.55917259, 97.14144696,  99.9
111,   2, 28.55223595, 97.15216320,  99.9
112,   2, 28.54520408, 97.16302381,  99.9
113,   2, 28.53807566, 97.17403073,  99.9
114,   2, 28.53084934, 97.18518590,  99.9
115,   2, 28.52352378, 97.19649131,  99.9
116,   2, 28.51609760, 97.20794894,  99.9
117,   2, 28.50856940, 97.21956084,  99.9
118,   2, 28.50093777, 97.23132906,  99.9
119,   2, 28.49320128, 97.24325567,  99.9
120,   2, 28.48535847, 97.25534279,  99.9
121,   2, 28.47740787, 97.26759255,  99.9
122,   2, 28.46934798, 97.28000711,  99.9
123,   2, 28.46117729, 97.29258867,  99.9
124,   2, 28.45289425, 97.30533944,  99.9
125,   2, 28.44449731, 97.31826168,  99.9
126,   2, 28.43598488, 97.33135766,  99.9
127,   2, 28.42735537, 97.34462969,  99.9
128,   2, 28.41860714, 97.35808011,  99.9
129,   2, 28.40973855, 97.37171128,  99.9
130,   2, 28.40074792, 97.38552560,  99.9
131,   2, 28.39163355, 97.39952551,  99.9
132,   2, 28.38239372, 97.41371346,  99.9
133,   2, 28.37302669, 97.42809194,  99.9
134,   2, 28.36353069, 97.44266348,  99.9
135,   2, 28.35390393, 97.45743063,  99.9
136,   2, 28.34414457, 97.47239599,  99.9
137,   2, 28.33425078, 97.48756218,  99.9
138,   2, 28.32422068, 97.50293185,  99.9
139,   2, 28.31405238, 97.51850769,  99.9
140,   2, 28.30374394, 97.53429243,  99.9
141,   2, 28.29329341, 97.55028884,  99.9
142,   2, 28.28269882, 97.56649969,  99.9
143,   2, 28.27195814, 97.58292784,  99.9
144,   2, 28.26106935, 97.59957614,  99.9
145,   2, 28.25003037, 97.61644749,  99.9
146,   2, 28.23883911, 97.63354484,  99.9
147,   2, 28.22749344, 97.65087117,  99.9
148,   2, 28.21599121, 97.66842950,  99.9
149,   2, 28.20433022, 97.68622287,  99.9
150,   2, 28.19250825, 97.70425438,  99.9
151,   2, 28.18052306, 97.72252717,  99.9
152,   2, 28.16837236, 97.74104440,  99.9
153,   2, 28.15605384, 97.75980929,  99.9
154,   2, 28.14356514, 97.77882509,  99.9
155,   2, 28.13090388, 97.79809510,  99.9
156,   2, 28.11806765, 97.81762266,  99.9
157,   2, 28.10505400, 97.83741113,  99.9
158,   2, 28.09186043, 97.85746395,  99.9
159,   2, 28.07848442, 97.87778457,  99.9
160,   2, 28.06492343, 97.89837651,  99.9
161,   2, 28.05117484, 97.91924331,  99.9
162,   2, 28.03723603, 97.94038857,  99.9
163,   2, 28.02310433, 97.96181593,  99.9
164,   2, 28.00877703, 97.98352908,  99.9
165,   2, 27.99425137, 98.00553175,  99.9
166,   2, 27.97952458, 98.02782772,  99.9
167,   2, 27.96459382, 98.05042082,  99.9
168,   2, 27.94945623, 98.07331491,  99.9
169,   2, 27.93410889, 98.09651393,  99.9
170,   2, 27.91854886, 98.12002184,  99.9
171,   2, 27.90277313, 98.14384267,  99.9
172,   2, 27.88677868, 98.16798048,  99.9
173,   2, 27.87056241, 98.19243939,  99.9
174,   2, 27.85412120, 98.21722357,  99.9
175,   2, 27.83745189, 98.24233726,  99.9
176,   2, 27.82055124, 98.26778471,  99.9
177,   2, 27.80341601, 98.29357026,  99.9
178,   2, 27.78604287, 98.31969829,  99.9
179,   2, 27.76842846, 98.34617324,  99.9
180,   2, 27.75056939, 98.37299959,  99.9
181,   2, 27.73246218, 98.40018188,  99.9
182,   2, 27.71410334, 98.42772471,  99.9
183,   2, 27.69548929, 98.45563274,  99.9
184,   2, 27.67661644, 98.48391069,  99.9
185,   2, 27.65748112, 98.51256330,  99.9
186,   2, 27.63807960, 98.54159543,  99.9
187,   2, 27.61840813, 98.57101194,  99.9
188,   2, 27.59846287, 98.60081778,  99.9
189,   2, 27.57823994, 98.63101796,  99.9
190,   2, 27.55773540, 98.66161754,  99.9
191,   2, 27.53694526, 98.69262164,  99.9
  1,   3, 28.94859619, 96.53028877,  99.9
  2,   3, 28.94698805, 96.53273901,  99.9
  3,   3, 28.94535797, 96.53522252,  99.9
  4,   3, 28.94370568, 96.53773974,  99.9
  5,   3, 28.94203085, 96.54029112,  99.9
  6,   3, 28.94033319, 96.54287714,  99.9
  7,   3, 28.93861238, 96.54549826,  99.9
  8,   3, 28.93686810, 96.54815496,  99.9
  9,   3, 28.93510003, 96.55084771,  99.9
 10,   3, 28.93330786, 96.55357701,  99.9
 11,   3, 28.93149124, 96.55634335,  99.9
 12,   3, 28.92964985, 96.55914723,  99.9
 13,   3, 28.92778334, 96.56198916,  99.9
 14,   3, 28.92589138, 96.56486966,  99.9
 15,   3, 28.92397361, 96.56778924,  99.9
 16,   3, 28.92202969, 96.57074844,  99.9
 17,   3, 28.92005924, 96.57374779,  99.9
 18,   3, 28.91806193, 96.57678784,  99.9
 19,   3, 28.91603736, 96.57986913,  99.9
 20,   3, 28.91398518, 96.58299222,  99.9
 21,   3, 28.91190500, 96.58615769,  99.9
 22,   3, 28.90979644, 96.58936610,  99.9
 23,   3, 28.90765911, 96.59261803,  99.9
 24,   3, 28.90549263, 96.59591407,  99.9
 25,   3, 28.90329658, 96.59925482,  99.9
 26,   3, 28.90107057, 96.60264089,  99.9
 27,   3, 28.89881419, 96.60607287,  99.9
 28,   3, 28.89652702, 96.60955141,  99.9
 29,   3, 28.89420863, 96.61307712,  99.9
 30,   3, 28.89185861, 96.61665065,  99.9
 31,   3, 28.88947652, 96.62027263,  99.9
 32,   3, 28.88706191, 96.62394373,  99.9
 33,   3, 28.88461435, 96.62766460,  99.9
 34,   3, 28.88213339, 96.63143593,  99.9
 35,   3, 28.87961856, 96.63525839,  99.9
 36,   3, 28.87706940, 96.63913267,  99.9
 37,   3, 28.87448545, 96.64305948,  99.9
 38,   3, 28.87186622, 96.64703952,  99.9
 39,   3, 28.86921123, 96.65107351,  99.9
 40,   3, 28.86652000, 96.65516218,  99.9
 41,   3, 28.86379203, 96.65930627,  99.9
 42,   3, 28.86102681, 96.66350652,  99.9
 43,   3, 28.85822383, 96.66776370,  99.9
 44,   3, 28.85538257, 96.67207857,  99.9
 45,   3, 28.85250252, 96.67645192,  99.9
 46,   3, 28.84958314, 96.68088452,  99.9
 47,   3, 28.84662388, 96.68537719,  99.9
 48,   3, 28.84362421, 96.68993073,  99.9
 49,   3, 28.84058358, 96.69454596,  99.9
 50,   3, 28.83750140, 96.69922371,  99.9
 51,   3, 28.83437713, 96.70396483,  99.9
 52,   3, 28.83121018, 96.70877018,  99.9
 53,   3, 28.82799997, 96.71364061,  99.9
 54,   3, 28.82474589, 96.71857701,  99.9
 55,   3, 28.82144736, 96.72358026,  99.9
 56,   3, 28.81810376, 96.72865127,  99.9
 57,   3, 28.81471448, 96.73379095,  99.9
 58,   3, 28.81127887, 96.73900023,  99.9
 59,   3, 28.80779632, 96.74428003,  99.9
 60,   3, 28.80426618, 96.74963132,  99.9
 61,   3, 28.80068779, 96.75505506,  99.9
 62,   3, 28.79706049, 96.76055222,  99.9
 63,   3, 28.79338360, 96.76612379,  99.9
 64,   3, 28.78965646, 96.77177077,  99.9
 65,   3, 28.78587837, 96.77749418,  99.9
 66,   3, 28.78204862, 96.78329504,  99.9
 67,   3, 28.77816651, 96.78917440,  99.9
 68,   3, 28.77423132, 96.79513332,  99.9
 69,   3, 28.77024233, 96.80117287,  99.9
 70,   3, 28.76619878, 96.80729412,  99.9
 71,   3, 28.76209993, 96.81349818,  99.9
 72,   3, 28.75794503, 96.81978617,  99.9
 73,   3, 28.75373330, 96.82615921,  99.9
 74,   3, 28.74946396, 96.83261844,  99.9
 75,   3, 28.74513621, 96.83916503,  99.9
 76,   3, 28.74074926, 96.84580015,  99.9
 77,   3, 28.73630229, 96.85252498,  99.9
 78,   3, 28.73179447, 96.85934073,  99.9
 79,   3, 28.72722498, 96.86624863,  99.9
 80,   3, 28.72259295, 96.87324992,  99.9
 81,   3, 28.71789752, 96.88034583,  99.9
 82,   3, 28.71313784, 96.88753765,  99.9
 83,   3, 28.70831301, 96.89482667,  99.9
 84,   3, 28.70342213, 96.90221419,  99.9
 85,   3, 28.69846429, 96.90970152,  99.9
 86,   3, 28.69343858, 96.91729001,  99.9
 87,   3, 28.68834406, 96.92498102,  99.9
 88,   3, 28.68317978, 96.93277592,  99.9
 89,   3, 28.67794478, 96.94067611,  99.9
 90,   3, 28.67263808, 96.94868299,  99.9
 91,   3, 28.66725870, 96.95679799,  99.9
 92,   3, 28.66180564, 96.96502257,  99.9
 93,   3, 28.65627787, 96.97335819,  99.9
 94,   3, 28.65067438, 96.98180634,  99.9
 95,   3, 28.64499410, 96.99036852,  99.9
 96,   3, 28.63923600, 96.99904627,  99.9
 97,   3, 28.63339898, 97.00784113,  99.9
 98,   3, 28.62748197, 97.01675466,  99.9
 99,   3, 28.62148386, 97.02578846,  99.9
100,   3, 28.61540353, 97.03494414,  99.9
101,   3, 28.60923984, 97.04422331,  99.9
102,   3, 28.60299165, 97.05362764,  99.9
103,   3, 28.59665779, 97.06315880,  99.9
104,   3, 28.59023706, 97.07281848,  99.9
105,   3, 28.58372829, 97.08260840,  99.9
106,   3, 28.57713023, 97.09253030,  99.9
107,   3, 28.57044168, 97.10258594,  99.9
108,   3, 28.56366136, 97.11277711,  99.9
109,   3, 28.55678802, 97.12310561,  99.9
110,   3, 28.54982036, 97.13357328,  99.9
111,   3, 28.54275709, 97.14418198,  99.9
112,   3, 28.53559687, 97.15493358,  99.9
113,   3, 28.52833837, 97.16582999,  99.9
114,   3, 28.52098024, 97.17687314,  99.9
115,   3, 28.51352108, 97.18806499,  99.9
116,   3, 28.50595950, 97.19940752,  99.9
117,   3, 28.49829408, 97.21090272,  99.9
118,   3, 28.49052338, 97.22255265,  99.9
119,   3, 28.48264595, 97.23435935,  99.9
120,   3, 28.47466030, 97.24632491,  99.9
121,   3, 28.46656494, 97.25845144,  99.9
122,   3, 28.45835835, 97.27074108,  99.9
123,   3, 28.45003897, 97.28319601,  99.9
124,   3, 28.44160526, 97.29581842,  99.9
125,   3, 28.43305561, 97.30861053,  99.9
126,   3, 28.42438843, 97.32157460,  99.9
127,   3, 28.41560208, 97.33471291,  99.9
128,   3, 28.40669490, 97.34802776,  99.9
129,   3, 28.39766522, 97.36152152,  99.9
130,   3, 28.38851134, 97.37519654,  99.9
131,   3, 28.37923153, 97.38905522,  99.9
132,   3, 28.36982404, 97.40310002,  99.9
133,   3, 28.36028710, 97.41733338,  99.9
134,   3, 28.35061891, 97.43175780,  99.9
135,   3, 28.34081763, 97.44637582,  99.9
136,   3, 28.33088143, 97.46119000,  99.9
137,   3, 28.32080842, 97.47620292,  99.9
138,   3, 28.31059669, 97.49141723,  99.9
139,   3, 28.30024432, 97.50683557,  99.9
140,   3, 28.28974935, 97.52246065,  99.9
141,   3, 28.27910979, 97.53829520,  99.9
142,   3, 28.26832363, 97.55434198,  99.9
143,   3, 28.25738882, 97.57060378,  99.9
144,   3, 28.24630330, 97.58708346,  99.9
145,   3, 28.23506495, 97.60378387,  99.9
146,   3, 28.22367165, 97.62070794,  99.9
147,   3, 28.21212123, 97.63785859,  99.9
148,   3, 28.20041150, 97.65523883,  99.9
149,   3, 28.18854025, 97.67285166,  99.9
150,   3, 28.17650520, 97.69070015,  99.9
151,   3, 28.16430408, 97.70878740,  99.9
152,   3, 28.15193457, 97.72711655,  99.9
153,   3, 28.13939430, 97.74569076,  99.9
154,   3, 28.12668089, 97.76451326,  99.9
155,   3, 28.11379192, 97.78358732,  99.9
156,   3, 28.10072494, 97.80291621,  99.9
157,   3, 28.08747744, 97.82250330,  99.9
158,   3, 28.07404692, 97.84235195,  99.9
159,   3, 28.06043079, 97.86246560,  99.9
160,   3, 28.04662646, 97.88284772,  99.9
161,   3, 28.03263130, 97.90350180,  99.9
162,   3, 28.01844262, 97.92443143,  99.9
163,   3, 28.00405772, 97.94564018,  99.9
164,   3, 27.98947384, 97.96713171,  99.9
165,   3, 27.97468820, 97.98890971,  99.9
166,   3, 27.95969794, 98.01097791,  99.9
167,   3, 27.94450022, 98.03334010,  99.9
168,   3, 27.92909210, 98.05600011,  99.9
169,   3, 27.91347064, 98.07896182,  99.9
170,   3, 27.89763283, 98.10222914,  99.9
171,   3, 27.88157563, 98.12580607,  99.9
172,   3, 27.86529596, 98.14969662,  99.9
173,   3, 27.84879069, 98.17390486,  99.9
174,   3, 27.83205663, 98.19843492,  99.9
175,   3, 27.81509058, 98.22329098,  99.9
176,   3, 27.79788925, 98.24847725,  99.9
177,   3, 27.78044934, 98.27399802,  99.9
178,   3, 27.76276748, 98.29985762,  99.9
179,   3, 27.74484026, 98.32606043,  99.9
180,   3, 27.72666422, 98.35261089,  99.9
181,   3, 27.70823585, 98.37951349,  99.9
182,   3, 27.68955158, 98.40677277,  99.9
183,   3, 27.67060780, 98.43439334,  99.9
184,   3, 27.65140084, 98.46237984,  99.9
185,   3, 27.63192699, 98.49073701,  99.9
186,   3, 27.61218246, 98.51946960,  99.9
187,   3, 27.59216344, 98.54858245,  99.9
188,   3, 27.57186604, 98.57808043,  99.9
189,   3, 27.55128631, 98.60796851,  99.9
190,   3, 27.53042026, 98.63825167,  99.9
191,   3, 27.50926383, 98.66893499,  99.9
  1,   4, 28.94646620, 96.52845658,  99.9
  2,   4, 28.94482911, 96.53088187,  99.9
  3,   4, 28.94316970, 96.53334009,  99.9
  4,   4, 28.94148766, 96.53583167,  99.9
  5,   4, 28.93978269, 96.53835707,  99.9
  6,   4, 28.93805448, 96.54091675,  99.9
  7,   4, 28.93630270, 96.54351118,  99.9
  8,   4, 28.93452703, 96.54614081,  99.9
  9,   4, 28.93272715, 96.54880613,  99.9
 10,   4, 28.93090273, 96.55150763,  99.9
 11,   4, 28.92905343, 96.55424578,  99.9
 12,   4, 28.92717891, 96.55702110,  99.9
 13,   4, 28.92527883, 96.55983407,  99.9
 14,   4, 28.92335283, 96.56268522,  99.9
 15,   4, 28.92140057, 96.56557505,  99.9
 16,   4, 28.91942168, 96.56850409,  99.9
 17,   4, 28.91741581, 96.57147287,  99.9
 18,   4, 28.91538257, 96.57448193,  99.9
 19,   4, 28.91332160, 96.57753182,  99.9
 20,   4, 28.91123252, 96.58062308,  99.9
 21,   4, 28.90911494, 96.58375627,  99.9
 22,   4, 28.90696848, 96.58693197,  99.9
 23,   4, 28.90479273, 96.59015075,  99.9
 24,   4, 28.90258730, 96.59341318,  99.9
 25,   4, 28.90035179, 96.59671987,  99.9
 26,   4, 28.89808577, 96.60007140,  99.9
 27,   4, 28.89578884, 96.60346839,  99.9
 28,   4, 28.89346057, 96.60691144,  99.9
 29,   4, 28.89110053, 96.61040119,  99.9
 30,   4, 28.88870829, 96.61393826,  99.9
 31,   4, 28.88628340, 96.61752330,  99.9
 32,   4, 28.88382542, 96.62115694,  99.9
 33,   4, 28.88133390, 96.62483985,  99.9
 34,   4, 28.87880838, 96.62857269,  99.9
 35,   4, 28.87624839, 96.63235614,  99.9
 36,   4, 28.87365346, 96.63619089,  99.9
 37,   4, 28.87102311, 96.64007761,  99.9
 38,   4, 28.86835686, 96.64401702,  99.9
 39,   4, 28.86565421, 96.64800983,  99.9
 40,   4, 28.86291467, 96.65205676,  99.9
 41,   4, 28.86013773, 96.65615854,  99.9
 42,   4, 28.85732288, 96.66031590,  99.9
 43,   4, 28.85446961, 96.66452961,  99.9
 44,   4, 28.85157737, 96.66880041,  99.9
 45,   4, 28.84864565, 96.67312909,  99.9
 46,   4, 28.84567390, 96.67751641,  99.9
 47,   4, 28.84266156, 96.68196318,  99.9
 48,   4, 28.83960809, 96.68647020,  99.9
 49,   4, 28.83651293, 96.69103827,  99.9
 50,   4, 28.83337549, 96.69566822,  99.9
 51,   4, 28.83019520, 96.70036089,  99.9
 52,   4, 28.82697147, 96.70511712,  99.9
 53,   4, 28.82370371, 96.70993777,  99.9
 54,   4, 28.82039132, 96.71482370,  99.9
 55,   4, 28.81703367, 96.71977580,  99.9
 56,   4, 28.81363016, 96.72479496,  99.9
 57,   4, 28.81018014, 96.72988207,  99.9
 58,   4, 28.80668300, 96.73503807,  99.9
 59,   4, 28.80313806, 96.74026387,  99.9
 60,   4, 28.79954469, 96.74556042,  99.9
 61,   4, 28.79590222, 96.75092867,  99.9
 62,   4, 28.79220997, 96.75636958,  99.9
 63,   4, 28.78846726, 96.76188413,  99.9
 64,   4, 28.78467340, 96.76747331,  99.9
 65,   4, 28.78082768, 96.77313814,  99.9
 66,   4, 28.77692939, 96.77887962,  99.9
 67,   4, 28.77297782, 96.78469879,  99.9
 68,   4, 28.76897222, 96.79059669,  99.9
 69,   4, 28.76491187, 96.79657438,  99.9
 70,   4, 28.76079600, 96.80263294,  99.9
 71,   4, 28.75662385, 96.80877345,  99.9
 72,   4, 28.75239465, 96.81499702,  99.9
 73,   4, 28.74810762, 96.82130476,  99.9
 74,   4, 28.74376196, 96.82769780,  99.9
 75,   4, 28.73935687, 96.83417729,  99.9
 76,   4, 28.73489152, 96.84074439,  99.9
 77,   4, 28.73036509, 96.84740028,  99.9
 78,   4, 28.72577675, 96.85414615,  99.9
 79,   4, 28.72112563, 96.86098321,  99.9
 80,   4, 28.71641088, 96.86791268,  99.9
 81,   4, 28.71163162, 96.87493581,  99.9
 82,   4, 28.70678696, 96.88205385,  99.9
 83,   4, 28.70187600, 96.88926807,  99.9
 84,   4, 28.69689784, 96.89657977,  99.9
 85,   4, 28.69185154, 96.90399026,  99.9
 86,   4, 28.68673617, 96.91150085,  99.9
 87,   4, 28.68155077, 96.91911289,  99.9
 88,   4, 28.67629439, 96.92682774,  99.9
 89,   4, 28.67096605, 96.93464678,  99.9
 90,   4, 28.66556474, 96.94257141,  99.9
 91,   4, 28.66008948, 96.95060304,  99.9
 92,   4, 28.65453924, 96.95874310,  99.9
 93,   4, 28.64891298, 96.96699305,  99.9
 94,   4, 28.64320967, 96.97535435,  99.9
 95,   4, 28.63742823, 96.98382851,  99.9
 96,   4, 28.63156759, 96.99241702,  99.9
 97,   4, 28.62562666, 97.00112142,  99.9
 98,   4, 28.61960433, 97.00994326,  99.9
 99,   4, 28.61349948, 97.01888411,  99.9
100,   4, 28.60731097, 97.02794556,  99.9
101,   4, 28.60103765, 97.03712923,  99.9
102,   4, 28.59467834, 97.04643674,  99.9
103,   4, 28.58823186, 97.05586976,  99.9
104,   4, 28.58169700, 97.06542995,  99.9
105,   4, 28.57507255, 97.07511903,  99.9
106,   4, 28.56835726, 97.08493870,  99.9
107,   4, 28.56154989, 97.09489071,  99.9
108,   4, 28.55464916, 97.10497684,  99.9
109,   4, 28.54765378, 97.11519886,  99.9
110,   4, 28.54056244, 97.12555859,  99.9
111,   4, 28.53337382, 97.13605786,  99.9
112,   4, 28.52608656, 97.14669855,  99.9
113,   4, 28.51869932, 97.15748252,  99.9
114,   4, 28.51121070, 97.16841170,  99.9
115,   4, 28.50361930, 97.17948801,  99.9
116,   4, 28.49592370, 97.19071341,  99.9
117,   4, 28.48812246, 97.20208990,  99.9
118,   4, 28.48021411, 97.21361947,  99.9
119,   4, 28.47219717, 97.22530417,  99.9
120,   4, 28.46407015, 97.23714605,  99.9
121,   4, 28.45583150, 97.24914722,  99.9
122,   4, 28.44747969, 97.26130978,  99.9
123,   4, 28.43901316, 97.27363589,  99.9
124,   4, 28.43043030, 97.28612770,  99.9
125,   4, 28.42172950, 97.29878743,  99.9
126,   4, 28.41290914, 97.31161730,  99.9
127,   4, 28.40396755, 97.32461958,  99.9
128,   4, 28.39490305, 97.33779653,  99.9
129,   4, 28.38571393, 97.35115050,  99.9
130,   4, 28.37639847, 97.36468381,  99.9
131,   4, 28.36695491, 97.37839884,  99.9
132,   4, 28.35738147, 97.39229801,  99.9
133,   4, 28.34767635, 97.40638375,  99.9
134,   4, 28.33783772, 97.42065853,  99.9
135,   4, 28.32786373, 97.43512486,  99.9
136,   4, 28.31775248, 97.44978526,  99.9
137,   4, 28.30750208, 97.46464230,  99.9
138,   4, 28.29711059, 97.47969857,  99.9
139,   4, 28.28657604, 97.49495672,  99.9
140,   4, 28.27589645, 97.51041941,  99.9
141,   4, 28.26506979, 97.52608934,  99.9
142,   4, 28.25409403, 97.54196923,  99.9
143,   4, 28.24296708, 97.55806187,  99.9
144,   4, 28.23168683, 97.57437005,  99.9
145,   4, 28.22025116, 97.59089661,  99.9
146,   4, 28.20865789, 97.60764444,  99.9
147,   4, 28.19690482, 97.62461644,  99.9
148,   4, 28.18498974, 97.64181557,  99.9
149,   4, 28.17291038, 97.65924481,  99.9
150,   4, 28.16066444, 97.67690718,  99.9
151,   4, 28.14824961, 97.69480575,  99.9
152,   4, 28.13566353, 97.71294363,  99.9
153,   4, 28.12290380, 97.73132395,  99.9
154,   4, 28.10996799, 97.74994990,  99.9
155,   4, 28.09685365, 97.76882469,  99.9
156,   4, 28.08355829, 97.78795159,  99.9
157,   4, 28.07007937, 97.80733390,  99.9
158,   4, 28.05641432, 97.82697497,  99.9
159,   4, 28.04256054, 97.84687817,  99.9
160,   4, 28.02851540, 97.86704695,  99.9
161,   4, 28.01427620, 97.88748478,  99.9
162,   4, 27.99984024, 97.90819516,  99.9
163,   4, 27.98520475, 97.92918166,  99.9
164,   4, 27.97036695, 97.95044787,  99.9
165,   4, 27.95532399, 97.97199746,  99.9
166,   4, 27.94007300, 97.99383411,  99.9
167,   4, 27.92461107, 98.01596157,  99.9
168,   4, 27.90893522, 98.03838361,  99.9
169,   4, 27.89304247, 98.06110408,  99.9
170,   4, 27.87692976, 98.08412686,  99.9
171,   4, 27.86059401, 98.10745586,  99.9
172,   4, 27.84403208, 98.13109507,  99.9
173,   4, 27.82724079, 98.15504853,  99.9
174,   4, 27.81021692, 98.17932029,  99.9
175,   4, 27.79295721, 98.20391449,  99.9
176,   4, 27.77545832, 98.22883531,  99.9
177,   4, 27.75771690, 98.25408697,  99.9
178,   4, 27.73972952, 98.27967375,  99.9
179,   4, 27.72149274, 98.30559999,  99.9
180,   4, 27.70300303, 98.33187007,  99.9
181,   4, 27.68425683, 98.35848842,  99.9
182,   4, 27.66525052, 98.38545955,  99.9
183,   4, 27.64598043, 98.41278799,  99.9
184,   4, 27.62644285, 98.44047836,  99.9
185,   4, 27.60663400, 98.46853530,  99.9
186,   4, 27.58655004, 98.49696353,  99.9
187,   4, 27.56618710, 98.52576783,  99.9
188,   4, 27.54554123, 98.55495301,  99.9
189,   4, 27.52460842, 98.58452397,  99.9
190,   4, 27.50338464, 98.61448566,  99.9
191,   4, 27.48186575, 98.64484307,  99.9
  1,   5, 28.94435817, 96.52659191,  99.9
  2,   5, 28.94269242, 96.52899181,  99.9
  3,   5, 28.94100397, 96.53142429,  99.9
  4,   5, 28.93929250, 96.53388979,  99.9
  5,   5, 28.93755770, 96.53638875,  99.9
  6,   5, 28.93579925, 96.53892163,  99.9
  7,   5, 28.93401682, 96.54148888,  99.9
  8,   5, 28.93221009, 96.54409098,  99.9
  9,   5, 28.93037873, 96.54672839,  99.9
 10,   5, 28.92852239, 96.54940159,  99.9
 11,   5, 28.92664075, 96.55211106,  99.9
 12,   5, 28.92473344, 96.55485731,  99.9
 13,   5, 28.92280013, 96.55764082,  99.9
 14,   5, 28.92084045, 96.56046209,  99.9
 15,   5, 28.91885406, 96.56332165,  99.9
 16,   5, 28.91684057, 96.56622000,  99.9
 17,   5, 28.91479962, 96.56915768,  99.9
 18,   5, 28.91273084, 96.57213521,  99.9
 19,   5, 28.91063384, 96.57515314,  99.9
 20,   5, 28.90850824, 96.57821200,  99.9
 21,   5, 28.90635365, 96.58131236,  99.9
 22,   5, 28.90416967, 96.58445477,  99.9
 23,   5, 28.90195590, 96.58763981,  99.9
 24,   5, 28.89971193, 96.59086805,  99.9
 25,   5, 28.89743736, 96.59414006,  99.9
 26,   5, 28.89513175, 96.59745646,  99.9
 27,   5, 28.89279469, 96.60081783,  99.9
 28,   5, 28.89042574, 96.60422479,  99.9
 29,   5, 28.88802448, 96.60767794,  99.9
 30,   5, 28.88559045, 96.61117792,  99.9
 31,   5, 28.88312321, 96.61472535,  99.9
 32,   5, 28.88062231, 96.61832088,  99.9
 33,   5, 28.87808728, 96.62196516,  99.9
 34,   5, 28.87551767, 96.62565885,  99.9
 35,   5, 28.87291298, 96.62940261,  99.9
 36,   5, 28.87027275, 96.63319712,  99.9
 37,   5, 28.86759649, 96.63704306,  99.9
 38,   5, 28.86488370, 96.64094114,  99.9
 39,   5, 28.86213388, 96.64489204,  99.9
 40,   5, 28.85934654, 96.64889650,  99.9
 41,   5, 28.85652114, 96.65295522,  99.9
 42,   5, 28.85365718, 96.65706894,  99.9
 43,   5, 28.85075413, 96.66123841,  99.9
 44,   5, 28.84781144, 96.66546438,  99.9
 45,   5, 28.84482858, 96.66974761,  99.9
 46,   5, 28.84180500, 96.67408886,  99.9
 47,   5, 28.83874014, 96.67848893,  99.9
 48,   5, 28.83563342, 96.68294861,  99.9
 49,   5, 28.83248429, 96.68746870,  99.9
 50,   5, 28.82929216, 96.69205002,  99.9
 51,   5, 28.82605643, 96.69669339,  99.9
 52,   5, 28.82277652, 96.70139964,  99.9
 53,   5, 28.81945181, 96.70616964,  99.9
 54,   5, 28.81608170, 96.71100422,  99.9
 55,   5, 28.81266555, 96.71590428,  99.9
 56,   5, 28.80920274, 96.72087068,  99.9
 57,   5, 28.80569263, 96.72590432,  99.9
 58,   5, 28.80213458, 96.73100611,  99.9
 59,   5, 28.79852791, 96.73617697,  99.9
 60,   5, 28.79487197, 96.74141782,  99.9
 61,   5, 28.79116608, 96.74672961,  99.9
 62,   5, 28.78740955, 96.75211329,  99.9
 63,   5, 28.78360169, 96.75756984,  99.9
 64,   5, 28.77974180, 96.76310023,  99.9
 65,   5, 28.77582916, 96.76870545,  99.9
 66,   5, 28.77186305, 96.77438651,  99.9
 67,   5, 28.76784273, 96.78014444,  99.9
 68,   5, 28.76376746, 96.78598027,  99.9
 69,   5, 28.75963649, 96.79189503,  99.9
 70,   5, 28.75544905, 96.79788981,  99.9
 71,   5, 28.75120436, 96.80396567,  99.9
 72,   5, 28.74690164, 96.81012370,  99.9
 73,   5, 28.74254009, 96.81636501,  99.9
 74,   5, 28.73811890, 96.82269071,  99.9
 75,   5, 28.73363726, 96.82910194,  99.9
 76,   5, 28.72909433, 96.83559985,  99.9
 77,   5, 28.72448928, 96.84218561,  99.9
 78,   5, 28.71982124, 96.84886038,  99.9
 79,   5, 28.71508935, 96.85562538,  99.9
 80,   5, 28.71029274, 96.86248180,  99.9
 81,   5, 28.70543050, 96.86943088,  99.9
 82,   5, 28.70050176, 96.87647386,  99.9
 83,   5, 28.69550557, 96.88361200,  99.9
 84,   5, 28.69044103, 96.89084658,  99.9
 85,   5, 28.68530719, 96.89817888,  99.9
 86,   5, 28.68010309, 96.90561023,  99.9
 87,   5, 28.67482776, 96.91314194,  99.9
 88,   5, 28.66948024, 96.92077537,  99.9
 89,   5, 28.66405952, 96.92851188,  99.9
 90,   5, 28.65856460, 96.93635284,  99.9
 91,   5, 28.65299445, 96.94429966,  99.9
 92,   5, 28.64734805, 96.95235375,   3.7
 93,   5, 28.64162433, 96.96051655,  99.9
 94,   5, 28.63582223, 96.96878952,  99.9
 95,   5, 28.62994068, 96.97717413,  99.9
 96,   5, 28.62397858, 96.98567188,  99.9
 97,   5, 28.61793482, 96.99428427,  99.9
 98,   5, 28.61180827, 97.00301285,  99.9
 99,   5, 28.60559779, 97.01185916,  99.9
100,   5, 28.59930223, 97.02082478,  99.9
101,   5, 28.59292041, 97.02991130,  99.9
102,   5, 28.58645114, 97.03912034,  99.9
103,   5, 28.57989322, 97.04845354,  99.9
104,   5, 28.57324542, 97.05791255,  99.9
105,   5, 28.56650650, 97.06749906,  99.9
106,   5, 28.55967520, 97.07721476,  99.9
107,   5, 28.55275026, 97.08706138,  99.9
108,   5, 28.54573037, 97.09704067,  99.9
109,   5, 28.53861422, 97.10715439,  99.9
110,   5, 28.53140050, 97.11740435,  99.9
111,   5, 28.52408783, 97.12779234,  99.9
112,   5, 28.51667487, 97.13832022,  99.9
113,   5, 28.50916022, 97.14898985,  99.9
114,   5, 28.50154249, 97.15980312,  99.9
115,   5, 28.49382023, 97.17076193,  99.9
116,   5, 28.48599201, 97.18186823,  99.9
117,   5, 28.47805637, 97.19312398,  99.9
118,   5, 28.47001181, 97.20453117,  99.9
119,   5, 28.46185683, 97.21609180,  99.9
120,   5, 28.45358990, 97.22780793,  99.9
121,   5, 28.44520947, 97.23968161,  99.9
122,   5, 28.43671397, 97.25171495,  99.9
123,   5, 28.42810181, 97.26391005,  99.9
124,   5, 28.41937137, 97.27626908,  99.9
125,   5, 28.41052101, 97.28879420,  99.9
126,   5, 28.40154908, 97.30148761,  99.9
127,   5, 28.39245388, 97.31435156,  99.9
128,   5, 28.38323370, 97.32738831,  99.9
129,   5, 28.37388682, 97.34060013,  99.9
130,   5, 28.36441147, 97.35398936,  99.9
131,   5, 28.35480588, 97.36755833,  99.9
132,   5, 28.34506824, 97.38130944,  99.9
133,   5, 28.33519670, 97.39524510,  99.9
134,   5, 28.32518943, 97.40936773,  99.9
135,   5, 28.31504453, 97.42367983,  99.9
136,   5, 28.30476008, 97.43818388,  99.9
137,   5, 28.29433416, 97.45288243,  99.9
138,   5, 28.28376479, 97.46777805,  99.9
139,   5, 28.27304998, 97.48287334,  99.9
140,   5, 28.26218771, 97.49817094,  99.9
141,   5, 28.25117592, 97.51367351,  99.9
142,   5, 28.24001255, 97.52938375,  99.9
143,   5, 28.22869548, 97.54530441,  99.9
144,   5, 28.21722257, 97.56143826,  99.9
145,   5, 28.20559164, 97.57778810,  99.9
146,   5, 28.19380051, 97.59435678,  99.9
147,   5, 28.18184694, 97.61114717,  99.9
148,   5, 28.16972867, 97.62816220,  99.9
149,   5, 28.15744340, 97.64540482,  99.9
150,   5, 28.14498880, 97.66287801,  99.9
151,   5, 28.13236251, 97.68058481,  99.9
152,   5, 28.11956214, 97.69852828,  99.9
153,   5, 28.10658527, 97.71671152,  99.9
154,   5, 28.09342942, 97.73513769,  99.9
155,   5, 28.08009209, 97.75380996,  99.9
156,   5, 28.06657077, 97.77273156,  99.9
157,   5, 28.05286286, 97.79190575,  99.9
158,   5, 28.03896578, 97.81133584,  99.9
159,   5, 28.02487687, 97.83102518,  99.9
160,   5, 28.01059345, 97.85097716,  99.9
161,   5, 27.99611281, 97.87119520,  99.9
162,   5, 27.98143218, 97.89168278,  99.9
163,   5, 27.96654876, 97.91244342,  99.9
164,   5, 27.95145973, 97.93348068,  99.9
165,   5, 27.93616219, 97.95479816,  99.9
166,   5, 27.92065323, 97.97639952,  99.9
167,   5, 27.90492989, 97.99828846,  99.9
168,   5, 27.88898916, 98.02046871,  99.9
169,   5, 27.87282800, 98.04294405,  99.9
170,   5, 27.85644332, 98.06571834,  99.9
171,   5, 27.83983197, 98.08879545,  99.9
172,   5, 27.82299078, 98.11217930,  99.9
173,   5, 27.80591653, 98.13587389,  99.9
174,   5, 27.78860593, 98.15988322,  99.9
175,   5, 27.77105568, 98.18421140,  99.9
176,   5, 27.75326240, 98.20886253,  99.9
177,   5, 27.73522268, 98.23384080,  99.9
178,   5, 27.71693306, 98.25915043,  99.9
179,   5, 27.69839001, 98.28479571,  99.9
180,   5, 27.67958998, 98.31078097,  99.9
181,   5, 27.66052934, 98.33711060,  99.9
182,   5, 27.64120443, 98.36378902,  99.9
183,   5, 27.62161153, 98.39082074,  99.9
184,   5, 27.60174686, 98.41821030,  99.9
185,   5, 27.58160659, 98.44596231,  99.9
186,   5, 27.56118683, 98.47408141,  99.9
187,   5, 27.54048365, 98.50257232,  99.9
188,   5, 27.51949305, 98.53143982,  99.9
189,   5, 27.49821096, 98.56068873,  99.9
190,   5, 27.47663327, 98.59032393,  99.9
191,   5, 27.45475581, 98.62035037,  99.9
  1,   6, 28.94227246, 96.52469510,  99.9
  2,   6, 28.94057837, 96.52706918,  99.9
  3,   6, 28.93886119, 96.52947548,  99.9
  4,   6, 28.93712060, 96.53191444,  99.9
  5,   6, 28.93535628, 96.53438651,  99.9
  6,   6, 28.93356791, 96.53689212,  99.9
  7,   6, 28.93175516, 96.53943174,  99.9
  8,   6, 28.92991770, 96.54200583,  99.9
  9,   6, 28.92805518, 96.54461485,  99.9
 10,   6, 28.92616728, 96.54725927,  99.9
 11,   6, 28.92425363, 96.54993958,  99.9
 12,   6, 28.92231389, 96.55265625,  99.9
 13,   6, 28.92034770, 96.55540979,  99.9
 14,   6, 28.91835470, 96.55820069,  99.9
 15,   6, 28.91633453, 96.56102945,  99.9
 16,   6, 28.91428680, 96.56389659,  99.9
 17,   6, 28.91221116, 96.56680263,  99.9
 18,   6, 28.91010721, 96.56974810,  99.9
 19,   6, 28.90797456, 96.57273351,  99.9
 20,   6, 28.90581284, 96.57575943,  99.9
 21,   6, 28.90362163, 96.57882639,  99.9
 22,   6, 28.90140053, 96.58193495,  99.9
 23,   6, 28.89914914, 96.58508567,  99.9
 24,   6, 28.89686704, 96.58827913,  99.9
 25,   6, 28.89455382, 96.59151589,  99.9
 26,   6, 28.89220904, 96.59479655,  99.9
 27,   6, 28.88983228, 96.59812169,  99.9
 28,   6, 28.88742309, 96.60149193,  99.9
 29,   6, 28.88498104, 96.60490787,  99.9
 30,   6, 28.88250567, 96.60837012,  99.9
 31,   6, 28.87999654, 96.61187931,  99.9
 32,   6, 28.87745317, 96.61543608,  99.9
 33,   6, 28.87487510, 96.61904107,  99.9
 34,   6, 28.87226185, 96.62269493,  99.9
 35,   6, 28.86961294, 96.62639833,  99.9
 36,   6, 28.86692789, 96.63015192,  99.9
 37,   6, 28.86420620, 96.63395638,  99.9
 38,   6, 28.86144737, 96.63781241,  99.9
 39,   6, 28.85865089, 96.64172071,  99.9
 40,   6, 28.85581625, 96.64568196,  99.9
 41,   6, 28.85294291, 96.64969690,  99.9
 42,   6, 28.85003037, 96.65376624,  99.9
 43,   6, 28.84707806, 96.65789073,  99.9
 44,   6, 28.84408546, 96.66207109,  99.9
 45,   6, 28.84105201, 96.66630809,  99.9
 46,   6, 28.83797715, 96.67060250,  99.9
 47,   6, 28.83486031, 96.67495508,  99.9
 48,   6, 28.83170093, 96.67936662,  99.9
 49,   6, 28.82849840, 96.68383791,  99.9
 50,   6, 28.82525216, 96.68836977,  99.9
 51,   6, 28.82196159, 96.69296300,  99.9
 52,   6, 28.81862609, 96.69761843,  99.9
 53,   6, 28.81524504, 96.70233691,  99.9
 54,   6, 28.81181782, 96.70711928,  99.9
 55,   6, 28.80834379, 96.71196641,  99.9
 56,   6, 28.80482232, 96.71687916,  99.9
 57,   6, 28.80125276, 96.72185842,  99.9
 58,   6, 28.79763444, 96.72690509,  99.9
 59,   6, 28.79396670, 96.73202007,  99.9
 60,   6, 28.79024885, 96.73720428,  99.9
 61,   6, 28.78648022, 96.74245866,  99.9
 62,   6, 28.78266010, 96.74778415,  99.9
 63,   6, 28.77878779, 96.75318171,  99.9
 64,   6, 28.77486258, 96.75865230,  99.9
 65,   6, 28.77088373, 96.76419692,  99.9
 66,   6, 28.76685051, 96.76981654,  99.9
 67,   6, 28.76276218, 96.77551220,  99.9
 68,   6, 28.75861798, 96.78128490,  99.9
 69,   6, 28.75441715, 96.78713568,  99.9
 70,   6, 28.75015889, 96.79306560,  99.9
 71,   6, 28.74584244, 96.79907572,  99.9
 72,   6, 28.74146698, 96.80516710,  99.9
 73,   6, 28.73703171, 96.81134086,  99.9
 74,   6, 28.73253580, 96.81759809,  99.9
 75,   6, 28.72797843, 96.82393991,  99.9
 76,   6, 28.72335875, 96.83036747,  99.9
 77,   6, 28.71867590, 96.83688191,  99.9
 78,   6, 28.71392902, 96.84348440,  99.9
 79,   6, 28.70911723, 96.85017612,  99.9
 80,   6, 28.70423962, 96.85695826,  99.9
 81,   6, 28.69929531, 96.86383205,  99.9
 82,   6, 28.69428337, 96.87079872,  99.9
 83,   6, 28.68920287, 96.87785950,  99.9
 84,   6, 28.68405287, 96.88501566,  99.9
 85,   6, 28.67883242, 96.89226848,  99.9
 86,   6, 28.67354054, 96.89961925,  99.9
 87,   6, 28.66817625, 96.90706929,  99.9
 88,   6, 28.66273856, 96.91461993,  99.9
 89,   6, 28.65722646, 96.92227251,  99.9
 90,   6, 28.65163892, 96.93002841,  99.9
 91,   6, 28.64597490, 96.93788900,  99.9
 92,   6, 28.64023336, 96.94585569,   3.7
 93,   6, 28.63441322, 96.95392989,  99.9
 94,   6, 28.62851340, 96.96211305,  99.9
 95,   6, 28.62253281, 96.97040663,  99.9
 96,   6, 28.61647033, 96.97881209,  99.9
 97,   6, 28.61032484, 96.98733095,  99.9
 98,   6, 28.60409518, 96.99596470,  99.9
 99,   6, 28.59778021, 97.00471490,  99.9
100,   6, 28.59137875, 97.01358309,  99.9
101,   6, 28.58488959, 97.02257086,  99.9
102,   6, 28.57831154, 97.03167979,  99.9
103,   6, 28.57164337, 97.04091151,  99.9
104,   6, 28.56488384, 97.05026766,  99.9
105,   6, 28.55803168, 97.05974990,  99.9
106,   6, 28.55108562, 97.06935990,  99.9
107,   6, 28.54404437, 97.07909939,  99.9
108,   6, 28.53690660, 97.08897007,  99.9
109,   6, 28.52967099, 97.09897371,  99.9
110,   6, 28.52233618, 97.10911206,  99.9
111,   6, 28.51490081, 97.11938694,  99.9
112,   6, 28.50736349, 97.12980016,  99.9
113,   6, 28.49972281, 97.14035355,  99.9
114,   6, 28.49197734, 97.15104900,  99.9
115,   6, 28.48412563, 97.16188838,  99.9
116,   6, 28.47616622, 97.17287361,  99.9
117,   6, 28.46809762, 97.18400663,  99.9
118,   6, 28.45991831, 97.19528942,  99.9
119,   6, 28.45162677, 97.20672395,  99.9
120,   6, 28.44322144, 97.21831225,  99.9
121,   6, 28.43470076, 97.23005636,  99.9
122,   6, 28.42606312, 97.24195834,  99.9
123,   6, 28.41730690, 97.25402030,  99.9
124,   6, 28.40843047, 97.26624436,  99.9
125,   6, 28.39943216, 97.27863267,  99.9
126,   6, 28.39031028, 97.29118740,  99.9
127,   6, 28.38106312, 97.30391076,  99.9
128,   6, 28.37168895, 97.31680500,  99.9
129,   6, 28.36218600, 97.32987237,  99.9
130,   6, 28.35255249, 97.34311516,  99.9
131,   6, 28.34278662, 97.35653570,  99.9
132,   6, 28.33288654, 97.37013634,  99.9
133,   6, 28.32285039, 97.38391946,  99.9
134,   6, 28.31267629, 97.39788748,  99.9
135,   6, 28.30236232, 97.41204284,  99.9
136,   6, 28.29190655, 97.42638801,  99.9
137,   6, 28.28130700, 97.44092551,  99.9
138,   6, 28.27056167, 97.45565787,  99.9
139,   6, 28.25966855, 97.47058767,  99.9
140,   6, 28.24862557, 97.48571750,  99.9
141,   6, 28.23743067, 97.50105001,  99.9
142,   6, 28.22608171, 97.51658787,  99.9
143,   6, 28.21457658, 97.53233378,  99.9
144,   6, 28.20291308, 97.54829048,  99.9
145,   6, 28.19108903, 97.56446075,  99.9
146,   6, 28.17910218, 97.58084740,  99.9
147,   6, 28.16695027, 97.59745328,  99.9
148,   6, 28.15463101, 97.61428126,  99.9
149,   6, 28.14214205, 97.63133426,  99.9
150,   6, 28.12948105, 97.64861524,  99.9
151,   6, 28.11664561, 97.66612720,  99.9
152,   6, 28.10363328, 97.68387315,  99.9
153,   6, 28.09044162, 97.70185618,  99.9
154,   6, 28.07706811, 97.72007938,  99.9
155,   6, 28.06351022, 97.73854591,  99.9
156,   6, 28.04976538, 97.75725894,  99.9
157,   6, 28.03583099, 97.77622171,  99.9
158,   6, 28.02170439, 97.79543748,  99.9
159,   6, 28.00738290, 97.81490956,  99.9
160,   6, 27.99286380, 97.83464130,  99.9
161,   6, 27.97814434, 97.85463609,  99.9
162,   6, 27.96322170, 97.87489735,  99.9
163,   6, 27.94809306, 97.89542857,  99.9
164,   6, 27.93275553, 97.91623326,  99.9
165,   6, 27.91720618, 97.93731500,  99.9
166,   6, 27.90144207, 97.95867737,  99.9
167,   6, 27.88546017, 97.98032404,  99.9
168,   6, 27.86925745, 98.00225870,  99.9
169,   6, 27.85283081, 98.02448510,  99.9
170,   6, 27.83617712, 98.04700702,  99.9
171,   6, 27.81929319, 98.06982829,  99.9
172,   6, 27.80217579, 98.09295281,  99.9
173,   6, 27.78482166, 98.11638450,  99.9
174,   6, 27.76722748, 98.14012734,  99.9
175,   6, 27.74938987, 98.16418535,  99.9
176,   6, 27.73130542, 98.18856262,  99.9
177,   6, 27.71297067, 98.21326327,  99.9
178,   6, 27.69438210, 98.23829148,  99.9
179,   6, 27.67553614, 98.26365147,  99.9
180,   6, 27.65642919, 98.28934753,  99.9
181,   6, 27.63705757, 98.31538398,  99.9
182,   6, 27.61741755, 98.34176521,  99.9
183,   6, 27.59750538, 98.36849566,  99.9
184,   6, 27.57731721, 98.39557982,  99.9
185,   6, 27.55684916, 98.42302222,  99.9
186,   6, 27.53609729, 98.45082748,  99.9
187,   6, 27.51505761, 98.47900025,  99.9
188,   6, 27.49372606, 98.50754523,  99.9
189,   6, 27.47209853, 98.53646720,  99.9
190,   6, 27.45017084, 98.56577097,  99.9
191,   6, 27.42793876, 98.59546143,  99.9
  1,   7, 28.94020947, 96.52276650,  99.9
  2,   7, 28.93848734, 96.52511432,  99.9
  3,   7, 28.93674174, 96.52749401,  99.9
  4,   7, 28.93497235, 96.52990599,  99.9
  5,   7, 28.93317884, 96.53235071,  99.9
  6,   7, 28.93136088, 96.53482861,  99.9
  7,   7, 28.92951814, 96.53734014,  99.9
  8,   7, 28.92765027, 96.53988575,  99.9
  9,   7, 28.92575695, 96.54246591,  99.9
 10,   7, 28.92383781, 96.54508107,  99.9
 11,   7, 28.92189251, 96.54773172,  99.9
 12,   7, 28.91992069, 96.55041834,  99.9
 13,   7, 28.91792198, 96.55314141,  99.9
 14,   7, 28.91589602, 96.55590142,  99.9
 15,   7, 28.91384244, 96.55869888,  99.9
 16,   7, 28.91176086, 96.56153429,  99.9
 17,   7, 28.90965090, 96.56440816,  99.9
 18,   7, 28.90751216, 96.56732102,  99.9
 19,   7, 28.90534426, 96.57027340,  99.9
 20,   7, 28.90314680, 96.57326582,  99.9
 21,   7, 28.90091937, 96.57629882,  99.9
 22,   7, 28.89866156, 96.57937297,  99.9
 23,   7, 28.89637296, 96.58248880,  99.9
 24,   7, 28.89405315, 96.58564690,  99.9
 25,   7, 28.89170170, 96.58884782,  99.9
 26,   7, 28.88931818, 96.59209215,  99.9
 27,   7, 28.88690215, 96.59538047,  99.9
 28,   7, 28.88445316, 96.59871338,  99.9
 29,   7, 28.88197077, 96.60209148,  99.9
 30,   7, 28.87945452, 96.60551538,  99.9
 31,   7, 28.87690394, 96.60898570,  99.9
 32,   7, 28.87431856, 96.61250307,  99.9
 33,   7, 28.87169792, 96.61606811,  99.9
 34,   7, 28.86904152, 96.61968149,  99.9
 35,   7, 28.86634888, 96.62334384,  99.9
 36,   7, 28.86361950, 96.62705584,  99.9
 37,   7, 28.86085288, 96.63081814,  99.9
 38,   7, 28.85804851, 96.63463143,  99.9
 39,   7, 28.85520587, 96.63849641,  99.9
 40,   7, 28.85232445, 96.64241375,  99.9
 41,   7, 28.84940370, 96.64638418,  99.9
 42,   7, 28.84644309, 96.65040841,  99.9
 43,   7, 28.84344208, 96.65448716,  99.9
 44,   7, 28.84040011, 96.65862117,  99.9
 45,   7, 28.83731662, 96.66281118,  99.9
 46,   7, 28.83419104, 96.66705796,  99.9
 47,   7, 28.83102280, 96.67136226,  99.9
 48,   7, 28.82781132, 96.67572487,  99.9
 49,   7, 28.82455599, 96.68014656,  99.9
 50,   7, 28.82125622, 96.68462814,  99.9
 51,   7, 28.81791140, 96.68917040,  99.9
 52,   7, 28.81452092, 96.69377418,  99.9
 53,   7, 28.81108415, 96.69844030,  99.9
 54,   7, 28.80760045, 96.70316959,  99.9
 55,   7, 28.80406918, 96.70796292,  99.9
 56,   7, 28.80048969, 96.71282114,  99.9
 57,   7, 28.79686132, 96.71774512,  99.9
 58,   7, 28.79318340, 96.72273576,  99.9
 59,   7, 28.78945525, 96.72779394,  99.9
 60,   7, 28.78567618, 96.73292058,  99.9
 61,   7, 28.78184549, 96.73811661,  99.9
 62,   7, 28.77796248, 96.74338295,  99.9
 63,   7, 28.77402643, 96.74872054,  99.9
 64,   7, 28.77003660, 96.75413036,  99.9
 65,   7, 28.76599227, 96.75961337,  99.9
 66,   7, 28.76189269, 96.76517055,  99.9
 67,   7, 28.75773709, 96.77080291,  99.9
 68,   7, 28.75352472, 96.77651145,  99.9
 69,   7, 28.74925478, 96.78229720,  99.9
 70,   7, 28.74492649, 96.78816120,  99.9
 71,   7, 28.74053906, 96.79410449,  99.9
 72,   7, 28.73609166, 96.80012814,  99.9
 73,   7, 28.73158347, 96.80623324,  99.9
 74,   7, 28.72701367, 96.81242088,  99.9
 75,   7, 28.72238140, 96.81869216,  99.9
 76,   7, 28.71768581, 96.82504821,  99.9
 77,   7, 28.71292603, 96.83149017,  99.9
 78,   7, 28.70810117, 96.83801918,  99.9
 79,   7, 28.70321034, 96.84463643,  99.9
 80,   7, 28.69825264, 96.85134309,  99.9
 81,   7, 28.69322714, 96.85814036,  99.9
 82,   7, 28.68813292, 96.86502946,  99.9
 83,   7, 28.68296903, 96.87201161,  99.9
 84,   7, 28.67773452, 96.87908808,  99.9
 85,   7, 28.67242841, 96.88626011,  99.9
 86,   7, 28.66704971, 96.89352900,  99.9
 87,   7, 28.66159744, 96.90089604,  99.9
 88,   7, 28.65607057, 96.90836254,  99.9
 89,   7, 28.65046809, 96.91592984,  99.9
 90,   7, 28.64478895, 96.92359929,  99.9
 91,   7, 28.63903209, 96.93137225,  99.9
 92,   7, 28.63319646, 96.93925012,   3.6
 93,   7, 28.62728096, 96.94723428,   3.6
 94,   7, 28.62128450, 96.95532618,  99.9
 95,   7, 28.61520595, 96.96352724,  99.9
 96,   7, 28.60904420, 96.97183893,  99.9
 97,   7, 28.60279809, 96.98026272,  99.9
 98,   7, 28.59646647, 96.98880012,  99.9
 99,   7, 28.59004815, 96.99745265,  99.9
100,   7, 28.58354195, 97.00622184,  99.9
101,   7, 28.57694665, 97.01510925,  99.9
102,   7, 28.57026101, 97.02411645,  99.9
103,   7, 28.56348381, 97.03324506,  99.9
104,   7, 28.55661378, 97.04249668,  99.9
105,   7, 28.54964963, 97.05187297,  99.9
106,   7, 28.54259007, 97.06137558,  99.9
107,   7, 28.53543378, 97.07100619,  99.9
108,   7, 28.52817943, 97.08076652,  99.9
109,   7, 28.52082567, 97.09065830,  99.9
110,   7, 28.51337112, 97.10068327,  99.9
111,   7, 28.50581440, 97.11084321,  99.9
112,   7, 28.49815409, 97.12113992,  99.9
113,   7, 28.49038877, 97.13157521,  99.9
114,   7, 28.48251697, 97.14215094,  99.9
115,   7, 28.47453725, 97.15286897,  99.9
116,   7, 28.46644809, 97.16373120,  99.9
117,   7, 28.45824800, 97.17473953,  99.9
118,   7, 28.44993543, 97.18589593,  99.9
119,   7, 28.44150884, 97.19720234,  99.9
120,   7, 28.43296665, 97.20866077,  99.9
121,   7, 28.42430725, 97.22027323,  99.9
122,   7, 28.41552904, 97.23204177,  99.9
123,   7, 28.40663036, 97.24396846,  99.9
124,   7, 28.39760955, 97.25605540,  99.9
125,   7, 28.38846493, 97.26830471,  99.9
126,   7, 28.37919476, 97.28071855,  99.9
127,   7, 28.36979733, 97.29329910,  99.9
128,   7, 28.36027087, 97.30604856,  99.9
129,   7, 28.35061358, 97.31896918,  99.9
130,   7, 28.34082366, 97.33206322,  99.9
131,   7, 28.33089928, 97.34533297,  99.9
132,   7, 28.32083856, 97.35878075,  99.9
133,   7, 28.31063962, 97.37240893,  99.9
134,   7, 28.30030055, 97.38621989,  99.9
135,   7, 28.28981939, 97.40021604,  99.9
136,   7, 28.27919419, 97.41439983,  99.9
137,   7, 28.26842293, 97.42877373,  99.9
138,   7, 28.25750360, 97.44334026,  99.9
139,   7, 28.24643414, 97.45810196,  99.9
140,   7, 28.23521247, 97.47306139,  99.9
141,   7, 28.22383647, 97.48822117,  99.9
142,   7, 28.21230400, 97.50358393,  99.9
143,   7, 28.20061289, 97.51915235,  99.9
144,   7, 28.18876093, 97.53492914,  99.9
145,   7, 28.17674589, 97.55091704,  99.9
146,   7, 28.16456550, 97.56711881,  99.9
147,   7, 28.15221746, 97.58353728,  99.9
148,   7, 28.13969944, 97.60017530,  99.9
149,   7, 28.12700908, 97.61703573,  99.9
150,   7, 28.11414398, 97.63412151,  99.9
151,   7, 28.10110170, 97.65143559,  99.9
152,   7, 28.08787978, 97.66898097,  99.9
153,   7, 28.07447571, 97.68676066,  99.9
154,   7, 28.06088697, 97.70477776,  99.9
155,   7, 28.04711098, 97.72303535,  99.9
156,   7, 28.03314513, 97.74153660,  99.9
157,   7, 28.01898676, 97.76028468,  99.9
158,   7, 28.00463321, 97.77928282,  99.9
159,   7, 27.99008174, 97.79853430,  99.9
160,   7, 27.97532960, 97.81804240,  99.9
161,   7, 27.96037398, 97.83781050,  99.9
162,   7, 27.94521204, 97.85784197,  99.9
163,   7, 27.92984091, 97.87814025,  99.9
164,   7, 27.91425766, 97.89870882,  99.9
165,   7, 27.89845933, 97.91955119,  99.9
166,   7, 27.88244291, 97.94067093,  99.9
167,   7, 27.86620536, 97.96207164,  99.9
168,   7, 27.84974358, 97.98375697,  99.9
169,   7, 27.83305443, 98.00573063,  99.9
170,   7, 27.81613474, 98.02799634,  99.9
171,   7, 27.79898128, 98.05055790,  99.9
172,   7, 27.78159078, 98.07341915,  99.9
173,   7, 27.76395992, 98.09658397,  99.9
174,   7, 27.74608532, 98.12005628,  99.9
175,   7, 27.72796358, 98.14384006,  99.9
176,   7, 27.70959123, 98.16793934,  99.9
177,   7, 27.69096477, 98.19235819,  99.9
178,   7, 27.67208061, 98.21710074,  99.9
179,   7, 27.65293516, 98.24217117,  99.9
180,   7, 27.63352473, 98.26757369,  99.9
181,   7, 27.61384563, 98.29331259,  99.9
182,   7, 27.59389406, 98.31939219,  99.9
183,   7, 27.57366620, 98.34581688,  99.9
184,   7, 27.55315818, 98.37259109,  99.9
185,   7, 27.53236605, 98.39971930,  99.9
186,   7, 27.51128582, 98.42720606,  99.9
187,   7, 27.48991344, 98.45505597,  99.9
188,   7, 27.46824479, 98.48327367,  99.9
189,   7, 27.44627571, 98.51186387,  99.9
190,   7, 27.42400197, 98.54083133,  99.9
191,   7, 27.40141928, 98.57018088,  99.9
  1,   8, 28.93816956, 96.52080645,  99.9
  2,   8, 28.93641971, 96.52312759,  99.9
  3,   8, 28.93464601, 96.52548024,  99.9
  4,   8, 28.93284814, 96.52786481,  99.9
  5,   8, 28.93102576, 96.53028175,  99.9
  6,   8, 28.92917854, 96.53273148,  99.9
  7,   8, 28.92730615, 96.53521446,  99.9
  8,   8, 28.92540823, 96.53773113,  99.9
  9,   8, 28.92348444, 96.54028196,  99.9
 10,   8, 28.92153442, 96.54286739,  99.9
 11,   8, 28.91955782, 96.54548790,  99.9
 12,   8, 28.91755427, 96.54814397,  99.9
 13,   8, 28.91552342, 96.55083608,  99.9
 14,   8, 28.91346487, 96.55356471,  99.9
 15,   8, 28.91137826, 96.55633036,  99.9
 16,   8, 28.90926320, 96.55913352,  99.9
 17,   8, 28.90711930, 96.56197471,  99.9
 18,   8, 28.90494617, 96.56485444,  99.9
 19,   8, 28.90274341, 96.56777323,  99.9
 20,   8, 28.90051061, 96.57073161,  99.9
 21,   8, 28.89824737, 96.57373012,  99.9
 22,   8, 28.89595326, 96.57676929,  99.9
 23,   8, 28.89362787, 96.57984968,  99.9
 24,   8, 28.89127077, 96.58297184,  99.9
 25,   8, 28.88888153, 96.58613634,  99.9
 26,   8, 28.88645970, 96.58934375,  99.9
 27,   8, 28.88400484, 96.59259466,  99.9
 28,   8, 28.88151649, 96.59588964,  99.9
 29,   8, 28.87899421, 96.59922929,  99.9
 30,   8, 28.87643753, 96.60261422,  99.9
 31,   8, 28.87384597, 96.60604504,  99.9
 32,   8, 28.87121907, 96.60952237,  99.9
 33,   8, 28.86855632, 96.61304683,  99.9
 34,   8, 28.86585726, 96.61661907,  99.9
 35,   8, 28.86312137, 96.62023972,  99.9
 36,   8, 28.86034816, 96.62390945,  99.9
 37,   8, 28.85753712, 96.62762891,  99.9
 38,   8, 28.85468772, 96.63139878,  99.9
 39,   8, 28.85179945, 96.63521973,  99.9
 40,   8, 28.84887177, 96.63909246,  99.9
 41,   8, 28.84590414, 96.64301766,  99.9
 42,   8, 28.84289601, 96.64699605,  99.9
 43,   8, 28.83984684, 96.65102833,  99.9
 44,   8, 28.83675605, 96.65511524,  99.9
 45,   8, 28.83362309, 96.65925752,  99.9
 46,   8, 28.83044736, 96.66345590,  99.9
 47,   8, 28.82722830, 96.66771115,  99.9
 48,   8, 28.82396530, 96.67202403,  99.9
 49,   8, 28.82065776, 96.67639533,  99.9
 50,   8, 28.81730507, 96.68082582,  99.9
 51,   8, 28.81390662, 96.68531630,  99.9
 52,   8, 28.81046177, 96.68986760,  99.9
 53,   8, 28.80696990, 96.69448051,  99.9
 54,   8, 28.80343036, 96.69915588,  99.9
 55,   8, 28.79984249, 96.70389454,  99.9
 56,   8, 28.79620563, 96.70869735,  99.9
 57,   8, 28.79251912, 96.71356517,  99.9
 58,   8, 28.78878227, 96.71849887,  99.9
 59,   8, 28.78499439, 96.72349935,  99.9
 60,   8, 28.78115478, 96.72856750,  99.9
 61,   8, 28.77726274, 96.73370424,  99.9
 62,   8, 28.77331754, 96.73891048,  99.9
 63,   8, 28.76931846, 96.74418716,  99.9
 64,   8, 28.76526476, 96.74953523,  99.9
 65,   8, 28.76115568, 96.75495565,  99.9
 66,   8, 28.75699048, 96.76044939,  99.9
 67,   8, 28.75276837, 96.76601744,  99.9
 68,   8, 28.74848859, 96.77166080,  99.9
 69,   8, 28.74415033, 96.77738048,  99.9
 70,   8, 28.73975280, 96.78317750,  99.9
 71,   8, 28.73529518, 96.78905290,  99.9
 72,   8, 28.73077665, 96.79500774,  99.9
 73,   8, 28.72619638, 96.80104309,  99.9
 74,   8, 28.72155351, 96.80716002,  99.9
 75,   8, 28.71684718, 96.81335964,  99.9
 76,   8, 28.71207654, 96.81964304,  99.9
 77,   8, 28.70724068, 96.82601137,  99.9
 78,   8, 28.70233873, 96.83246574,  99.9
 79,   8, 28.69736976, 96.83900733,  99.9
 80,   8, 28.69233286, 96.84563730,  99.9
 81,   8, 28.68722710, 96.85235684,  99.9
 82,   8, 28.68205153, 96.85916714,  99.9
 83,   8, 28.67680519, 96.86606943,  99.9
 84,   8, 28.67148711, 96.87306493,  99.9
 85,   8, 28.66609631, 96.88015490,  99.9
 86,   8, 28.66063178, 96.88734061,  99.9
 87,   8, 28.65509251, 96.89462333,  99.9
 88,   8, 28.64947747, 96.90200436,  99.9
 89,   8, 28.64378563, 96.90948503,  99.9
 90,   8, 28.63801592, 96.91706666,  99.9
 91,   8, 28.63216728, 96.92475061,  99.9
 92,   8, 28.62623862, 96.93253824,  99.9
 93,   8, 28.62022884, 96.94043095,   3.6
 94,   8, 28.61413682, 96.94843013,  99.9
 95,   8, 28.60796143, 96.95653722,  99.9
 96,   8, 28.60170153, 96.96475366,  99.9
 97,   8, 28.59535594, 96.97308090,  99.9
 98,   8, 28.58892351, 96.98152043,  99.9
 99,   8, 28.58240301, 96.99007374,  99.9
100,   8, 28.57579325, 96.99874237,  99.9
101,   8, 28.56909300, 97.00752784,  99.9
102,   8, 28.56230100, 97.01643172,  99.9
103,   8, 28.55541600, 97.02545559,  99.9
104,   8, 28.54843672, 97.03460105,  99.9
105,   8, 28.54136184, 97.04386972,  99.9
106,   8, 28.53419007, 97.05326324,  99.9
107,   8, 28.52692005, 97.06278329,  99.9
108,   8, 28.51955044, 97.07243154,  99.9
109,   8, 28.51207987, 97.08220970,  99.9
110,   8, 28.50450694, 97.09211951,  99.9
111,   8, 28.49683024, 97.10216271,  99.9
112,   8, 28.48904833, 97.11234109,  99.9
113,   8, 28.48115978, 97.12265644,  99.9
114,   8, 28.47316310, 97.13311059,  99.9
115,   8, 28.46505680, 97.14370538,  99.9
116,   8, 28.45683937, 97.15444268,  99.9
117,   8, 28.44850928, 97.16532438,  99.9
118,   8, 28.44006496, 97.17635242,  99.9
119,   8, 28.43150485, 97.18752872,  99.9
120,   8, 28.42282735, 97.19885525,  99.9
121,   8, 28.41403082, 97.21033403,  99.9
122,   8, 28.40511363, 97.22196705,  99.9
123,   8, 28.39607411, 97.23375637,  99.9
124,   8, 28.38691056, 97.24570407,  99.9
125,   8, 28.37762128, 97.25781224,  99.9
126,   8, 28.36820452, 97.27008301,  99.9
127,   8, 28.35865852, 97.28251853,  99.9
128,   8, 28.34898149, 97.29512098,  99.9
129,   8, 28.33917163, 97.30789258,  99.9
130,   8, 28.32922708, 97.32083557,  99.9
131,   8, 28.31914599, 97.33395220,  99.9
132,   8, 28.30892646, 97.34724478,  99.9
133,   8, 28.29856658, 97.36071563,  99.9
134,   8, 28.28806441, 97.37436711,  99.9
135,   8, 28.27741797, 97.38820161,  99.9
136,   8, 28.26662527, 97.40222153,  99.9
137,   8, 28.25568427, 97.41642933,  99.9
138,   8, 28.24459292, 97.43082749,  99.9
139,   8, 28.23334913, 97.44541851,  99.9
140,   8, 28.22195080, 97.46020494,  99.9
141,   8, 28.21039577, 97.47518935,  99.9
142,   8, 28.19868188, 97.49037435,  99.9
143,   8, 28.18680692, 97.50576257,  99.9
144,   8, 28.17476864, 97.52135670,  99.9
145,   8, 28.16256480, 97.53715944,  99.9
146,   8, 28.15019307, 97.55317353,  99.9
147,   8, 28.13765114, 97.56940175,  99.9
148,   8, 28.12493664, 97.58584691,  99.9
149,   8, 28.11204717, 97.60251186,  99.9
150,   8, 28.09898029, 97.61939949,  99.9
151,   8, 28.08573355, 97.63651270,  99.9
152,   8, 28.07230443, 97.65385446,  99.9
153,   8, 28.05869040, 97.67142776,  99.9
154,   8, 28.04488889, 97.68923564,  99.9
155,   8, 28.03089729, 97.70728116,  99.9
156,   8, 28.01671295, 97.72556742,  99.9
157,   8, 28.00233319, 97.74409759,  99.9
158,   8, 27.98775528, 97.76287484,  99.9
159,   8, 27.97297647, 97.78190240,  99.9
160,   8, 27.95799395, 97.80118353,  99.9
161,   8, 27.94280488, 97.82072155,  99.9
162,   8, 27.92740639, 97.84051979,  99.9
163,   8, 27.91179556, 97.86058166,  99.9
164,   8, 27.89596941, 97.88091058,  99.9
165,   8, 27.87992495, 97.90151003,  99.9
166,   8, 27.86365913, 97.92238352,  99.9
167,   8, 27.84716885, 97.94353462,  99.9
168,   8, 27.83045099, 97.96496693,  99.9
169,   8, 27.81350236, 97.98668410,  99.9
170,   8, 27.79631974, 98.00868982,  99.9
171,   8, 27.77889985, 98.03098784,  99.9
172,   8, 27.76123938, 98.05358194,  99.9
173,   8, 27.74333497, 98.07647595,  99.9
174,   8, 27.72518320, 98.09967376,  99.9
175,   8, 27.70678060, 98.12317928,  99.9
176,   8, 27.68812367, 98.14699649,  99.9
177,   8, 27.66920885, 98.17112943,  99.9
178,   8, 27.65003252, 98.19558215,  99.9
179,   8, 27.63059103, 98.22035878,  99.9
180,   8, 27.61088064, 98.24546349,  99.9
181,   8, 27.59089760, 98.27090050,  99.9
182,   8, 27.57063807, 98.29667410,  99.9
183,   8, 27.55009819, 98.32278859,  99.9
184,   8, 27.52927401, 98.34924836,  99.9
185,   8, 27.50816155, 98.37605784,  99.9
186,   8, 27.48675676, 98.40322150,  99.9
187,   8, 27.46505552, 98.43074390,  99.9
188,   8, 27.44305369, 98.45862961,  99.9
189,   8, 27.42074703, 98.48688329,  99.9
190,   8, 27.39813125, 98.51550962,  99.9
191,   8, 27.37520201, 98.54451338,  99.9
  1,   9, 28.93615311, 96.51881533,  99.9
  2,   9, 28.93437586, 96.52110937,  99.9
  3,   9, 28.93257439, 96.52343454,  99.9
  4,   9, 28.93074836, 96.52579127,  99.9
  5,   9, 28.92889745, 96.52817998,  99.9
  6,   9, 28.92702131, 96.53060110,  99.9
  7,   9, 28.92511960, 96.53305508,  99.9
  8,   9, 28.92319197, 96.53554236,  99.9
  9,   9, 28.92123806, 96.53806339,  99.9
 10,   9, 28.91925752, 96.54061863,  99.9
 11,   9, 28.91724999, 96.54320853,  99.9
 12,   9, 28.91521508, 96.54583357,  99.9
 13,   9, 28.91315244, 96.54849423,  99.9
 14,   9, 28.91106168, 96.55119098,  99.9
 15,   9, 28.90894242, 96.55392432,  99.9
 16,   9, 28.90679426, 96.55669473,  99.9
 17,   9, 28.90461682, 96.55950272,  99.9
 18,   9, 28.90240969, 96.56234880,  99.9
 19,   9, 28.90017247, 96.56523348,  99.9
 20,   9, 28.89790475, 96.56815729,  99.9
 21,   9, 28.89560611, 96.57112075,  99.9
 22,   9, 28.89327612, 96.57412440,  99.9
 23,   9, 28.89091436, 96.57716878,  99.9
 24,   9, 28.88852040, 96.58025445,  99.9
 25,   9, 28.88609380, 96.58338196,  99.9
 26,   9, 28.88363410, 96.58655187,  99.9
 27,   9, 28.88114086, 96.58976477,  99.9
 28,   9, 28.87861362, 96.59302122,  99.9
 29,   9, 28.87605191, 96.59632183,  99.9
 30,   9, 28.87345526, 96.59966717,  99.9
 31,   9, 28.87082320, 96.60305787,  99.9
 32,   9, 28.86815524, 96.60649453,  99.9
 33,   9, 28.86545089, 96.60997777,  99.9
 34,   9, 28.86270965, 96.61350823,  99.9
 35,   9, 28.85993102, 96.61708653,  99.9
 36,   9, 28.85711448, 96.62071333,  99.9
 37,   9, 28.85425953, 96.62438928,  99.9
 38,   9, 28.85136562, 96.62811504,  99.9
 39,   9, 28.84843224, 96.63189128,  99.9
 40,   9, 28.84545883, 96.63571870,  99.9
 41,   9, 28.84244486, 96.63959796,  99.9
 42,   9, 28.83938977, 96.64352979,  99.9
 43,   9, 28.83629299, 96.64751488,  99.9
 44,   9, 28.83315395, 96.65155395,  99.9
 45,   9, 28.82997208, 96.65564774,  99.9
 46,   9, 28.82674679, 96.65979697,  99.9
 47,   9, 28.82347749, 96.66400240,  99.9
 48,   9, 28.82016357, 96.66826479,  99.9
 49,   9, 28.81680442, 96.67258490,  99.9
 50,   9, 28.81339942, 96.67696351,  99.9
 51,   9, 28.80994796, 96.68140140,  99.9
 52,   9, 28.80644938, 96.68589939,  99.9
 53,   9, 28.80290304, 96.69045827,  99.9
 54,   9, 28.79930830, 96.69507887,  99.9
 55,   9, 28.79566449, 96.69976201,  99.9
 56,   9, 28.79197093, 96.70450855,  99.9
 57,   9, 28.78822694, 96.70931933,  99.9
 58,   9, 28.78443184, 96.71419522,  99.9
 59,   9, 28.78058492, 96.71913710,  99.9
 60,   9, 28.77668548, 96.72414585,  99.9
 61,   9, 28.77273279, 96.72922237,  99.9
 62,   9, 28.76872613, 96.73436758,  99.9
 63,   9, 28.76466475, 96.73958239,  99.9
 64,   9, 28.76054790, 96.74486776,  99.9
 65,   9, 28.75637483, 96.75022461,  99.9
 66,   9, 28.75214476, 96.75565393,  99.9
 67,   9, 28.74785692, 96.76115667,  99.9
 68,   9, 28.74351050, 96.76673383,  99.9
 69,   9, 28.73910472, 96.77238641,  99.9
 70,   9, 28.73463874, 96.77811541,  99.9
 71,   9, 28.73011176, 96.78392188,  99.9
 72,   9, 28.72552292, 96.78980684,  99.9
 73,   9, 28.72087139, 96.79577136,  99.9
 74,   9, 28.71615630, 96.80181649,  99.9
 75,   9, 28.71137678, 96.80794333,  99.9
 76,   9, 28.70653194, 96.81415297,  99.9
 77,   9, 28.70162090, 96.82044651,  99.9
 78,   9, 28.69664274, 96.82682510,  99.9
 79,   9, 28.69159654, 96.83328986,  99.9
 80,   9, 28.68648136, 96.83984195,  99.9
 81,   9, 28.68129626, 96.84648255,  99.9
 82,   9, 28.67604029, 96.85321284,  99.9
 83,   9, 28.67071245, 96.86003403,  99.9
 84,   9, 28.66531178, 96.86694732,  99.9
 85,   9, 28.65983727, 96.87395396,  99.9
 86,   9, 28.65428790, 96.88105520,  99.9
 87,   9, 28.64866264, 96.88825230,  99.9
 88,   9, 28.64296046, 96.89554655,  99.9
 89,   9, 28.63718029, 96.90293925,  99.9
 90,   9, 28.63132107, 96.91043171,  99.9
 91,   9, 28.62538170, 96.91802528,  99.9
 92,   9, 28.61936109, 96.92572130,  99.9
 93,   9, 28.61325812, 96.93352114,   3.6
 94,   9, 28.60707166, 96.94142619,  99.9
 95,   9, 28.60080055, 96.94943786,  99.9
 96,   9, 28.59444363, 96.95755758,  99.9
 97,   9, 28.58799973, 96.96578678,  99.9
 98,   9, 28.58146765, 96.97412694,  99.9
 99,   9, 28.57484616, 96.98257953,  99.9
100,   9, 28.56813405, 96.99114605,  99.9
101,   9, 28.56133007, 96.99982803,  99.9
102,   9, 28.55443294, 97.00862701,  99.9
103,   9, 28.54744140, 97.01754454,  99.9
104,   9, 28.54035413, 97.02658221,  99.9
105,   9, 28.53316982, 97.03574162,  99.9
106,   9, 28.52588713, 97.04502440,  99.9
107,   9, 28.51850471, 97.05443218,  99.9
108,   9, 28.51102119, 97.06396664,  99.9
109,   9, 28.50343516, 97.07362946,  99.9
110,   9, 28.49574522, 97.08342235,  99.9
111,   9, 28.48794993, 97.09334704,  99.9
112,   9, 28.48004785, 97.10340530,  99.9
113,   9, 28.47203750, 97.11359888,  99.9
114,   9, 28.46391738, 97.12392960,  99.9
115,   9, 28.45568599, 97.13439927,  99.9
116,   9, 28.44734178, 97.14500976,  99.9
117,   9, 28.43888321, 97.15576291,  99.9
118,   9, 28.43030868, 97.16666064,  99.9
119,   9, 28.42161661, 97.17770486,  99.9
120,   9, 28.41280536, 97.18889751,  99.9
121,   9, 28.40387330, 97.20024057,  99.9
122,   9, 28.39481876, 97.21173604,  99.9
123,   9, 28.38564003, 97.22338592,  99.9
124,   9, 28.37633541, 97.23519227,  99.9
125,   9, 28.36690317, 97.24715717,  99.9
126,   9, 28.35734152, 97.25928271,  99.9
127,   9, 28.34764869, 97.27157102,  99.9
128,   9, 28.33782286, 97.28402426,  99.9
129,   9, 28.32786219, 97.29664461,  99.9
130,   9, 28.31776482, 97.30943427,  99.9
131,   9, 28.30752885, 97.32239549,  99.9
132,   9, 28.29715237, 97.33553054,  99.9
133,   9, 28.28663344, 97.34884171,  99.9
134,   9, 28.27597007, 97.36233133,  99.9
135,   9, 28.26516028, 97.37600175,  99.9
136,   9, 28.25420203, 97.38985537,  99.9
137,   9, 28.24309327, 97.40389458,  99.9
138,   9, 28.23183192, 97.41812186,  99.9
139,   9, 28.22041585, 97.43253966,  99.9
140,   9, 28.20884292, 97.44715051,  99.9
141,   9, 28.19711097, 97.46195694,  99.9
142,   9, 28.18521777, 97.47696154,  99.9
143,   9, 28.17316111, 97.49216689,  99.9
144,   9, 28.16093871, 97.50757566,  99.9
145,   9, 28.14854827, 97.52319050,  99.9
146,   9, 28.13598746, 97.53901413,  99.9
147,   9, 28.12325391, 97.55504929,  99.9
148,   9, 28.11034523, 97.57129875,  99.9
149,   9, 28.09725898, 97.58776533,  99.9
150,   9, 28.08399270, 97.60445187,  99.9
151,   9, 28.07054389, 97.62136126,  99.9
152,   9, 28.05691001, 97.63849642,  99.9
153,   9, 28.04308848, 97.65586029,  99.9
154,   9, 28.02907670, 97.67345588,  99.9
155,   9, 28.01487203, 97.69128621,  99.9
156,   9, 28.00047177, 97.70935436,  99.9
157,   9, 27.98587321, 97.72766342,  99.9
158,   9, 27.97107359, 97.74621655,  99.9
159,   9, 27.95607011, 97.76501693,  99.9
160,   9, 27.94085993, 97.78406778,  99.9
161,   9, 27.92544017, 97.80337237,  99.9
162,   9, 27.90980791, 97.82293400,  99.9
163,   9, 27.89396019, 97.84275602,  99.9
164,   9, 27.87789401, 97.86284182,  99.9
165,   9, 27.86160632, 97.88319483,  99.9
166,   9, 27.84509404, 97.90381852,  99.9
167,   9, 27.82835402, 97.92471640,  99.9
168,   9, 27.81138310, 97.94589203,  99.9
169,   9, 27.79417805, 97.96734903,  99.9
170,   9, 27.77673560, 97.98909102,  99.9
171,   9, 27.75905243, 98.01112170,  99.9
172,   9, 27.74112519, 98.03344482,  99.9
173,   9, 27.72295046, 98.05606415,  99.9
174,   9, 27.70452478, 98.07898352,  99.9
175,   9, 27.68584466, 98.10220681,  99.9
176,   9, 27.66690652, 98.12573794,  99.9
177,   9, 27.64770676, 98.14958088,  99.9
178,   9, 27.62824171, 98.17373965,  99.9
179,   9, 27.60850768, 98.19821831,  99.9
180,   9, 27.58850088, 98.22302099,  99.9
181,   9, 27.56821751, 98.24815185,  99.9
182,   9, 27.54765368, 98.27361511,  99.9
183,   9, 27.52680547, 98.29941503,  99.9
184,   9, 27.50566889, 98.32555593,  99.9
185,   9, 27.48423990, 98.35204219,  99.9
186,   9, 27.46251440, 98.37887823,  99.9
187,   9, 27.44048823, 98.40606852,  99.9
188,   9, 27.41815716, 98.43361760,  99.9
189,   9, 27.39551693, 98.46153005,  99.9
190,   9, 27.37256319, 98.48981050,  99.9
191,   9, 27.34929153, 98.51846365,  99.9
  1,  10, 28.93416048, 96.51679349,  99.9
  2,  10, 28.93235616, 96.51906001,  99.9
  3,  10, 28.93052724, 96.52135729,  99.9
  4,  10, 28.92867339, 96.52368574,  99.9
  5,  10, 28.92679429, 96.52604579,  99.9
  6,  10, 28.92488957, 96.52843787,  99.9
  7,  10, 28.92295889, 96.53086241,  99.9
  8,  10, 28.92100190, 96.53331985,  99.9
  9,  10, 28.91901823, 96.53581063,  99.9
 10,  10, 28.91700753, 96.53833520,  99.9
 11,  10, 28.91496943, 96.54089402,  99.9
 12,  10, 28.91290354, 96.54348756,  99.9
 13,  10, 28.91080949, 96.54611629,  99.9
 14,  10, 28.90868689, 96.54878067,  99.9
 15,  10, 28.90653537, 96.55148120,  99.9
 16,  10, 28.90435451, 96.55421836,  99.9
 17,  10, 28.90214392, 96.55699264,  99.9
 18,  10, 28.89990320, 96.55980456,  99.9
 19,  10, 28.89763193, 96.56265461,  99.9
 20,  10, 28.89532969, 96.56554331,  99.9
 21,  10, 28.89299607, 96.56847119,  99.9
 22,  10, 28.89063063, 96.57143878,  99.9
 23,  10, 28.88823294, 96.57444661,  99.9
 24,  10, 28.88580255, 96.57749522,  99.9
 25,  10, 28.88333903, 96.58058517,  99.9
 26,  10, 28.88084191, 96.58371701,  99.9
 27,  10, 28.87831075, 96.58689132,  99.9
 28,  10, 28.87574507, 96.59010866,  99.9
 29,  10, 28.87314440, 96.59336962,  99.9
 30,  10, 28.87050826, 96.59667478,  99.9
 31,  10, 28.86783617, 96.60002474,  99.9
 32,  10, 28.86512765, 96.60342012,  99.9
 33,  10, 28.86238218, 96.60686151,  99.9
 34,  10, 28.85959926, 96.61034954,  99.9
 35,  10, 28.85677839, 96.61388485,  99.9
 36,  10, 28.85391905, 96.61746806,  99.9
 37,  10, 28.85102070, 96.62109983,  99.9
 38,  10, 28.84808281, 96.62478081,  99.9
 39,  10, 28.84510485, 96.62851167,  99.9
 40,  10, 28.84208627, 96.63229308,  99.9
 41,  10, 28.83902650, 96.63612571,  99.9
 42,  10, 28.83592500, 96.64001027,  99.9
 43,  10, 28.83278118, 96.64394745,  99.9
 44,  10, 28.82959446, 96.64793795,  99.9
 45,  10, 28.82636427, 96.65198251,  99.9
 46,  10, 28.82309000, 96.65608185,  99.9
 47,  10, 28.81977105, 96.66023671,  99.9
 48,  10, 28.81640682, 96.66444783,  99.9
 49,  10, 28.81299667, 96.66871597,  99.9
 50,  10, 28.80953999, 96.67304191,  99.9
 51,  10, 28.80603614, 96.67742642,  99.9
 52,  10, 28.80248446, 96.68187028,  99.9
 53,  10, 28.79888431, 96.68637431,  99.9
 54,  10, 28.79523503, 96.69093931,  99.9
 55,  10, 28.79153593, 96.69556610,  99.9
 56,  10, 28.78778634, 96.70025551,  99.9
 57,  10, 28.78398556, 96.70500839,  99.9
 58,  10, 28.78013291, 96.70982558,  99.9
 59,  10, 28.77622765, 96.71470797,  99.9
 60,  10, 28.77226908, 96.71965641,  99.9
 61,  10, 28.76825647, 96.72467181,  99.9
 62,  10, 28.76418906, 96.72975506,  99.9
 63,  10, 28.76006612, 96.73490708,  99.9
 64,  10, 28.75588689, 96.74012879,  99.9
 65,  10, 28.75165058, 96.74542112,  99.9
 66,  10, 28.74735642, 96.75078503,  99.9
 67,  10, 28.74300362, 96.75622148,  99.9
 68,  10, 28.73859137, 96.76173145,  99.9
 69,  10, 28.73411885, 96.76731591,  99.9
 70,  10, 28.72958525, 96.77297588,  99.9
 71,  10, 28.72498972, 96.77871236,  99.9
 72,  10, 28.72033141, 96.78452639,  99.9
 73,  10, 28.71560947, 96.79041900,  99.9
 74,  10, 28.71082302, 96.79639126,  99.9
 75,  10, 28.70597117, 96.80244422,  99.9
 76,  10, 28.70105304, 96.80857898,  99.9
 77,  10, 28.69606770, 96.81479663,  99.9
 78,  10, 28.69101424, 96.82109827,  99.9
 79,  10, 28.68589172, 96.82748505,  99.9
 80,  10, 28.68069920, 96.83395810,  99.9
 81,  10, 28.67543571, 96.84051858,  99.9
 82,  10, 28.67010028, 96.84716765,  99.9
 83,  10, 28.66469193, 96.85390652,  99.9
 84,  10, 28.65920964, 96.86073637,  99.9
 85,  10, 28.65365241, 96.86765843,  99.9
 86,  10, 28.64801921, 96.87467394,  99.9
 87,  10, 28.64230900, 96.88178414,  99.9
 88,  10, 28.63652070, 96.88899030,  99.9
 89,  10, 28.63065327, 96.89629371,  99.9
 90,  10, 28.62470559, 96.90369567,  99.9
 91,  10, 28.61867659, 96.91119750,  99.9
 92,  10, 28.61256512, 96.91880053,  99.9
 93,  10, 28.60637007, 96.92650612,   3.6
 94,  10, 28.60009029, 96.93431563,  99.9
 95,  10, 28.59372460, 96.94223046,  99.9
 96,  10, 28.58727183, 96.95025202,  99.9
 97,  10, 28.58073078, 96.95838173,  99.9
 98,  10, 28.57410024, 96.96662103,  99.9
 99,  10, 28.56737897, 96.97497139,  99.9
100,  10, 28.56056573, 96.98343429,  99.9
101,  10, 28.55365925, 96.99201123,  99.9
102,  10, 28.54665825, 97.00070374,  99.9
103,  10, 28.53956143, 97.00951335,  99.9
104,  10, 28.53236747, 97.01844163,  99.9
105,  10, 28.52507503, 97.02749016,  99.9
106,  10, 28.51768276, 97.03666054,  99.9
107,  10, 28.51018928, 97.04595440,  99.9
108,  10, 28.50259319, 97.05537338,  99.9
109,  10, 28.49489309, 97.06491915,  99.9
110,  10, 28.48708754, 97.07459340,  99.9
111,  10, 28.47917509, 97.08439782,  99.9
112,  10, 28.47115427, 97.09433417,  99.9
113,  10, 28.46302357, 97.10440419,  99.9
114,  10, 28.45478150, 97.11460965,  99.9
115,  10, 28.44642650, 97.12495237,  99.9
116,  10, 28.43795703, 97.13543416,  99.9
117,  10, 28.42937151, 97.14605687,  99.9
118,  10, 28.42066833, 97.15682238,  99.9
119,  10, 28.41184588, 97.16773257,  99.9
120,  10, 28.40290250, 97.17878937,  99.9
121,  10, 28.39383652, 97.18999473,  99.9
122,  10, 28.38464626, 97.20135060,  99.9
123,  10, 28.37533001, 97.21285900,  99.9
124,  10, 28.36588601, 97.22452194,  99.9
125,  10, 28.35631250, 97.23634146,  99.9
126,  10, 28.34660771, 97.24831965,  99.9
127,  10, 28.33676980, 97.26045860,  99.9
128,  10, 28.32679695, 97.27276043,  99.9
129,  10, 28.31668729, 97.28522732,  99.9
130,  10, 28.30643893, 97.29786142,  99.9
131,  10, 28.29604994, 97.31066497,  99.9
132,  10, 28.28551840, 97.32364018,  99.9
133,  10, 28.27484231, 97.33678935,  99.9
134,  10, 28.26401969, 97.35011475,  99.9
135,  10, 28.25304851, 97.36361871,  99.9
136,  10, 28.24192671, 97.37730360,  99.9
137,  10, 28.23065220, 97.39117179,  99.9
138,  10, 28.21922288, 97.40522570,  99.9
139,  10, 28.20763660, 97.41946778,  99.9
140,  10, 28.19589118, 97.43390051,  99.9
141,  10, 28.18398442, 97.44852639,  99.9
142,  10, 28.17191409, 97.46334796,  99.9
143,  10, 28.15967791, 97.47836781,  99.9
144,  10, 28.14727359, 97.49358854,  99.9
145,  10, 28.13469881, 97.50901278,  99.9
146,  10, 28.12195118, 97.52464320,  99.9
147,  10, 28.10902833, 97.54048252,  99.9
148,  10, 28.09592780, 97.55653348,  99.9
149,  10, 28.08264715, 97.57279884,  99.9
150,  10, 28.06918388, 97.58928142,  99.9
151,  10, 28.05553543, 97.60598407,  99.9
152,  10, 28.04169925, 97.62290966,  99.9
153,  10, 28.02767273, 97.64006112,  99.9
154,  10, 28.01345322, 97.65744139,  99.9
155,  10, 27.99903804, 97.67505347,  99.9
156,  10, 27.98442447, 97.69290038,  99.9
157,  10, 27.96960976, 97.71098520,  99.9
158,  10, 27.95459110, 97.72931102,  99.9
159,  10, 27.93936566, 97.74788099,  99.9
160,  10, 27.92393057, 97.76669830,  99.9
161,  10, 27.90828290, 97.78576615,  99.9
162,  10, 27.89241970, 97.80508782,  99.9
163,  10, 27.87633797, 97.82466661,  99.9
164,  10, 27.86003466, 97.84450586,  99.9
165,  10, 27.84350669, 97.86460896,  99.9
166,  10, 27.82675092, 97.88497932,  99.9
167,  10, 27.80976419, 97.90562043,  99.9
168,  10, 27.79254327, 97.92653579,  99.9
169,  10, 27.77508491, 97.94772896,  99.9
170,  10, 27.75738577, 97.96920353,  99.9
171,  10, 27.73944252, 97.99096315,  99.9
172,  10, 27.72125174, 98.01301150,  99.9
173,  10, 27.70280997, 98.03535232,  99.9
174,  10, 27.68411372, 98.05798938,  99.9
175,  10, 27.66515943, 98.08092651,  99.9
176,  10, 27.64594349, 98.10416758,  99.9
177,  10, 27.62646226, 98.12771651,  99.9
178,  10, 27.60671201, 98.15157726,  99.9
179,  10, 27.58668900, 98.17575384,  99.9
180,  10, 27.56638940, 98.20025032,  99.9
181,  10, 27.54580935, 98.22507081,  99.9
182,  10, 27.52494492, 98.25021946,  99.9
183,  10, 27.50379214, 98.27570049,  99.9
184,  10, 27.48234696, 98.30151816,  99.9
185,  10, 27.46060530, 98.32767678,  99.9
186,  10, 27.43856300, 98.35418071,  99.9
187,  10, 27.41621584, 98.38103437,  99.9
188,  10, 27.39355957, 98.40824223,  99.9
189,  10, 27.37058983, 98.43580881,  99.9
190,  10, 27.34730225, 98.46373869,  99.9
191,  10, 27.32369235, 98.49203649,  99.9
  1,  11, 28.93219205, 96.51474130,  99.9
  2,  11, 28.93036097, 96.51697989,  99.9
  3,  11, 28.92850494, 96.51924886,  99.9
  4,  11, 28.92662361, 96.52154862,  99.9
  5,  11, 28.92471665, 96.52387959,  99.9
  6,  11, 28.92278370, 96.52624218,  99.9
  7,  11, 28.92082441, 96.52863684,  99.9
  8,  11, 28.91883842, 96.53106399,  99.9
  9,  11, 28.91682536, 96.53352406,  99.9
 10,  11, 28.91478486, 96.53601752,  99.9
 11,  11, 28.91271655, 96.53854480,  99.9
 12,  11, 28.91062006, 96.54110637,  99.9
 13,  11, 28.90849498, 96.54370268,  99.9
 14,  11, 28.90634094, 96.54633422,  99.9
 15,  11, 28.90415754, 96.54900145,  99.9
 16,  11, 28.90194438, 96.55170486,  99.9
 17,  11, 28.89970105, 96.55444494,  99.9
 18,  11, 28.89742714, 96.55722218,  99.9
 19,  11, 28.89512224, 96.56003708,  99.9
 20,  11, 28.89278591, 96.56289016,  99.9
 21,  11, 28.89041773, 96.56578193,  99.9
 22,  11, 28.88801726, 96.56871292,  99.9
 23,  11, 28.88558407, 96.57168364,  99.9
 24,  11, 28.88311771, 96.57469465,  99.9
 25,  11, 28.88061772, 96.57774648,  99.9
 26,  11, 28.87808364, 96.58083969,  99.9
 27,  11, 28.87551501, 96.58397484,  99.9
 28,  11, 28.87291135, 96.58715248,  99.9
 29,  11, 28.87027220, 96.59037321,  99.9
 30,  11, 28.86759705, 96.59363758,  99.9
 31,  11, 28.86488543, 96.59694621,  99.9
 32,  11, 28.86213683, 96.60029968,  99.9
 33,  11, 28.85935075, 96.60369860,  99.9
 34,  11, 28.85652667, 96.60714359,  99.9
 35,  11, 28.85366407, 96.61063526,  99.9
 36,  11, 28.85076243, 96.61417424,  99.9
 37,  11, 28.84782122, 96.61776118,  99.9
 38,  11, 28.84483989, 96.62139672,  99.9
 39,  11, 28.84181790, 96.62508151,  99.9
 40,  11, 28.83875468, 96.62881623,  99.9
 41,  11, 28.83564969, 96.63260154,  99.9
 42,  11, 28.83250233, 96.63643813,  99.9
 43,  11, 28.82931204, 96.64032668,  99.9
 44,  11, 28.82607823, 96.64426791,  99.9
 45,  11, 28.82280030, 96.64826251,  99.9
 46,  11, 28.81947765, 96.65231121,  99.9
 47,  11, 28.81610966, 96.65641474,  99.9
 48,  11, 28.81269573, 96.66057384,  99.9
 49,  11, 28.80923521, 96.66478925,  99.9
 50,  11, 28.80572747, 96.66906174,  99.9
 51,  11, 28.80217187, 96.67339207,  99.9
 52,  11, 28.79856774, 96.67778102,  99.9
 53,  11, 28.79491443, 96.68222939,  99.9
 54,  11, 28.79121127, 96.68673796,  99.9
 55,  11, 28.78745756, 96.69130756,  99.9
 56,  11, 28.78365263, 96.69593900,  99.9
 57,  11, 28.77979576, 96.70063312,  99.9
 58,  11, 28.77588624, 96.70539076,  99.9
 59,  11, 28.77192336, 96.71021278,  99.9
 60,  11, 28.76790639, 96.71510003,  99.9
 61,  11, 28.76383458, 96.72005341,  99.9
 62,  11, 28.75970718, 96.72507379,  99.9
 63,  11, 28.75552343, 96.73016208,  99.9
 64,  11, 28.75128256, 96.73531920,  99.9
 65,  11, 28.74698379, 96.74054606,  99.9
 66,  11, 28.74262632, 96.74584360,  99.9
 67,  11, 28.73820936, 96.75121278,  99.9
 68,  11, 28.73373207, 96.75665456,  99.9
 69,  11, 28.72919365, 96.76216991,  99.9
 70,  11, 28.72459324, 96.76775983,  99.9
 71,  11, 28.71993000, 96.77342530,  99.9
 72,  11, 28.71520307, 96.77916735,  99.9
 73,  11, 28.71041158, 96.78498701,  99.9
 74,  11, 28.70555464, 96.79088532,  99.9
 75,  11, 28.70063135, 96.79686332,  99.9
 76,  11, 28.69564081, 96.80292210,  99.9
 77,  11, 28.69058208, 96.80906274,  99.9
 78,  11, 28.68545424, 96.81528633,  99.9
 79,  11, 28.68025634, 96.82159398,  99.9
 80,  11, 28.67498742, 96.82798683,  99.9
 81,  11, 28.66964650, 96.83446601,  99.9
 82,  11, 28.66423259, 96.84103268,  99.9
 83,  11, 28.65874469, 96.84768802,  99.9
 84,  11, 28.65318179, 96.85443321,  99.9
 85,  11, 28.64754286, 96.86126946,  99.9
 86,  11, 28.64182686, 96.86819798,  99.9
 87,  11, 28.63603272, 96.87522001,  99.9
 88,  11, 28.63015937, 96.88233680,  99.9
 89,  11, 28.62420573, 96.88954963,  99.9
 90,  11, 28.61817069, 96.89685976,  99.9
 91,  11, 28.61205314, 96.90426852,  99.9
 92,  11, 28.60585193, 96.91177721,  99.9
 93,  11, 28.59956593, 96.91938717,   3.6
 94,  11, 28.59319397, 96.92709976,  99.9
 95,  11, 28.58673486, 96.93491634,  99.9
 96,  11, 28.58018741, 96.94283831,  99.9
 97,  11, 28.57355041, 96.95086707,  99.9
 98,  11, 28.56682261, 96.95900406,  99.9
 99,  11, 28.56000278, 96.96725070,  99.9
100,  11, 28.55308965, 96.97560848,  99.9
101,  11, 28.54608193, 96.98407886,  99.9
102,  11, 28.53897833, 96.99266336,  99.9
103,  11, 28.53177753, 97.00136349,  99.9
104,  11, 28.52447818, 97.01018080,  99.9
105,  11, 28.51707894, 97.01911685,  99.9
106,  11, 28.50957842, 97.02817322,  99.9
107,  11, 28.50197524, 97.03735151,  99.9
108,  11, 28.49426798, 97.04665335,  99.9
109,  11, 28.48645520, 97.05608037,  99.9
110,  11, 28.47853546, 97.06563426,  99.9
111,  11, 28.47050729, 97.07531669,  99.9
112,  11, 28.46236918, 97.08512938,  99.9
113,  11, 28.45411962, 97.09507405,  99.9
114,  11, 28.44575708, 97.10515246,  99.9
115,  11, 28.43728001, 97.11536640,  99.9
116,  11, 28.42868681, 97.12571765,  99.9
117,  11, 28.41997590, 97.13620805,  99.9
118,  11, 28.41114565, 97.14683943,  99.9
119,  11, 28.40219441, 97.15761368,  99.9
120,  11, 28.39312052, 97.16853268,  99.9
121,  11, 28.38392228, 97.17959836,  99.9
122,  11, 28.37459798, 97.19081266,  99.9
123,  11, 28.36514588, 97.20217755,  99.9
124,  11, 28.35556421, 97.21369502,  99.9
125,  11, 28.34585119, 97.22536710,  99.9
126,  11, 28.33600501, 97.23719583,  99.9
127,  11, 28.32602382, 97.24918329,  99.9
128,  11, 28.31590576, 97.26133157,  99.9
129,  11, 28.30564894, 97.27364280,  99.9
130,  11, 28.29525144, 97.28611914,  99.9
131,  11, 28.28471132, 97.29876277,  99.9
132,  11, 28.27402662, 97.31157589,  99.9
133,  11, 28.26319532, 97.32456075,  99.9
134,  11, 28.25221541, 97.33771960,  99.9
135,  11, 28.24108482, 97.35105476,  99.9
136,  11, 28.22980149, 97.36456853,  99.9
137,  11, 28.21836328, 97.37826327,  99.9
138,  11, 28.20676806, 97.39214138,  99.9
139,  11, 28.19501366, 97.40620525,  99.9
140,  11, 28.18309788, 97.42045735,  99.9
141,  11, 28.17101848, 97.43490014,  99.9
142,  11, 28.15877319, 97.44953613,  99.9
143,  11, 28.14635972, 97.46436786,  99.9
144,  11, 28.13377573, 97.47939791,  99.9
145,  11, 28.12101887, 97.49462887,  99.9
146,  11, 28.10808675, 97.51006339,  99.9
147,  11, 28.09497692, 97.52570413,  99.9
148,  11, 28.08168693, 97.54155380,  99.9
149,  11, 28.06821428, 97.55761514,  99.9
150,  11, 28.05455644, 97.57389091,  99.9
151,  11, 28.04071083, 97.59038394,  99.9
152,  11, 28.02667486, 97.60709705,  99.9
153,  11, 28.01244588, 97.62403313,  99.9
154,  11, 27.99802121, 97.64119509,  99.9
155,  11, 27.98339813, 97.65858589,  99.9
156,  11, 27.96857390, 97.67620851,  99.9
157,  11, 27.95354571, 97.69406597,  99.9
158,  11, 27.93831073, 97.71216135,  99.9
159,  11, 27.92286609, 97.73049773,  99.9
160,  11, 27.90720887, 97.74907827,  99.9
161,  11, 27.89133612, 97.76790613,  99.9
162,  11, 27.87524485, 97.78698454,  99.9
163,  11, 27.85893200, 97.80631675,  99.9
164,  11, 27.84239451, 97.82590606,  99.9
165,  11, 27.82562924, 97.84575582,  99.9
166,  11, 27.80863302, 97.86586940,  99.9
167,  11, 27.79140264, 97.88625022,  99.9
168,  11, 27.77393484, 97.90690175,  99.9
169,  11, 27.75622630, 97.92782749,  99.9
170,  11, 27.73827368, 97.94903100,  99.9
171,  11, 27.72007358, 97.97051586,  99.9
172,  11, 27.70162254, 97.99228572,  99.9
173,  11, 27.68291707, 98.01434425,  99.9
174,  11, 27.66395361, 98.03669518,  99.9
175,  11, 27.64472857, 98.05934228,  99.9
176,  11, 27.62523830, 98.08228938,  99.9
177,  11, 27.60547909, 98.10554033,  99.9
178,  11, 27.58544720, 98.12909905,  99.9
179,  11, 27.56513881, 98.15296949,  99.9
180,  11, 27.54455006, 98.17715565,  99.9
181,  11, 27.52367703, 98.20166161,  99.9
182,  11, 27.50251576, 98.22649145,  99.9
183,  11, 27.48106221, 98.25164933,  99.9
184,  11, 27.45931230, 98.27713945,  99.9
185,  11, 27.43726187, 98.30296606,  99.9
186,  11, 27.41490673, 98.32913347,  99.9
187,  11, 27.39224262, 98.35564603,  99.9
188,  11, 27.36926520, 98.38250815,  99.9
189,  11, 27.34597009, 98.40972429,  99.9
190,  11, 27.32235284, 98.43729896,  99.9
191,  11, 27.29840894, 98.46523672,  99.9
  1,  12, 28.93024816, 96.51265913,  99.9
  2,  12, 28.92839066, 96.51486939,  99.9
  3,  12, 28.92650786, 96.51710964,  99.9
  4,  12, 28.92459940, 96.51938029,  99.9
  5,  12, 28.92266493, 96.52168175,  99.9
  6,  12, 28.92070410, 96.52401444,  99.9
  7,  12, 28.91871655, 96.52637878,  99.9
  8,  12, 28.91670192, 96.52877520,  99.9
  9,  12, 28.91465983, 96.53120413,  99.9
 10,  12, 28.91258991, 96.53366601,  99.9
 11,  12, 28.91049178, 96.53616129,  99.9
 12,  12, 28.90836506, 96.53869042,  99.9
 13,  12, 28.90620935, 96.54125386,  99.9
 14,  12, 28.90402425, 96.54385207,  99.9
 15,  12, 28.90180938, 96.54648553,  99.9
 16,  12, 28.89956432, 96.54915470,  99.9
 17,  12, 28.89728866, 96.55186007,  99.9
 18,  12, 28.89498198, 96.55460213,  99.9
 19,  12, 28.89264385, 96.55738138,  99.9
 20,  12, 28.89027386, 96.56019832,  99.9
 21,  12, 28.88787155, 96.56305346,  99.9
 22,  12, 28.88543650, 96.56594731,  99.9
 23,  12, 28.88296825, 96.56888040,  99.9
 24,  12, 28.88046636, 96.57185326,  99.9
 25,  12, 28.87793036, 96.57486643,  99.9
 26,  12, 28.87535978, 96.57792044,  99.9
 27,  12, 28.87275415, 96.58101586,  99.9
 28,  12, 28.87011300, 96.58415323,  99.9
 29,  12, 28.86743584, 96.58733314,  99.9
 30,  12, 28.86472218, 96.59055614,  99.9
 31,  12, 28.86197151, 96.59382283,  99.9
 32,  12, 28.85918334, 96.59713380,  99.9
 33,  12, 28.85635714, 96.60048963,  99.9
 34,  12, 28.85349241, 96.60389095,  99.9
 35,  12, 28.85058861, 96.60733835,  99.9
 36,  12, 28.84764521, 96.61083246,  99.9
 37,  12, 28.84466167, 96.61437392,  99.9
 38,  12, 28.84163744, 96.61796336,  99.9
 39,  12, 28.83857197, 96.62160143,  99.9
 40,  12, 28.83546468, 96.62528879,  99.9
 41,  12, 28.83231502, 96.62902609,  99.9
 42,  12, 28.82912239, 96.63281402,  99.9
 43,  12, 28.82588621, 96.63665325,  99.9
 44,  12, 28.82260589, 96.64054448,  99.9
 45,  12, 28.81928082, 96.64448841,  99.9
 46,  12, 28.81591039, 96.64848575,  99.9
 47,  12, 28.81249399, 96.65253722,  99.9
 48,  12, 28.80903097, 96.65664354,  99.9
 49,  12, 28.80552071, 96.66080546,  99.9
 50,  12, 28.80196255, 96.66502373,  99.9
 51,  12, 28.79835585, 96.66929910,  99.9
 52,  12, 28.79469993, 96.67363235,  99.9
 53,  12, 28.79099413, 96.67802425,  99.9
 54,  12, 28.78723776, 96.68247559,  99.9
 55,  12, 28.78343013, 96.68698718,  99.9
 56,  12, 28.77957054, 96.69155982,  99.9
 57,  12, 28.77565828, 96.69619434,  99.9
 58,  12, 28.77169262, 96.70089157,  99.9
 59,  12, 28.76767284, 96.70565235,  99.9
 60,  12, 28.76359819, 96.71047754,  99.9
 61,  12, 28.75946792, 96.71536800,  99.9
 62,  12, 28.75528128, 96.72032461,  99.9
 63,  12, 28.75103749, 96.72534826,  99.9
 64,  12, 28.74673576, 96.73043986,  99.9
 65,  12, 28.74237531, 96.73560031,  99.9
 66,  12, 28.73795532, 96.74083054,  99.9
 67,  12, 28.73347500, 96.74613149,  99.9
 68,  12, 28.72893349, 96.75150411,  99.9
 69,  12, 28.72432998, 96.75694936,  99.9
 70,  12, 28.71966361, 96.76246821,  99.9
 71,  12, 28.71493351, 96.76806167,  99.9
 72,  12, 28.71013882, 96.77373072,  99.9
 73,  12, 28.70527866, 96.77947638,  99.9
 74,  12, 28.70035211, 96.78529968,  99.9
 75,  12, 28.69535827, 96.79120166,  99.9
 76,  12, 28.69029623, 96.79718337,  99.9
 77,  12, 28.68516504, 96.80324590,  99.9
 78,  12, 28.67996375, 96.80939031,  99.9
 79,  12, 28.67469142, 96.81561772,  99.9
 80,  12, 28.66934705, 96.82192922,  99.9
 81,  12, 28.66392967, 96.82832595,  99.9
 82,  12, 28.65843826, 96.83480905,  99.9
 83,  12, 28.65287183, 96.84137967,  99.9
 84,  12, 28.64722933, 96.84803900,  99.9
 85,  12, 28.64150972, 96.85478821,  99.9
 86,  12, 28.63571195, 96.86162851,  99.9
 87,  12, 28.62983494, 96.86856112,  99.9
 88,  12, 28.62387761, 96.87558728,  99.9
 89,  12, 28.61783885, 96.88270823,  99.9
 90,  12, 28.61171754, 96.88992524,  99.9
 91,  12, 28.60551255, 96.89723961,  99.9
 92,  12, 28.59922274, 96.90465262,  99.9
 93,  12, 28.59284693, 96.91216560,   3.6
 94,  12, 28.58638395, 96.91977989,  99.9
 95,  12, 28.57983259, 96.92749684,  99.9
 96,  12, 28.57319165, 96.93531781,  99.9
 97,  12, 28.56645989, 96.94324421,  99.9
 98,  12, 28.55963607, 96.95127743,  99.9
 99,  12, 28.55271892, 96.95941890,  99.9
100,  12, 28.54570716, 96.96767006,  99.9
101,  12, 28.53859948, 96.97603239,  99.9
102,  12, 28.53139457, 96.98450736,  99.9
103,  12, 28.52409109, 96.99309647,  99.9
104,  12, 28.51668768, 97.00180124,  99.9
105,  12, 28.50918298, 97.01062323,  99.9
106,  12, 28.50157558, 97.01956397,  99.9
107,  12, 28.49386408, 97.02862507,  99.9
108,  12, 28.48604704, 97.03780812,  99.9
109,  12, 28.47812301, 97.04711474,  99.9
110,  12, 28.47009052, 97.05654658,  99.9
111,  12, 28.46194807, 97.06610530,  99.9
112,  12, 28.45369416, 97.07579260,  99.9
113,  12, 28.44532724, 97.08561017,  99.9
114,  12, 28.43684575, 97.09555976,  99.9
115,  12, 28.42824814, 97.10564311,  99.9
116,  12, 28.41953278, 97.11586200,  99.9
117,  12, 28.41069806, 97.12621823,  99.9
118,  12, 28.40174234, 97.13671363,  99.9
119,  12, 28.39266395, 97.14735003,  99.9
120,  12, 28.38346119, 97.15812932,  99.9
121,  12, 28.37413235, 97.16905337,  99.9
122,  12, 28.36467570, 97.18012412,  99.9
123,  12, 28.35508947, 97.19134351,  99.9
124,  12, 28.34537188, 97.20271350,  99.9
125,  12, 28.33552110, 97.21423609,  99.9
126,  12, 28.32553532, 97.22591329,  99.9
127,  12, 28.31541265, 97.23774716,  99.9
128,  12, 28.30515121, 97.24973976,  99.9
129,  12, 28.29474910, 97.26189319,  99.9
130,  12, 28.28420435, 97.27420958,  99.9
131,  12, 28.27351502, 97.28669108,  99.9
132,  12, 28.26267909, 97.29933987,  99.9
133,  12, 28.25169454, 97.31215815,  99.9
134,  12, 28.24055932, 97.32514817,  99.9
135,  12, 28.22927136, 97.33831218,  99.9
136,  12, 28.21782853, 97.35165249,  99.9
137,  12, 28.20622869, 97.36517141,  99.9
138,  12, 28.19446968, 97.37887129,  99.9
139,  12, 28.18254930, 97.39275452,  99.9
140,  12, 28.17046531, 97.40682350,  99.9
141,  12, 28.15821545, 97.42108069,  99.9
142,  12, 28.14579742, 97.43552856,  99.9
143,  12, 28.13320890, 97.45016960,  99.9
144,  12, 28.12044753, 97.46500637,  99.9
145,  12, 28.10751091, 97.48004142,  99.9
146,  12, 28.09439662, 97.49527735,  99.9
147,  12, 28.08110220, 97.51071681,  99.9
148,  12, 28.06762514, 97.52636246,  99.9
149,  12, 28.05396293, 97.54221700,  99.9
150,  12, 28.04011300, 97.55828316,  99.9
151,  12, 28.02607274, 97.57456372,  99.9
152,  12, 28.01183951, 97.59106148,  99.9
153,  12, 27.99741064, 97.60777927,  99.9
154,  12, 27.98278342, 97.62471997,  99.9
155,  12, 27.96795509, 97.64188650,  99.9
156,  12, 27.95292286, 97.65928180,  99.9
157,  12, 27.93768391, 97.67690885,  99.9
158,  12, 27.92223536, 97.69477067,  99.9
159,  12, 27.90657431, 97.71287033,  99.9
160,  12, 27.89069780, 97.73121092,  99.9
161,  12, 27.87460284, 97.74979556,  99.9
162,  12, 27.85828639, 97.76862745,  99.9
163,  12, 27.84174538, 97.78770979,  99.9
164,  12, 27.82497668, 97.80704583,  99.9
165,  12, 27.80797714, 97.82663887,  99.9
166,  12, 27.79074353, 97.84649224,  99.9
167,  12, 27.77327261, 97.86660931,  99.9
168,  12, 27.75556107, 97.88699350,  99.9
169,  12, 27.73760557, 97.90764827,  99.9
170,  12, 27.71940270, 97.92857712,  99.9
171,  12, 27.70094902, 97.94978359,  99.9
172,  12, 27.68224105, 97.97127127,  99.9
173,  12, 27.66327523, 97.99304378,  99.9
174,  12, 27.64404798, 98.01510481,  99.9
175,  12, 27.62455566, 98.03745807,  99.9
176,  12, 27.60479456, 98.06010733,  99.9
177,  12, 27.58476094, 98.08305639,  99.9
178,  12, 27.56445101, 98.10630912,  99.9
179,  12, 27.54386089, 98.12986941,  99.9
180,  12, 27.52298670, 98.15374121,  99.9
181,  12, 27.50182445, 98.17792853,  99.9
182,  12, 27.48037014, 98.20243540,  99.9
183,  12, 27.45861968, 98.22726593,  99.9
184,  12, 27.43656893, 98.25242425,  99.9
185,  12, 27.41421371, 98.27791455,  99.9
186,  12, 27.39154975, 98.30374109,  99.9
187,  12, 27.36857274, 98.32990814,  99.9
188,  12, 27.34527830, 98.35642007,  99.9
189,  12, 27.32166200, 98.38328125,  99.9
190,  12, 27.29771932, 98.41049615,  99.9
191,  12, 27.27344572, 98.43806925,  99.9
  1,  13, 28.92832917, 96.51054738,  99.9
  2,  13, 28.92644560, 96.51272890,  99.9
  3,  13, 28.92453636, 96.51494002,  99.9
  4,  13, 28.92260111, 96.51718115,  99.9
  5,  13, 28.92063949, 96.51945269,  99.9
  6,  13, 28.91865114, 96.52175505,  99.9
  7,  13, 28.91663570, 96.52408864,  99.9
  8,  13, 28.91459279, 96.52645390,  99.9
  9,  13, 28.91252204, 96.52885124,  99.9
 10,  13, 28.91042308, 96.53128111,  99.9
 11,  13, 28.90829551, 96.53374394,  99.9
 12,  13, 28.90613895, 96.53624017,  99.9
 13,  13, 28.90395299, 96.53877027,  99.9
 14,  13, 28.90173725, 96.54133469,  99.9
 15,  13, 28.89949130, 96.54393388,  99.9
 16,  13, 28.89721475, 96.54656833,  99.9
 17,  13, 28.89490717, 96.54923851,  99.9
 18,  13, 28.89256814, 96.55194490,  99.9
 19,  13, 28.89019722, 96.55468799,  99.9
 20,  13, 28.88779399, 96.55746828,  99.9
 21,  13, 28.88535800, 96.56028627,  99.9
 22,  13, 28.88288881, 96.56314247,  99.9
 23,  13, 28.88038596, 96.56603739,  99.9
 24,  13, 28.87784899, 96.56897157,  99.9
 25,  13, 28.87527744, 96.57194552,  99.9
 26,  13, 28.87267083, 96.57495979,   4.0
 27,  13, 28.87002868, 96.57801491,   4.0
 28,  13, 28.86735051, 96.58111146,   4.0
 29,  13, 28.86463583, 96.58424997,  99.9
 30,  13, 28.86188414, 96.58743102,  99.9
 31,  13, 28.85909494, 96.59065519,  99.9
 32,  13, 28.85626770, 96.59392305,  99.9
 33,  13, 28.85340191, 96.59723519,  99.9
 34,  13, 28.85049705, 96.60059222,  99.9
 35,  13, 28.84755258, 96.60399473,  99.9
 36,  13, 28.84456796, 96.60744335,  99.9
 37,  13, 28.84154263, 96.61093869,  99.9
 38,  13, 28.83847605, 96.61448138,  99.9
 39,  13, 28.83536766, 96.61807207,  99.9
 40,  13, 28.83221686, 96.62171140,  99.9
 41,  13, 28.82902310, 96.62540002,  99.9
 42,  13, 28.82578578, 96.62913861,  99.9
 43,  13, 28.82250431, 96.63292782,  99.9
 44,  13, 28.81917808, 96.63676836,  99.9
 45,  13, 28.81580648, 96.64066090,  99.9
 46,  13, 28.81238889, 96.64460616,  99.9
 47,  13, 28.80892468, 96.64860483,  99.9
 48,  13, 28.80541321, 96.65265764,  99.9
 49,  13, 28.80185384, 96.65676533,  99.9
 50,  13, 28.79824592, 96.66092862,  99.9
 51,  13, 28.79458877, 96.66514826,  99.9
 52,  13, 28.79088173, 96.66942503,  99.9
 53,  13, 28.78712411, 96.67375967,  99.9
 54,  13, 28.78331522, 96.67815299,  99.9
 55,  13, 28.77945436, 96.68260575,  99.9
 56,  13, 28.77554082, 96.68711877,  99.9
 57,  13, 28.77157387, 96.69169285,   4.5
 58,  13, 28.76755279, 96.69632883,  99.9
 59,  13, 28.76347684, 96.70102751,  99.9
 60,  13, 28.75934526, 96.70578977,  99.9
 61,  13, 28.75515730, 96.71061643,  99.9
 62,  13, 28.75091217, 96.71550839,  99.9
 63,  13, 28.74660910, 96.72046650,  99.9
 64,  13, 28.74224730, 96.72549166,  99.9
 65,  13, 28.73782596, 96.73058478,  99.9
 66,  13, 28.73334427, 96.73574676,  99.9
 67,  13, 28.72880140, 96.74097853,  99.9
 68,  13, 28.72419650, 96.74628102,  99.9
 69,  13, 28.71952874, 96.75165520,  99.9
 70,  13, 28.71479725, 96.75710201,  99.9
 71,  13, 28.71000116, 96.76262244,  99.9
 72,  13, 28.70513958, 96.76821747,  99.9
 73,  13, 28.70021162, 96.77388810,  99.9
 74,  13, 28.69521637, 96.77963536,  99.9
 75,  13, 28.69015289, 96.78546026,  99.9
 76,  13, 28.68502027, 96.79136384,  99.9
 77,  13, 28.67981755, 96.79734717,  99.9
 78,  13, 28.67454377, 96.80341132,  99.9
 79,  13, 28.66919795, 96.80955735,  99.9
 80,  13, 28.66377911, 96.81578638,  99.9
 81,  13, 28.65828625, 96.82209952,  99.9
 82,  13, 28.65271836, 96.82849789,  99.9
 83,  13, 28.64707439, 96.83498263,  99.9
 84,  13, 28.64135332, 96.84155490,  99.9
 85,  13, 28.63555408, 96.84821587,  99.9
 86,  13, 28.62967560, 96.85496674,  99.9
 87,  13, 28.62371679, 96.86180869,  99.9
 88,  13, 28.61767655, 96.86874296,  99.9
 89,  13, 28.61155377, 96.87577077,  99.9
 90,  13, 28.60534731, 96.88289338,  99.9
 91,  13, 28.59905601, 96.89011205,  99.9
 92,  13, 28.59267873, 96.89742807,  99.9
 93,  13, 28.58621427, 96.90484274,   3.6
 94,  13, 28.57966145, 96.91235737,  99.9
 95,  13, 28.57301904, 96.91997331,  99.9
 96,  13, 28.56628581, 96.92769190,  99.9
 97,  13, 28.55946053, 96.93551452,  99.9
 98,  13, 28.55254192, 96.94344255,  99.9
 99,  13, 28.54552870, 96.95147740,  99.9
100,  13, 28.53841958, 96.95962049,  99.9
101,  13, 28.53121323, 96.96787328,  99.9
102,  13, 28.52390831, 96.97623721,  99.9
103,  13, 28.51650349, 96.98471378,  99.9
104,  13, 28.50899737, 96.99330448,  99.9
105,  13, 28.50138857, 97.00201084,  99.9
106,  13, 28.49367567, 97.01083438,  99.9
107,  13, 28.48585726, 97.01977669,  99.9
108,  13, 28.47793186, 97.02883932,  99.9
109,  13, 28.46989801, 97.03802389,  99.9
110,  13, 28.46175423, 97.04733202,  99.9
111,  13, 28.45349899, 97.05676535,  99.9
112,  13, 28.44513077, 97.06632555,  99.9
113,  13, 28.43664800, 97.07601429,  99.9
114,  13, 28.42804912, 97.08583329,  99.9
115,  13, 28.41933252, 97.09578428,  99.9
116,  13, 28.41049658, 97.10586901,  99.9
117,  13, 28.40153966, 97.11608926,  99.9
118,  13, 28.39246009, 97.12644682,  99.9
119,  13, 28.38325619, 97.13694351,  99.9
120,  13, 28.37392624, 97.14758118,  99.9
121,  13, 28.36446850, 97.15836170,  99.9
122,  13, 28.35488121, 97.16928696,  99.9
123,  13, 28.34516259, 97.18035887,  99.9
124,  13, 28.33531083, 97.19157939,  99.9
125,  13, 28.32532409, 97.20295046,  99.9
126,  13, 28.31520051, 97.21447409,  99.9
127,  13, 28.30493820, 97.22615230,  99.9
128,  13, 28.29453525, 97.23798712,  99.9
129,  13, 28.28398972, 97.24998062,  99.9
130,  13, 28.27329964, 97.26213491,  99.9
131,  13, 28.26246302, 97.27445211,  99.9
132,  13, 28.25147783, 97.28693435,  99.9
133,  13, 28.24034203, 97.29958383,  99.9
134,  13, 28.22905353, 97.31240274,  99.9
135,  13, 28.21761022, 97.32539333,  99.9
136,  13, 28.20600997, 97.33855784,  99.9
137,  13, 28.19425061, 97.35189858,  99.9
138,  13, 28.18232994, 97.36541786,  99.9
139,  13, 28.17024573, 97.37911803,  99.9
140,  13, 28.15799572, 97.39300146,  99.9
141,  13, 28.14557762, 97.40707058,  99.9
142,  13, 28.13298910, 97.42132781,  99.9
143,  13, 28.12022781, 97.43577563,  99.9
144,  13, 28.10729136, 97.45041655,  99.9
145,  13, 28.09417732, 97.46525308,  99.9
146,  13, 28.08088324, 97.48028780,  99.9
147,  13, 28.06740662, 97.49552331,  99.9
148,  13, 28.05374494, 97.51096224,  99.9
149,  13, 28.03989564, 97.52660724,  99.9
150,  13, 28.02585611, 97.54246102,  99.9
151,  13, 28.01162373, 97.55852631,  99.9
152,  13, 27.99719582, 97.57480587,  99.9
153,  13, 27.98256968, 97.59130250,  99.9
154,  13, 27.96774254, 97.60801904,  99.9
155,  13, 27.95271164, 97.62495835,  99.9
156,  13, 27.93747414, 97.64212334,  99.9
157,  13, 27.92202718, 97.65951695,  99.9
158,  13, 27.90636785, 97.67714217,  99.9
159,  13, 27.89049321, 97.69500200,  99.9
160,  13, 27.87440027, 97.71309951,  99.9
161,  13, 27.85808600, 97.73143777,  99.9
162,  13, 27.84154733, 97.75001992,  99.9
163,  13, 27.82478113, 97.76884913,  99.9
164,  13, 27.80778426, 97.78792861,  99.9
165,  13, 27.79055351, 97.80726159,  99.9
166,  13, 27.77308562, 97.82685138,  99.9
167,  13, 27.75537731, 97.84670128,  99.9
168,  13, 27.73742522, 97.86681468,  99.9
169,  13, 27.71922598, 97.88719498,  99.9
170,  13, 27.70077614, 97.90784562,  99.9
171,  13, 27.68207221, 97.92877011,  99.9
172,  13, 27.66311067, 97.94997198,  99.9
173,  13, 27.64388793, 97.97145481,  99.9
174,  13, 27.62440035, 97.99322222,  99.9
175,  13, 27.60464425, 98.01527787,  99.9
176,  13, 27.58461588, 98.03762548,  99.9
177,  13, 27.56431145, 98.06026880,  99.9
178,  13, 27.54372712, 98.08321163,  99.9
179,  13, 27.52285899, 98.10645782,  99.9
180,  13, 27.50170310, 98.13001126,  99.9
181,  13, 27.48025544, 98.15387590,  99.9
182,  13, 27.45851194, 98.17805571,  99.9
183,  13, 27.43646847, 98.20255474,  99.9
184,  13, 27.41412085, 98.22737707,  99.9
185,  13, 27.39146483, 98.25252682,  99.9
186,  13, 27.36849612, 98.27800819,  99.9
187,  13, 27.34521033, 98.30382539,  99.9
188,  13, 27.32160305, 98.32998272,  99.9
189,  13, 27.29766979, 98.35648451,  99.9
190,  13, 27.27340599, 98.38333513,  99.9
191,  13, 27.24880702, 98.41053903,  99.9
  1,  14, 28.92643542, 96.50840642,  99.9
  2,  14, 28.92452612, 96.51055881,  99.9
  3,  14, 28.92259080, 96.51274041,  99.9
  4,  14, 28.92062912, 96.51495160,  99.9
  5,  14, 28.91864070, 96.51719281,  99.9
  6,  14, 28.91662519, 96.51946441,  99.9
  7,  14, 28.91458222, 96.52176684,  99.9
  8,  14, 28.91251142, 96.52410051,  99.9
  9,  14, 28.91041239, 96.52646583,  99.9
 10,  14, 28.90828476, 96.52886324,  99.9
 11,  14, 28.90612814, 96.53129317,  99.9
 12,  14, 28.90394213, 96.53375606,  99.9
 13,  14, 28.90172633, 96.53625236,  99.9
 14,  14, 28.89948034, 96.53878252,  99.9
 15,  14, 28.89720374, 96.54134699,  99.9
 16,  14, 28.89489611, 96.54394624,  99.9
 17,  14, 28.89255703, 96.54658074,  99.9
 18,  14, 28.89018607, 96.54925097,  99.9
 19,  14, 28.88778280, 96.55195741,  99.9
 20,  14, 28.88534677, 96.55470055,  99.9
 21,  14, 28.88287754, 96.55748088,  99.9
 22,  14, 28.88037466, 96.56029890,  99.9
 23,  14, 28.87783766, 96.56315514,  99.9
 24,  14, 28.87526607, 96.56605009,  99.9
 25,  14, 28.87265944, 96.56898429,  99.9
 26,  14, 28.87001727, 96.57195827,  99.9
 27,  14, 28.86733909, 96.57497256,  99.9
 28,  14, 28.86462439, 96.57802771,   3.9
 29,  14, 28.86187269, 96.58112426,   3.9
 30,  14, 28.85908348, 96.58426279,   3.9
 31,  14, 28.85625624, 96.58744384,  99.9
 32,  14, 28.85339045, 96.59066801,  99.9
 33,  14, 28.85048559, 96.59393587,  99.9
 34,  14, 28.84754113, 96.59724800,  99.9
 35,  14, 28.84455652, 96.60060501,  99.9
 36,  14, 28.84153122, 96.60400751,  99.9
 37,  14, 28.83846466, 96.60745610,  99.9
 38,  14, 28.83535629, 96.61095141,  99.9
 39,  14, 28.83220554, 96.61449407,  99.9
 40,  14, 28.82901182, 96.61808471,  99.9
 41,  14, 28.82577454, 96.62172399,  99.9
 42,  14, 28.82249312, 96.62541256,  99.9
 43,  14, 28.81916695, 96.62915108,  99.9
 44,  14, 28.81579541, 96.63294023,  99.9
 45,  14, 28.81237789, 96.63678069,  99.9
 46,  14, 28.80891376, 96.64067315,  99.9
 47,  14, 28.80540238, 96.64461831,  99.9
 48,  14, 28.80184311, 96.64861688,  99.9
 49,  14, 28.79823528, 96.65266959,  99.9
 50,  14, 28.79457825, 96.65677715,  99.9
 51,  14, 28.79087132, 96.66094031,  99.9
 52,  14, 28.78711383, 96.66515982,  99.9
 53,  14, 28.78330508, 96.66943644,  99.9
 54,  14, 28.77944436, 96.67377092,  99.9
 55,  14, 28.77553097, 96.67816407,  99.9
 56,  14, 28.77156419, 96.68261665,  99.9
 57,  14, 28.76754329, 96.68712948,   4.5
 58,  14, 28.76346752, 96.69170336,  99.9
 59,  14, 28.75933614, 96.69633912,  99.9
 60,  14, 28.75514838, 96.70103758,  99.9
 61,  14, 28.75090348, 96.70579959,  99.9
 62,  14, 28.74660064, 96.71062601,  99.9
 63,  14, 28.74223909, 96.71551769,  99.9
 64,  14, 28.73781801, 96.72047552,  99.9
 65,  14, 28.73333658, 96.72550039,  99.9
 66,  14, 28.72879400, 96.73059319,  99.9
 67,  14, 28.72418940, 96.73575484,  99.9
 68,  14, 28.71952196, 96.74098627,  99.9
 69,  14, 28.71479080, 96.74628840,  99.9
 70,  14, 28.70999505, 96.75166219,  99.9
 71,  14, 28.70513384, 96.75710861,  99.9
 72,  14, 28.70020626, 96.76262862,  99.9
 73,  14, 28.69521140, 96.76822321,  99.9
 74,  14, 28.69014834, 96.77389339,  99.9
 75,  14, 28.68501615, 96.77964017,  99.9
 76,  14, 28.67981389, 96.78546457,  99.9
 77,  14, 28.67454058, 96.79136764,  99.9
 78,  14, 28.66919526, 96.79735042,  99.9
 79,  14, 28.66377694, 96.80341400,  99.9
 80,  14, 28.65828462, 96.80955945,  99.9
 81,  14, 28.65271728, 96.81578786,  99.9
 82,  14, 28.64707390, 96.82210036,  99.9
 83,  14, 28.64135344, 96.82849806,  99.9
 84,  14, 28.63555483, 96.83498211,  99.9
 85,  14, 28.62967701, 96.84155365,  99.9
 86,  14, 28.62371889, 96.84821387,  99.9
 87,  14, 28.61767936, 96.85496395,  99.9
 88,  14, 28.61155732, 96.86180510,  99.9
 89,  14, 28.60535163, 96.86873852,  99.9
 90,  14, 28.59906114, 96.87576545,  99.9
 91,  14, 28.59268468, 96.88288714,  99.9
 92,  14, 28.58622109, 96.89010487,  99.9
 93,  14, 28.57966916, 96.89741990,   3.6
 94,  14, 28.57302768, 96.90483355,  99.9
 95,  14, 28.56629542, 96.91234713,  99.9
 96,  14, 28.55947114, 96.91996196,  99.9
 97,  14, 28.55255357, 96.92767942,  99.9
 98,  14, 28.54554143, 96.93550085,  99.9
 99,  14, 28.53843342, 96.94342766,  99.9
100,  14, 28.53122823, 96.95146124,  99.9
101,  14, 28.52392451, 96.95960302,  99.9
102,  14, 28.51652093, 96.96785444,  99.9
103,  14, 28.50901610, 96.97621696,  99.9
104,  14, 28.50140863, 96.98469207,  99.9
105,  14, 28.49369711, 96.99328126,  99.9
106,  14, 28.48588012, 97.00198604,  99.9
107,  14, 28.47795621, 97.01080797,  99.9
108,  14, 28.46992389, 97.01974859,  99.9
109,  14, 28.46178169, 97.02880949,  99.9
110,  14, 28.45352809, 97.03799227,  99.9
111,  14, 28.44516156, 97.04729854,  99.9
112,  14, 28.43668055, 97.05672995,  99.9
113,  14, 28.42808348, 97.06628815,  99.9
114,  14, 28.41936875, 97.07597484,  99.9
115,  14, 28.41053475, 97.08579172,  99.9
116,  14, 28.40157983, 97.09574052,  99.9
117,  14, 28.39250233, 97.10582298,  99.9
118,  14, 28.38330057, 97.11604088,  99.9
119,  14, 28.37397283, 97.12639602,  99.9
120,  14, 28.36451737, 97.13689021,  99.9
121,  14, 28.35493244, 97.14752529,  99.9
122,  14, 28.34521626, 97.15830314,  99.9
123,  14, 28.33536701, 97.16922564,  99.9
124,  14, 28.32538287, 97.18029471,  99.9
125,  14, 28.31526197, 97.19151228,  99.9
126,  14, 28.30500244, 97.20288033,  99.9
127,  14, 28.29460235, 97.21440083,  99.9
128,  14, 28.28405977, 97.22607580,  99.9
129,  14, 28.27337274, 97.23790728,  99.9
130,  14, 28.26253926, 97.24989735,  99.9
131,  14, 28.25155732, 97.26204808,  99.9
132,  14, 28.24042486, 97.27436161,  99.9
133,  14, 28.22913982, 97.28684007,  99.9
134,  14, 28.21770007, 97.29948565,  99.9
135,  14, 28.20610350, 97.31230054,  99.9
136,  14, 28.19434793, 97.32528698,  99.9
137,  14, 28.18243117, 97.33844722,  99.9
138,  14, 28.17035099, 97.35178354,  99.9
139,  14, 28.15810514, 97.36529827,  99.9
140,  14, 28.14569133, 97.37899375,  99.9
141,  14, 28.13310723, 97.39287235,  99.9
142,  14, 28.12035050, 97.40693648,  99.9
143,  14, 28.10741875, 97.42118858,  99.9
144,  14, 28.09430956, 97.43563111,  99.9
145,  14, 28.08102047, 97.45026656,  99.9
146,  14, 28.06754900, 97.46509747,  99.9
147,  14, 28.05389262, 97.48012640,  99.9
148,  14, 28.04004879, 97.49535594,  99.9
149,  14, 28.02601490, 97.51078872,  99.9
150,  14, 28.01178832, 97.52642738,  99.9
151,  14, 27.99736639, 97.54227464,  99.9
152,  14, 27.98274641, 97.55833320,  99.9
153,  14, 27.96792562, 97.57460583,  99.9
154,  14, 27.95290126, 97.59109533,  99.9
155,  14, 27.93767049, 97.60780452,  99.9
156,  14, 27.92223047, 97.62473626,  99.9
157,  14, 27.90657829, 97.64189346,  99.9
158,  14, 27.89071100, 97.65927906,  99.9
159,  14, 27.87462564, 97.67689601,  99.9
160,  14, 27.85831917, 97.69474734,  99.9
161,  14, 27.84178853, 97.71283609,  99.9
162,  14, 27.82503061, 97.73116534,  99.9
163,  14, 27.80804226, 97.74973822,  99.9
164,  14, 27.79082028, 97.76855788,  99.9
165,  14, 27.77336142, 97.78762753,  99.9
166,  14, 27.75566240, 97.80695040,  99.9
167,  14, 27.73771988, 97.82652977,  99.9
168,  14, 27.71953048, 97.84636897,  99.9
169,  14, 27.70109077, 97.86647134,  99.9
170,  14, 27.68239728, 97.88684029,  99.9
171,  14, 27.66344648, 97.90747927,  99.9
172,  14, 27.64423478, 97.92839175,  99.9
173,  14, 27.62475857, 97.94958127,  99.9
174,  14, 27.60501417, 97.97105139,  99.9
175,  14, 27.58499783, 97.99280572,  99.9
176,  14, 27.56470579, 98.01484793,  99.9
177,  14, 27.54413421, 98.03718170,  99.9
178,  14, 27.52327918, 98.05981079,  99.9
179,  14, 27.50213678, 98.08273899,  99.9
180,  14, 27.48070299, 98.10597013,  99.9
181,  14, 27.45897376, 98.12950810,  99.9
182,  14, 27.43694497, 98.15335682,  99.9
183,  14, 27.41461245, 98.17752027,  99.9
184,  14, 27.39197197, 98.20200247,  99.9
185,  14, 27.36901923, 98.22680749,  99.9
186,  14, 27.34574987, 98.25193946,  99.9
187,  14, 27.32215949, 98.27740253,  99.9
188,  14, 27.29824360, 98.30320094,  99.9
189,  14, 27.27399766, 98.32933894,  99.9
190,  14, 27.24941706, 98.35582085,  99.9
191,  14, 27.22449714, 98.38265105,  99.9
  1,  15, 28.92456727, 96.50623664,  99.9
  2,  15, 28.92263259, 96.50835951,  99.9
  3,  15, 28.92067154, 96.51051119,  99.9
  4,  15, 28.91868377, 96.51269206,  99.9
  5,  15, 28.91666893, 96.51490252,  99.9
  6,  15, 28.91462663, 96.51714297,  99.9
  7,  15, 28.91255650, 96.51941381,  99.9
  8,  15, 28.91045817, 96.52171546,  99.9
  9,  15, 28.90833125, 96.52404834,  99.9
 10,  15, 28.90617535, 96.52641285,  99.9
 11,  15, 28.90399007, 96.52880945,  99.9
 12,  15, 28.90177501, 96.53123855,  99.9
 13,  15, 28.89952977, 96.53370060,  99.9
 14,  15, 28.89725394, 96.53619604,  99.9
 15,  15, 28.89494709, 96.53872532,  99.9
 16,  15, 28.89260881, 96.54128890,  99.9
 17,  15, 28.89023866, 96.54388725,  99.9
 18,  15, 28.88783621, 96.54652083,  99.9
 19,  15, 28.88540101, 96.54919013,  99.9
 20,  15, 28.88293264, 96.55189562,  99.9
 21,  15, 28.88043061, 96.55463778,  99.9
 22,  15, 28.87789449, 96.55741713,  99.9
 23,  15, 28.87532381, 96.56023416,  99.9
 24,  15, 28.87271808, 96.56308938,  99.9
 25,  15, 28.87007684, 96.56598330,  99.9
 26,  15, 28.86739960, 96.56891645,  99.9
 27,  15, 28.86468586, 96.57188935,  99.9
 28,  15, 28.86193514, 96.57490255,  99.9
 29,  15, 28.85914691, 96.57795659,  99.9
 30,  15, 28.85632068, 96.58105202,   3.9
 31,  15, 28.85345593, 96.58418939,   3.9
 32,  15, 28.85055211, 96.58736928,  99.9
 33,  15, 28.84760871, 96.59059226,  99.9
 34,  15, 28.84462519, 96.59385891,  99.9
 35,  15, 28.84160099, 96.59716981,  99.9
 36,  15, 28.83853555, 96.60052558,  99.9
 37,  15, 28.83542832, 96.60392680,  99.9
 38,  15, 28.83227873, 96.60737409,  99.9
 39,  15, 28.82908619, 96.61086808,  99.9
 40,  15, 28.82585012, 96.61440940,  99.9
 41,  15, 28.82256992, 96.61799868,  99.9
 42,  15, 28.81924500, 96.62163656,  99.9
 43,  15, 28.81587473, 96.62532371,  99.9
 44,  15, 28.81245851, 96.62906079,  99.9
 45,  15, 28.80899569, 96.63284848,  99.9
 46,  15, 28.80548565, 96.63668744,  99.9
 47,  15, 28.80192774, 96.64057838,  99.9
 48,  15, 28.79832131, 96.64452199,  99.9
 49,  15, 28.79466568, 96.64851899,  99.9
 50,  15, 28.79096020, 96.65257008,  99.9
 51,  15, 28.78720417, 96.65667601,  99.9
 52,  15, 28.78339691, 96.66083751,  99.9
 53,  15, 28.77953772, 96.66505532,  99.9
 54,  15, 28.77562588, 96.66933021,  99.9
 55,  15, 28.77166068, 96.67366294,  99.9
 56,  15, 28.76764138, 96.67805430,   4.5
 57,  15, 28.76356725, 96.68250506,   4.5
 58,  15, 28.75943754, 96.68701603,  99.9
 59,  15, 28.75525148, 96.69158802,  99.9
 60,  15, 28.75100831, 96.69622185,  99.9
 61,  15, 28.74670723, 96.70091835,  99.9
 62,  15, 28.74234748, 96.70567836,  99.9
 63,  15, 28.73792822, 96.71050274,  99.9
 64,  15, 28.73344867, 96.71539235,  99.9
 65,  15, 28.72890798, 96.72034806,  99.9
 66,  15, 28.72430532, 96.72537078,  99.9
 67,  15, 28.71963985, 96.73046138,  99.9
 68,  15, 28.71491070, 96.73562080,  99.9
 69,  15, 28.71011701, 96.74084994,  99.9
 70,  15, 28.70525788, 96.74614976,  99.9
 71,  15, 28.70033242, 96.75152118,  99.9
 72,  15, 28.69533973, 96.75696519,  99.9
 73,  15, 28.69027889, 96.76248274,  99.9
 74,  15, 28.68514895, 96.76807483,  99.9
 75,  15, 28.67994898, 96.77374246,  99.9
 76,  15, 28.67467802, 96.77948663,  99.9
 77,  15, 28.66933508, 96.78530838,  99.9
 78,  15, 28.66391920, 96.79120875,  99.9
 79,  15, 28.65842936, 96.79718878,  99.9
 80,  15, 28.65286455, 96.80324955,  99.9
 81,  15, 28.64722375, 96.80939213,  99.9
 82,  15, 28.64150591, 96.81561763,  99.9
 83,  15, 28.63570999, 96.82192714,  99.9
 84,  15, 28.62983490, 96.82832181,  99.9
 85,  15, 28.62387957, 96.83480276,  99.9
 86,  15, 28.61784289, 96.84137116,  99.9
 87,  15, 28.61172375, 96.84802816,  99.9
 88,  15, 28.60552101, 96.85477496,  99.9
 89,  15, 28.59923354, 96.86161275,  99.9
 90,  15, 28.59286016, 96.86854276,  99.9
 91,  15, 28.58639971, 96.87556621,  99.9
 92,  15, 28.57985098, 96.88268436,  99.9
 93,  15, 28.57321277, 96.88989846,   3.6
 94,  15, 28.56648384, 96.89720980,  99.9
 95,  15, 28.55966296, 96.90461968,  99.9
 96,  15, 28.55274886, 96.91212942,  99.9
 97,  15, 28.54574026, 96.91974034,  99.9
 98,  15, 28.53863586, 96.92745379,  99.9
 99,  15, 28.53143435, 96.93527114,  99.9
100,  15, 28.52413440, 96.94319379,  99.9
101,  15, 28.51673465, 96.95122312,  99.9
102,  15, 28.50923373, 96.95936057,  99.9
103,  15, 28.50163026, 96.96760757,  99.9
104,  15, 28.49392283, 96.97596558,  99.9
105,  15, 28.48611000, 96.98443608,  99.9
106,  15, 28.47819033, 96.99302057,  99.9
107,  15, 28.47016235, 97.00172056,  99.9
108,  15, 28.46202458, 97.01053759,  99.9
109,  15, 28.45377550, 97.01947322,  99.9
110,  15, 28.44541358, 97.02852902,  99.9
111,  15, 28.43693728, 97.03770659,  99.9
112,  15, 28.42834501, 97.04700755,  99.9
113,  15, 28.41963519, 97.05643354,  99.9
114,  15, 28.41080621, 97.06598621,  99.9
115,  15, 28.40185641, 97.07566725,  99.9
116,  15, 28.39278413, 97.08547836,  99.9
117,  15, 28.38358771, 97.09542126,  99.9
118,  15, 28.37426541, 97.10549771,  99.9
119,  15, 28.36481552, 97.11570947,  99.9
120,  15, 28.35523628, 97.12605834,  99.9
121,  15, 28.34552590, 97.13654613,  99.9
122,  15, 28.33568258, 97.14717468,  99.9
123,  15, 28.32570449, 97.15794585,  99.9
124,  15, 28.31558978, 97.16886154,  99.9
125,  15, 28.30533656, 97.17992364,  99.9
126,  15, 28.29494292, 97.19113410,  99.9
127,  15, 28.28440694, 97.20249488,  99.9
128,  15, 28.27372664, 97.21400797,  99.9
129,  15, 28.26290004, 97.22567536,  99.9
130,  15, 28.25192513, 97.23749911,  99.9
131,  15, 28.24079985, 97.24948127,  99.9
132,  15, 28.22952214, 97.26162393,  99.9
133,  15, 28.21808990, 97.27392921,  99.9
134,  15, 28.20650098, 97.28639925,  99.9
135,  15, 28.19475324, 97.29903622,  99.9
136,  15, 28.18284448, 97.31184232,  99.9
137,  15, 28.17077248, 97.32481977,  99.9
138,  15, 28.15853498, 97.33797083,  99.9
139,  15, 28.14612970, 97.35129777,  99.9
140,  15, 28.13355433, 97.36480291,  99.9
141,  15, 28.12080652, 97.37848860,  99.9
142,  15, 28.10788388, 97.39235719,  99.9
143,  15, 28.09478400, 97.40641110,  99.9
144,  15, 28.08150444, 97.42065275,  99.9
145,  15, 28.06804270, 97.43508459,  99.9
146,  15, 28.05439628, 97.44970913,  99.9
147,  15, 28.04056262, 97.46452889,  99.9
148,  15, 28.02653912, 97.47954642,  99.9
149,  15, 28.01232318, 97.49476430,  99.9
150,  15, 27.99791212, 97.51018516,  99.9
151,  15, 27.98330325, 97.52581166,  99.9
152,  15, 27.96849382, 97.54164646,  99.9
153,  15, 27.95348107, 97.55769231,  99.9
154,  15, 27.93826219, 97.57395193,  99.9
155,  15, 27.92283431, 97.59042814,  99.9
156,  15, 27.90719455, 97.60712374,  99.9
157,  15, 27.89133997, 97.62404159,   3.1
158,  15, 27.87526759, 97.64118459,  99.9
159,  15, 27.85897440, 97.65855566,  99.9
160,  15, 27.84245735, 97.67615777,  99.9
161,  15, 27.82571332, 97.69399392,  99.9
162,  15, 27.80873917, 97.71206715,  99.9
163,  15, 27.79153172, 97.73038053,  99.9
164,  15, 27.77408772, 97.74893718,  99.9
165,  15, 27.75640390, 97.76774025,  99.9
166,  15, 27.73847693, 97.78679293,  99.9
167,  15, 27.72030344, 97.80609845,  99.9
168,  15, 27.70188000, 97.82566008,  99.9
169,  15, 27.68320315, 97.84548113,  99.9
170,  15, 27.66426937, 97.86556495,  99.9
171,  15, 27.64507509, 97.88591493,  99.9
172,  15, 27.62561670, 97.90653450,  99.9
173,  15, 27.60589052, 97.92742713,  99.9
174,  15, 27.58589283, 97.94859635,  99.9
175,  15, 27.56561987, 97.97004571,  99.9
176,  15, 27.54506780, 97.99177881,  99.9
177,  15, 27.52423275, 98.01379929,  99.9
178,  15, 27.50311077, 98.03611086,  99.9
179,  15, 27.48169789, 98.05871723,  99.9
180,  15, 27.45999005, 98.08162219,  99.9
181,  15, 27.43798315, 98.10482956,  99.9
182,  15, 27.41567303, 98.12834321,  99.9
183,  15, 27.39305546, 98.15216705,  99.9
184,  15, 27.37012617, 98.17630505,  99.9
185,  15, 27.34688081, 98.20076123,  99.9
186,  15, 27.32331498, 98.22553962,  99.9
187,  15, 27.29942422, 98.25064435,  99.9
188,  15, 27.27520400, 98.27607956,  99.9
189,  15, 27.25064972, 98.30184946,  99.9
190,  15, 27.22575673, 98.32795830,  99.9
191,  15, 27.20052031, 98.35441038,  99.9
  1,  16, 28.92272506, 96.50403844,  99.9
  2,  16, 28.92076534, 96.50613141,  99.9
  3,  16, 28.91877892, 96.50825277,  99.9
  4,  16, 28.91676544, 96.51040292,  99.9
  5,  16, 28.91472453, 96.51258224,  99.9
  6,  16, 28.91265581, 96.51479112,  99.9
  7,  16, 28.91055891, 96.51702997,  99.9
  8,  16, 28.90843344, 96.51929919,  99.9
  9,  16, 28.90627901, 96.52159920,  99.9
 10,  16, 28.90409522, 96.52393040,  99.9
 11,  16, 28.90188168, 96.52629322,  99.9
 12,  16, 28.89963798, 96.52868809,  99.9
 13,  16, 28.89736371, 96.53111544,  99.9
 14,  16, 28.89505845, 96.53357571,  99.9
 15,  16, 28.89272178, 96.53606935,  99.9
 16,  16, 28.89035327, 96.53859680,  99.9
 17,  16, 28.88795248, 96.54115852,  99.9
 18,  16, 28.88551897, 96.54375499,  99.9
 19,  16, 28.88305231, 96.54638665,  99.9
 20,  16, 28.88055202, 96.54905400,  99.9
 21,  16, 28.87801767, 96.55175752,  99.9
 22,  16, 28.87544877, 96.55449768,  99.9
 23,  16, 28.87284487, 96.55727499,  99.9
 24,  16, 28.87020548, 96.56008996,  99.9
 25,  16, 28.86753011, 96.56294307,  99.9
 26,  16, 28.86481828, 96.56583486,  99.9
 27,  16, 28.86206949, 96.56876585,  99.9
 28,  16, 28.85928323, 96.57173656,  99.9
 29,  16, 28.85645900, 96.57474753,  99.9
 30,  16, 28.85359626, 96.57779930,  99.9
 31,  16, 28.85069451, 96.58089243,   3.9
 32,  16, 28.84775320, 96.58402747,   3.9
 33,  16, 28.84477180, 96.58720499,  99.9
 34,  16, 28.84174975, 96.59042556,  99.9
 35,  16, 28.83868651, 96.59368976,  99.9
 36,  16, 28.83558150, 96.59699818,  99.9
 37,  16, 28.83243417, 96.60035142,  99.9
 38,  16, 28.82924392, 96.60375008,  99.9
 39,  16, 28.82601018, 96.60719477,  99.9
 40,  16, 28.82273235, 96.61068612,  99.9
 41,  16, 28.81940983, 96.61422475,  99.9
 42,  16, 28.81604201, 96.61781130,  99.9
 43,  16, 28.81262826, 96.62144642,  99.9
 44,  16, 28.80916797, 96.62513076,  99.9
 45,  16, 28.80566049, 96.62886498,  99.9
 46,  16, 28.80210518, 96.63264976,  99.9
 47,  16, 28.79850139, 96.63648577,  99.9
 48,  16, 28.79484845, 96.64037372,  99.9
 49,  16, 28.79114569, 96.64431429,  99.9
 50,  16, 28.78739244, 96.64830819,  99.9
 51,  16, 28.78358799, 96.65235615,  99.9
 52,  16, 28.77973166, 96.65645888,  99.9
 53,  16, 28.77582273, 96.66061714,  99.9
 54,  16, 28.77186048, 96.66483166,  99.9
 55,  16, 28.76784418, 96.66910320,  99.9
 56,  16, 28.76377310, 96.67343253,   4.5
 57,  16, 28.75964649, 96.67782043,  99.9
 58,  16, 28.75546358, 96.68226768,  99.9
 59,  16, 28.75122360, 96.68677508,  99.9
 60,  16, 28.74692578, 96.69134345,  99.9
 61,  16, 28.74256933, 96.69597359,  99.9
 62,  16, 28.73815344, 96.70066635,  99.9
 63,  16, 28.73367730, 96.70542255,  99.9
 64,  16, 28.72914008, 96.71024307,  99.9
 65,  16, 28.72454095, 96.71512875,  99.9
 66,  16, 28.71987906, 96.72008047,  99.9
 67,  16, 28.71515356, 96.72509912,  99.9
 68,  16, 28.71036357, 96.73018560,  99.9
 69,  16, 28.70550821, 96.73534082,  99.9
 70,  16, 28.70058658, 96.74056571,  99.9
 71,  16, 28.69559779, 96.74586119,  99.9
 72,  16, 28.69054090, 96.75122821,  99.9
 73,  16, 28.68541498, 96.75666774,  99.9
 74,  16, 28.68021910, 96.76218074,  99.9
 75,  16, 28.67495230, 96.76776820,  99.9
 76,  16, 28.66961359, 96.77343112,  99.9
 77,  16, 28.66420200, 96.77917052,  99.9
 78,  16, 28.65871653, 96.78498740,  99.9
 79,  16, 28.65315617, 96.79088282,  99.9
 80,  16, 28.64751989, 96.79685783,  99.9
 81,  16, 28.64180665, 96.80291349,  99.9
 82,  16, 28.63601540, 96.80905087,  99.9
 83,  16, 28.63014507, 96.81527109,  99.9
 84,  16, 28.62419457, 96.82157523,  99.9
 85,  16, 28.61816281, 96.82796443,  99.9
 86,  16, 28.61204867, 96.83443983,  99.9
 87,  16, 28.60585102, 96.84100257,  99.9
 88,  16, 28.59956872, 96.84765383,  99.9
 89,  16, 28.59320061, 96.85439478,  99.9
 90,  16, 28.58674551, 96.86122663,  99.9
 91,  16, 28.58020223, 96.86815059,  99.9
 92,  16, 28.57356955, 96.87516789,  99.9
 93,  16, 28.56684626, 96.88227978,   3.6
 94,  16, 28.56003111, 96.88948752,  99.9
 95,  16, 28.55312284, 96.89679239,  99.9
 96,  16, 28.54612018, 96.90419569,  99.9
 97,  16, 28.53902182, 96.91169872,  99.9
 98,  16, 28.53182646, 96.91930283,  99.9
 99,  16, 28.52453276, 96.92700935,  99.9
100,  16, 28.51713937, 96.93481965,  99.9
101,  16, 28.50964493, 96.94273511,  99.9
102,  16, 28.50204804, 96.95075715,  99.9
103,  16, 28.49434731, 96.95888716,  99.9
104,  16, 28.48654131, 96.96712660,  99.9
105,  16, 28.47862858, 96.97547692,  99.9
106,  16, 28.47060768, 96.98393959,  99.9
107,  16, 28.46247709, 96.99251611,  99.9
108,  16, 28.45423534, 97.00120800,  99.9
109,  16, 28.44588087, 97.01001678,  99.9
110,  16, 28.43741216, 97.01894401,  99.9
111,  16, 28.42882762, 97.02799126,  99.9
112,  16, 28.42012566, 97.03716013,  99.9
113,  16, 28.41130468, 97.04645224,  99.9
114,  16, 28.40236303, 97.05586921,  99.9
115,  16, 28.39329905, 97.06541270,  99.9
116,  16, 28.38411107, 97.07508440,  99.9
117,  16, 28.37479738, 97.08488601,  99.9
118,  16, 28.36535624, 97.09481923,  99.9
119,  16, 28.35578592, 97.10488583,  99.9
120,  16, 28.34608462, 97.11508755,  99.9
121,  16, 28.33625055, 97.12542621,  99.9
122,  16, 28.32628188, 97.13590360,  99.9
123,  16, 28.31617676, 97.14652155,  99.9
124,  16, 28.30593331, 97.15728194,  99.9
125,  16, 28.29554962, 97.16818665,  99.9
126,  16, 28.28502377, 97.17923757,  99.9
127,  16, 28.27435379, 97.19043665,  99.9
128,  16, 28.26353771, 97.20178583,  99.9
129,  16, 28.25257351, 97.21328710,  99.9
130,  16, 28.24145914, 97.22494247,  99.9
131,  16, 28.23019255, 97.23675396,  99.9
132,  16, 28.21877162, 97.24872364,  99.9
133,  16, 28.20719425, 97.26085360,  99.9
134,  16, 28.19545826, 97.27314593,  99.9
135,  16, 28.18356148, 97.28560278,  99.9
136,  16, 28.17150168, 97.29822631,  99.9
137,  16, 28.15927661, 97.31101872,  99.9
138,  16, 28.14688401, 97.32398223,  99.9
139,  16, 28.13432155, 97.33711908,  99.9
140,  16, 28.12158689, 97.35043155,  99.9
141,  16, 28.10867767, 97.36392194,  99.9
142,  16, 28.09559146, 97.37759260,  99.9
143,  16, 28.08232582, 97.39144588,  99.9
144,  16, 28.06887828, 97.40548419,  99.9
145,  16, 28.05524633, 97.41970993,  99.9
146,  16, 28.04142742, 97.43412558,  99.9
147,  16, 28.02741896, 97.44873361,  99.9
148,  16, 28.01321835, 97.46353654,  99.9
149,  16, 27.99882291, 97.47853691,  99.9
150,  16, 27.98422997, 97.49373732,  99.9
151,  16, 27.96943679, 97.50914037,  99.9
152,  16, 27.95444060, 97.52474870,  99.9
153,  16, 27.93923860, 97.54056500,  99.9
154,  16, 27.92382793, 97.55659197,  99.9
155,  16, 27.90820572, 97.57283237,  99.9
156,  16, 27.89236904, 97.58928896,  99.9
157,  16, 27.87631492, 97.60596457,   3.0
158,  16, 27.86004034, 97.62286205,  99.9
159,  16, 27.84354227, 97.63998427,  99.9
160,  16, 27.82681760, 97.65733416,  99.9
161,  16, 27.80986320, 97.67491467,  99.9
162,  16, 27.79267588, 97.69272880,  99.9
163,  16, 27.77525242, 97.71077958,  99.9
164,  16, 27.75758955, 97.72907006,  99.9
165,  16, 27.73968395, 97.74760336,  99.9
166,  16, 27.72153226, 97.76638262,  99.9
167,  16, 27.70313106, 97.78541102,  99.9
168,  16, 27.68447690, 97.80469178,  99.9
169,  16, 27.66556626, 97.82422816,  99.9
170,  16, 27.64639559, 97.84402345,  99.9
171,  16, 27.62696129, 97.86408100,  99.9
172,  16, 27.60725969, 97.88440418,  99.9
173,  16, 27.58728708, 97.90499642,  99.9
174,  16, 27.56703971, 97.92586118,  99.9
175,  16, 27.54651375, 97.94700196,  99.9
176,  16, 27.52570534, 97.96842231,  99.9
177,  16, 27.50461056, 97.99012582,  99.9
178,  16, 27.48322543, 98.01211612,  99.9
179,  16, 27.46154591, 98.03439688,  99.9
180,  16, 27.43956791, 98.05697183,  99.9
181,  16, 27.41728728, 98.07984474,  99.9
182,  16, 27.39469981, 98.10301940,  99.9
183,  16, 27.37180125, 98.12649968,  99.9
184,  16, 27.34858725, 98.15028948,  99.9
185,  16, 27.32505344, 98.17439274,  99.9
186,  16, 27.30119536, 98.19881347,  99.9
187,  16, 27.27700849, 98.22355569,  99.9
188,  16, 27.25248827, 98.24862351,  99.9
189,  16, 27.22763005, 98.27402105,  99.9
190,  16, 27.20242912, 98.29975251,  99.9
191,  16, 27.17688071, 98.32582212,  99.9
  1,  17, 28.92090911, 96.50181223,  99.9
  2,  17, 28.91892472, 96.50387491,  99.9
  3,  17, 28.91691329, 96.50596558,  99.9
  4,  17, 28.91487446, 96.50808461,  99.9
  5,  17, 28.91280785, 96.51023239,  99.9
  6,  17, 28.91071310, 96.51240931,  99.9
  7,  17, 28.90858980, 96.51461576,  99.9
  8,  17, 28.90643757, 96.51685214,  99.9
  9,  17, 28.90425603, 96.51911886,  99.9
 10,  17, 28.90204476, 96.52141632,  99.9
 11,  17, 28.89980337, 96.52374494,  99.9
 12,  17, 28.89753143, 96.52610515,  99.9
 13,  17, 28.89522854, 96.52849736,  99.9
 14,  17, 28.89289428, 96.53092202,  99.9
 15,  17, 28.89052821, 96.53337956,  99.9
 16,  17, 28.88812990, 96.53587042,  99.9
 17,  17, 28.88569891, 96.53839506,  99.9
 18,  17, 28.88323479, 96.54095393,  99.9
 19,  17, 28.88073710, 96.54354750,  99.9
 20,  17, 28.87820537, 96.54617623,  99.9
 21,  17, 28.87563914, 96.54884060,  99.9
 22,  17, 28.87303794, 96.55154109,  99.9
 23,  17, 28.87040129, 96.55427818,  99.9
 24,  17, 28.86772871, 96.55705238,  99.9
 25,  17, 28.86501971, 96.55986418,  99.9
 26,  17, 28.86227379, 96.56271409,  99.9
 27,  17, 28.85949044, 96.56560263,  99.9
 28,  17, 28.85666916, 96.56853031,  99.9
 29,  17, 28.85380942, 96.57149767,  99.9
 30,  17, 28.85091071, 96.57450524,  99.9
 31,  17, 28.84797249, 96.57755356,  99.9
 32,  17, 28.84499422, 96.58064318,   3.9
 33,  17, 28.84197536, 96.58377467,   3.9
 34,  17, 28.83891534, 96.58694858,  99.9
 35,  17, 28.83581361, 96.59016549,  99.9
 36,  17, 28.83266960, 96.59342597,  99.9
 37,  17, 28.82948273, 96.59673063,  99.9
 38,  17, 28.82625242, 96.60008004,  99.9
 39,  17, 28.82297807, 96.60347481,  99.9
 40,  17, 28.81965907, 96.60691556,  99.9
 41,  17, 28.81629483, 96.61040291,  99.9
 42,  17, 28.81288472, 96.61393748,  99.9
 43,  17, 28.80942812, 96.61751991,  99.9
 44,  17, 28.80592439, 96.62115084,  99.9
 45,  17, 28.80237288, 96.62483093,  99.9
 46,  17, 28.79877295, 96.62856084,  99.9
 47,  17, 28.79512393, 96.63234124,  99.9
 48,  17, 28.79142516, 96.63617282,  99.9
 49,  17, 28.78767594, 96.64005625,  99.9
 50,  17, 28.78387560, 96.64399224,  99.9
 51,  17, 28.78002343, 96.64798150,  99.9
 52,  17, 28.77611872, 96.65202474,  99.9
 53,  17, 28.77216077, 96.65612269,  99.9
 54,  17, 28.76814883, 96.66027608,  99.9
 55,  17, 28.76408217, 96.66448567,  99.9
 56,  17, 28.75996005, 96.66875220,   4.5
 57,  17, 28.75578170, 96.67307645,   4.5
 58,  17, 28.75154635, 96.67745918,  99.9
 59,  17, 28.74725324, 96.68190119,  99.9
 60,  17, 28.74290156, 96.68640327,  99.9
 61,  17, 28.73849051, 96.69096623,  99.9
 62,  17, 28.73401929, 96.69559089,  99.9
 63,  17, 28.72948707, 96.70027807,  99.9
 64,  17, 28.72489302, 96.70502862,  99.9
 65,  17, 28.72023629, 96.70984339,  99.9
 66,  17, 28.71551602, 96.71472323,  99.9
 67,  17, 28.71073135, 96.71966903,  99.9
 68,  17, 28.70588138, 96.72468167,  99.9
 69,  17, 28.70096524, 96.72976204,  99.9
 70,  17, 28.69598201, 96.73491106,  99.9
 71,  17, 28.69093078, 96.74012965,  99.9
 72,  17, 28.68581061, 96.74541873,  99.9
 73,  17, 28.68062056, 96.75077926,  99.9
 74,  17, 28.67535968, 96.75621219,  99.9
 75,  17, 28.67002700, 96.76171849,  99.9
 76,  17, 28.66462152, 96.76729915,  99.9
 77,  17, 28.65914226, 96.77295516,  99.9
 78,  17, 28.65358821, 96.77868753,  99.9
 79,  17, 28.64795834, 96.78449729,  99.9
 80,  17, 28.64225161, 96.79038547,  99.9
 81,  17, 28.63646697, 96.79635311,  99.9
 82,  17, 28.63060336, 96.80240130,  99.9
 83,  17, 28.62465968, 96.80853110,  99.9
 84,  17, 28.61863485, 96.81474360,  99.9
 85,  17, 28.61252776, 96.82103991,  99.9
 86,  17, 28.60633727, 96.82742116,  99.9
 87,  17, 28.60006224, 96.83388847,  99.9
 88,  17, 28.59370152, 96.84044300,  99.9
 89,  17, 28.58725392, 96.84708591,  99.9
 90,  17, 28.58071827, 96.85381839,  99.9
 91,  17, 28.57409335, 96.86064163,  99.9
 92,  17, 28.56737794, 96.86755684,  99.9
 93,  17, 28.56057079, 96.87456526,   3.6
 94,  17, 28.55367066, 96.88166812,  99.9
 95,  17, 28.54667626, 96.88886668,  99.9
 96,  17, 28.53958630, 96.89616222,  99.9
 97,  17, 28.53239947, 96.90355604,  99.9
 98,  17, 28.52511445, 96.91104945,  99.9
 99,  17, 28.51772988, 96.91864377,  99.9
100,  17, 28.51024440, 96.92634035,  99.9
101,  17, 28.50265663, 96.93414054,  99.9
102,  17, 28.49496515, 96.94204574,  99.9
103,  17, 28.48716856, 96.95005734,  99.9
104,  17, 28.47926540, 96.95817675,  99.9
105,  17, 28.47125422, 96.96640541,  99.9
106,  17, 28.46313352, 96.97474477,  99.9
107,  17, 28.45490181, 96.98319631,  99.9
108,  17, 28.44655757, 96.99176151,  99.9
109,  17, 28.43809924, 97.00044189,  99.9
110,  17, 28.42952525, 97.00923897,  99.9
111,  17, 28.42083403, 97.01815432,  99.9
112,  17, 28.41202396, 97.02718949,  99.9
113,  17, 28.40309341, 97.03634607,  99.9
114,  17, 28.39404072, 97.04562569,  99.9
115,  17, 28.38486422, 97.05502996,  99.9
116,  17, 28.37556219, 97.06456055,  99.9
117,  17, 28.36613292, 97.07421913,  99.9
118,  17, 28.35657466, 97.08400739,  99.9
119,  17, 28.34688563, 97.09392705,  99.9
120,  17, 28.33706404, 97.10397985,  99.9
121,  17, 28.32710806, 97.11416755,  99.9
122,  17, 28.31701584, 97.12449194,  99.9
123,  17, 28.30678552, 97.13495483,  99.9
124,  17, 28.29641518, 97.14555804,  99.9
125,  17, 28.28590291, 97.15630344,  99.9
126,  17, 28.27524675, 97.16719289,  99.9
127,  17, 28.26444471, 97.17822830,  99.9
128,  17, 28.25349480, 97.18941161,  99.9
129,  17, 28.24239497, 97.20074475,  99.9
130,  17, 28.23114317, 97.21222970,  99.9
131,  17, 28.21973730, 97.22386847,  99.9
132,  17, 28.20817523, 97.23566309,  99.9
133,  17, 28.19645481, 97.24761560,  99.9
134,  17, 28.18457387, 97.25972809,  99.9
135,  17, 28.17253020, 97.27200265,  99.9
136,  17, 28.16032154, 97.28444143,  99.9
137,  17, 28.14794562, 97.29704658,  99.9
138,  17, 28.13540015, 97.30982029,  99.9
139,  17, 28.12268278, 97.32276476,  99.9
140,  17, 28.10979114, 97.33588226,  99.9
141,  17, 28.09672283, 97.34917503,  99.9
142,  17, 28.08347541, 97.36264539,  99.9
143,  17, 28.07004642, 97.37629566,  99.9
144,  17, 28.05643333, 97.39012819,  99.9
145,  17, 28.04263363, 97.40414538,  99.9
146,  17, 28.02864472, 97.41834965,  99.9
147,  17, 28.01446400, 97.43274343,  99.9
148,  17, 28.00008882, 97.44732921,  99.9
149,  17, 27.98551649, 97.46210950,  99.9
150,  17, 27.97074430, 97.47708684,  99.9
151,  17, 27.95576948, 97.49226380,  99.9
152,  17, 27.94058923, 97.50764298,  99.9
153,  17, 27.92520071, 97.52322702,  99.9
154,  17, 27.90960104, 97.53901859,  99.9
155,  17, 27.89378732, 97.55502040,  99.9
156,  17, 27.87775657, 97.57123518,  99.9
157,  17, 27.86150579, 97.58766570,   3.0
158,  17, 27.84503195, 97.60431477,  99.9
159,  17, 27.82833196, 97.62118522,  99.9
160,  17, 27.81140269, 97.63827993,  99.9
161,  17, 27.79424097, 97.65560182,  99.9
162,  17, 27.77684357, 97.67315382,  99.9
163,  17, 27.75920725, 97.69093892,  99.9
164,  17, 27.74132868, 97.70896013,  99.9
165,  17, 27.72320452, 97.72722052,  99.9
166,  17, 27.70483137, 97.74572318,  99.9
167,  17, 27.68620577, 97.76447124,  99.9
168,  17, 27.66732423, 97.78346787,  99.9
169,  17, 27.64818321, 97.80271627,  99.9
170,  17, 27.62877909, 97.82221970,  99.9
171,  17, 27.60910825, 97.84198144,  99.9
172,  17, 27.58916698, 97.86200482,  99.9
173,  17, 27.56895154, 97.88229320,  99.9
174,  17, 27.54845811, 97.90284999,  99.9
175,  17, 27.52768284, 97.92367865,  99.9
176,  17, 27.50662182, 97.94478266,  99.9
177,  17, 27.48527109, 97.96616556,  99.9
178,  17, 27.46362663, 97.98783092,  99.9
179,  17, 27.44168435, 98.00978236,  99.9
180,  17, 27.41944013, 98.03202354,  99.9
181,  17, 27.39688976, 98.05455817,  99.9
182,  17, 27.37402900, 98.07738999,  99.9
183,  17, 27.35085354, 98.10052280,  99.9
184,  17, 27.32735899, 98.12396045,  99.9
185,  17, 27.30354093, 98.14770681,  99.9
186,  17, 27.27939486, 98.17176582,  99.9
187,  17, 27.25491622, 98.19614145,  99.9
188,  17, 27.23010037, 98.22083773,  99.9
189,  17, 27.20494264, 98.24585874,  99.9
190,  17, 27.17943827, 98.27120858,  99.9
191,  17, 27.15358243, 98.29689143,  99.9
  1,  18, 28.91911976, 96.49955841,  99.9
  2,  18, 28.91711105, 96.50159043,  99.9
  3,  18, 28.91507498, 96.50365002,  99.9
  4,  18, 28.91301118, 96.50573756,  99.9
  5,  18, 28.91091926, 96.50785341,  99.9
  6,  18, 28.90879884, 96.50999797,  99.9
  7,  18, 28.90664953, 96.51217162,  99.9
  8,  18, 28.90447095, 96.51437476,  99.9
  9,  18, 28.90226269, 96.51660778,  99.9
 10,  18, 28.90002434, 96.51887108,  99.9
 11,  18, 28.89775550, 96.52116508,  99.9
 12,  18, 28.89545574, 96.52349020,  99.9
 13,  18, 28.89312466, 96.52584684,  99.9
 14,  18, 28.89076181, 96.52823545,  99.9
 15,  18, 28.88836677, 96.53065645,  99.9
 16,  18, 28.88593910, 96.53311027,  99.9
 17,  18, 28.88347835, 96.53559737,  99.9
 18,  18, 28.88098407, 96.53811819,  99.9
 19,  18, 28.87845581, 96.54067318,  99.9
 20,  18, 28.87589310, 96.54326282,  99.9
 21,  18, 28.87329546, 96.54588756,  99.9
 22,  18, 28.87066243, 96.54854788,  99.9
 23,  18, 28.86799352, 96.55124427,  99.9
 24,  18, 28.86528824, 96.55397720,  99.9
 25,  18, 28.86254609, 96.55674717,  99.9
 26,  18, 28.85976658, 96.55955469,  99.9
 27,  18, 28.85694918, 96.56240026,  99.9
 28,  18, 28.85409339, 96.56528438,  99.9
 29,  18, 28.85119868, 96.56820760,  99.9
 30,  18, 28.84826452, 96.57117042,  99.9
 31,  18, 28.84529037, 96.57417338,  99.9
 32,  18, 28.84227568, 96.57721704,  99.9
 33,  18, 28.83921990, 96.58030192,   3.9
 34,  18, 28.83612247, 96.58342860,   3.9
 35,  18, 28.83298282, 96.58659764,  99.9
 36,  18, 28.82980038, 96.58980960,  99.9
 37,  18, 28.82657456, 96.59306507,  99.9
 38,  18, 28.82330476, 96.59636463,  99.9
 39,  18, 28.81999039, 96.59970887,  99.9
 40,  18, 28.81663085, 96.60309841,   3.1
 41,  18, 28.81322550, 96.60653384,   3.1
 42,  18, 28.80977372, 96.61001579,  99.9
 43,  18, 28.80627489, 96.61354489,  99.9
 44,  18, 28.80272836, 96.61712176,  99.9
 45,  18, 28.79913348, 96.62074706,  99.9
 46,  18, 28.79548958, 96.62442144,  99.9
 47,  18, 28.79179600, 96.62814555,  99.9
 48,  18, 28.78805206, 96.63192006,  99.9
 49,  18, 28.78425706, 96.63574566,  99.9
 50,  18, 28.78041032, 96.63962303,  99.9
 51,  18, 28.77651113, 96.64355287,  99.9
 52,  18, 28.77255877, 96.64753589,  99.9
 53,  18, 28.76855250, 96.65157280,  99.9
 54,  18, 28.76449160, 96.65566432,  99.9
 55,  18, 28.76037533, 96.65981119,  99.9
 56,  18, 28.75620291, 96.66401416,  99.9
 57,  18, 28.75197359, 96.66827398,   4.5
 58,  18, 28.74768658, 96.67259141,   4.5
 59,  18, 28.74334110, 96.67696722,   4.6
 60,  18, 28.73893635, 96.68140221,  99.9
 61,  18, 28.73447152, 96.68589717,  99.9
 62,  18, 28.72994579, 96.69045290,  99.9
 63,  18, 28.72535832, 96.69507022,  99.9
 64,  18, 28.72070826, 96.69974996,  99.9
 65,  18, 28.71599478, 96.70449295,  99.9
 66,  18, 28.71121698, 96.70930004,  99.9
 67,  18, 28.70637401, 96.71417211,  99.9
 68,  18, 28.70146496, 96.71911000,  99.9
 69,  18, 28.69648893, 96.72411462,  99.9
 70,  18, 28.69144500, 96.72918686,  99.9
 71,  18, 28.68633225, 96.73432761,  99.9
 72,  18, 28.68114973, 96.73953781,  99.9
 73,  18, 28.67589650, 96.74481838,  99.9
 74,  18, 28.67057157, 96.75017026,  99.9
 75,  18, 28.66517397, 96.75559442,  99.9
 76,  18, 28.65970271, 96.76109182,  99.9
 77,  18, 28.65415678, 96.76666344,  99.9
 78,  18, 28.64853515, 96.77231027,  99.9
 79,  18, 28.64283679, 96.77803333,  99.9
 80,  18, 28.63706065, 96.78383363,  99.9
 81,  18, 28.63120567, 96.78971221,  99.9
 82,  18, 28.62527075, 96.79567011,  99.9
 83,  18, 28.61925482, 96.80170840,  99.9
 84,  18, 28.61315676, 96.80782816,  99.9
 85,  18, 28.60697544, 96.81403046,  99.9
 86,  18, 28.60070972, 96.82031642,  99.9
 87,  18, 28.59435845, 96.82668715,  99.9
 88,  18, 28.58792046, 96.83314379,  99.9
 89,  18, 28.58139456, 96.83968749,  99.9
 90,  18, 28.57477954, 96.84631940,  99.9
 91,  18, 28.56807418, 96.85304070,  99.9
 92,  18, 28.56127725, 96.85985260,  99.9
 93,  18, 28.55438748, 96.86675629,   3.6
 94,  18, 28.54740361, 96.87375301,  99.9
 95,  18, 28.54032435, 96.88084399,  99.9
 96,  18, 28.53314839, 96.88803049,  99.9
 97,  18, 28.52587440, 96.89531378,  99.9
 98,  18, 28.51850104, 96.90269516,  99.9
 99,  18, 28.51102694, 96.91017594,  99.9
100,  18, 28.50345073, 96.91775743,  99.9
101,  18, 28.49577100, 96.92544098,  99.9
102,  18, 28.48798633, 96.93322794,  99.9
103,  18, 28.48009529, 96.94111970,  99.9
104,  18, 28.47209641, 96.94911765,  99.9
105,  18, 28.46398822, 96.95722320,  99.9
106,  18, 28.45576921, 96.96543778,  99.9
107,  18, 28.44743787, 96.97376284,  99.9
108,  18, 28.43899265, 96.98219985,  99.9
109,  18, 28.43043198, 96.99075030,  99.9
110,  18, 28.42175429, 96.99941569,  99.9
111,  18, 28.41295797, 97.00819755,  99.9
112,  18, 28.40404138, 97.01709742,  99.9
113,  18, 28.39500288, 97.02611688,  99.9
114,  18, 28.38584079, 97.03525751,  99.9
115,  18, 28.37655341, 97.04452091,  99.9
116,  18, 28.36713903, 97.05390872,  99.9
117,  18, 28.35759589, 97.06342257,  99.9
118,  18, 28.34792223, 97.07306415,  99.9
119,  18, 28.33811626, 97.08283513,  99.9
120,  18, 28.32817615, 97.09273724,  99.9
121,  18, 28.31810006, 97.10277221,  99.9
122,  18, 28.30788613, 97.11294180,  99.9
123,  18, 28.29753245, 97.12324778,  99.9
124,  18, 28.28703711, 97.13369197,  99.9
125,  18, 28.27639815, 97.14427617,  99.9
126,  18, 28.26561360, 97.15500225,  99.9
127,  18, 28.25468147, 97.16587208,  99.9
128,  18, 28.24359971, 97.17688755,  99.9
129,  18, 28.23236627, 97.18805058,  99.9
130,  18, 28.22097906, 97.19936312,  99.9
131,  18, 28.20943596, 97.21082715,  99.9
132,  18, 28.19773484, 97.22244464,  99.9
133,  18, 28.18587351, 97.23421764,  99.9
134,  18, 28.17384976, 97.24614817,  99.9
135,  18, 28.16166137, 97.25823832,  99.9
136,  18, 28.14930606, 97.27049019,  99.9
137,  18, 28.13678153, 97.28290589,  99.9
138,  18, 28.12408546, 97.29548758,  99.9
139,  18, 28.11121547, 97.30823744,  99.9
140,  18, 28.09816918, 97.32115769,  99.9
141,  18, 28.08494414, 97.33425054,  99.9
142,  18, 28.07153791, 97.34751827,  99.9
143,  18, 28.05794797, 97.36096316,  99.9
144,  18, 28.04417180, 97.37458755,  99.9
145,  18, 28.03020683, 97.38839377,  99.9
146,  18, 28.01605045, 97.40238420,  99.9
147,  18, 28.00170002, 97.41656126,  99.9
148,  18, 27.98715287, 97.43092739,  99.9
149,  18, 27.97240628, 97.44548505,  99.9
150,  18, 27.95745750, 97.46023675,  99.9
151,  18, 27.94230374, 97.47518501,  99.9
152,  18, 27.92694216, 97.49033240,  99.9
153,  18, 27.91136990, 97.50568152,  99.9
154,  18, 27.89558405, 97.52123499,  99.9
155,  18, 27.87958165, 97.53699547,  99.9
156,  18, 27.86335972, 97.55296566,   3.0
157,  18, 27.84691522, 97.56914829,   3.0
158,  18, 27.83024508, 97.58554611,  99.9
159,  18, 27.81334618, 97.60216192,  99.9
160,  18, 27.79621535, 97.61899854,  99.9
161,  18, 27.77884939, 97.63605885,  99.9
162,  18, 27.76124504, 97.65334574,  99.9
163,  18, 27.74339902, 97.67086215,  99.9
164,  18, 27.72530797, 97.68861104,  99.9
165,  18, 27.70696851, 97.70659543,  99.9
166,  18, 27.68837720, 97.72481835,  99.9
167,  18, 27.66953054, 97.74328290,  99.9
168,  18, 27.65042502, 97.76199219,  99.9
169,  18, 27.63105704, 97.78094937,  99.9
170,  18, 27.61142297, 97.80015765,  99.9
171,  18, 27.59151912, 97.81962025,  99.9
172,  18, 27.57134176, 97.83934045,  99.9
173,  18, 27.55088710, 97.85932157,  99.9
174,  18, 27.53015128, 97.87956695,  99.9
175,  18, 27.50913043, 97.90008000,  99.9
176,  18, 27.48782058, 97.92086414,  99.9
177,  18, 27.46621773, 97.94192285,  99.9
178,  18, 27.44431781, 97.96325965,  99.9
179,  18, 27.42211671, 97.98487810,  99.9
180,  18, 27.39961024, 98.00678181,  99.9
181,  18, 27.37679417, 98.02897441,  99.9
182,  18, 27.35366420, 98.05145960,  99.9
183,  18, 27.33021598, 98.07424110,  99.9
184,  18, 27.30644509, 98.09732271,  99.9
185,  18, 27.28234704, 98.12070824,  99.9
186,  18, 27.25791729, 98.14440155,  99.9
187,  18, 27.23315124, 98.16840657,  99.9
188,  18, 27.20804420, 98.19272724,  99.9
189,  18, 27.18259146, 98.21736759,  99.9
190,  18, 27.15678819, 98.24233165,  99.9
191,  18, 27.13062952, 98.26762353,  99.9
  1,  19, 28.91735734, 96.49727738,  99.9
  2,  19, 28.91532468, 96.49927838,  99.9
  3,  19, 28.91326434, 96.50130652,  99.9
  4,  19, 28.91117593, 96.50336219,  99.9
  5,  19, 28.90905908, 96.50544573,  99.9
  6,  19, 28.90691339, 96.50755754,  99.9
  7,  19, 28.90473847, 96.50969800,  99.9
  8,  19, 28.90253392, 96.51186749,  99.9
  9,  19, 28.90029934, 96.51406641,  99.9
 10,  19, 28.89803432, 96.51629515,  99.9
 11,  19, 28.89573844, 96.51855411,  99.9
 12,  19, 28.89341129, 96.52084372,  99.9
 13,  19, 28.89105243, 96.52316437,  99.9
 14,  19, 28.88866144, 96.52551649,  99.9
 15,  19, 28.88623787, 96.52790051,  99.9
 16,  19, 28.88378128, 96.53031685,  99.9
 17,  19, 28.88129122, 96.53276595,  99.9
 18,  19, 28.87876723, 96.53524826,  99.9
 19,  19, 28.87620886, 96.53776423,  99.9
 20,  19, 28.87361563, 96.54031430,  99.9
 21,  19, 28.87098706, 96.54289894,  99.9
 22,  19, 28.86832268, 96.54551862,  99.9
 23,  19, 28.86562199, 96.54817380,  99.9
 24,  19, 28.86288450, 96.55086498,  99.9
 25,  19, 28.86010971, 96.55359263,  99.9
 26,  19, 28.85729711, 96.55635724,  99.9
 27,  19, 28.85444618, 96.55915932,  99.9
 28,  19, 28.85155640, 96.56199938,  99.9
 29,  19, 28.84862724, 96.56487791,  99.9
 30,  19, 28.84565816, 96.56779545,  99.9
 31,  19, 28.84264862, 96.57075252,  99.9
 32,  19, 28.83959806, 96.57374965,  99.9
 33,  19, 28.83650593, 96.57678739,  99.9
 34,  19, 28.83337165, 96.57986628,   3.9
 35,  19, 28.83019466, 96.58298687,  99.9
 36,  19, 28.82697436, 96.58614973,   3.8
 37,  19, 28.82371017, 96.58935542,   3.6
 38,  19, 28.82040149, 96.59260454,  99.9
 39,  19, 28.81704771, 96.59589765,   3.5
 40,  19, 28.81364822, 96.59923536,   3.2
 41,  19, 28.81020238, 96.60261826,   3.1
 42,  19, 28.80670957, 96.60604697,  99.9
 43,  19, 28.80316915, 96.60952209,  99.9
 44,  19, 28.79958046, 96.61304427,  99.9
 45,  19, 28.79594285, 96.61661412,  99.9
 46,  19, 28.79225565, 96.62023229,  99.9
 47,  19, 28.78851818, 96.62389944,  99.9
 48,  19, 28.78472976, 96.62761622,  99.9
 49,  19, 28.78088968, 96.63138330,  99.9
 50,  19, 28.77699724, 96.63520136,  99.9
 51,  19, 28.77305174, 96.63907107,  99.9
 52,  19, 28.76905243, 96.64299315,  99.9
 53,  19, 28.76499859, 96.64696829,  99.9
 54,  19, 28.76088947, 96.65099721,  99.9
 55,  19, 28.75672432, 96.65508062,  99.9
 56,  19, 28.75250237, 96.65921927,  99.9
 57,  19, 28.74822284, 96.66341390,  99.9
 58,  19, 28.74388496, 96.66766525,   4.6
 59,  19, 28.73948791, 96.67197409,   4.6
 60,  19, 28.73503089, 96.67634119,  99.9
 61,  19, 28.73051308, 96.68076734,  99.9
 62,  19, 28.72593365, 96.68525333,  99.9
 63,  19, 28.72129177, 96.68979996,  99.9
 64,  19, 28.71658656, 96.69440804,  99.9
 65,  19, 28.71181717, 96.69907841,  99.9
 66,  19, 28.70698273, 96.70381189,  99.9
 67,  19, 28.70208233, 96.70860934,  99.9
 68,  19, 28.69711508, 96.71347162,  99.9
 69,  19, 28.69208007, 96.71839959,  99.9
 70,  19, 28.68697636, 96.72339413,  99.9
 71,  19, 28.68180303, 96.72845614,  99.9
 72,  19, 28.67655910, 96.73358652,  99.9
 73,  19, 28.67124363, 96.73878619,  99.9
 74,  19, 28.66585563, 96.74405607,  99.9
 75,  19, 28.66039410, 96.74939712,  99.9
 76,  19, 28.65485805, 96.75481027,  99.9
 77,  19, 28.64924645, 96.76029651,  99.9
 78,  19, 28.64355827, 96.76585680,  99.9
 79,  19, 28.63779246, 96.77149213,  99.9
 80,  19, 28.63194796, 96.77720352,  99.9
 81,  19, 28.62602369, 96.78299198,  99.9
 82,  19, 28.62001856, 96.78885855,  99.9
 83,  19, 28.61393145, 96.79480425,  99.9
 84,  19, 28.60776126, 96.80083017,  99.9
 85,  19, 28.60150684, 96.80693736,  99.9
 86,  19, 28.59516704, 96.81312691,  99.9
 87,  19, 28.58874069, 96.81939993,  99.9
 88,  19, 28.58222660, 96.82575753,  99.9
 89,  19, 28.57562357, 96.83220084,  99.9
 90,  19, 28.56893038, 96.83873101,  99.9
 91,  19, 28.56214581, 96.84534919,  99.9
 92,  19, 28.55526859, 96.85205655,   3.6
 93,  19, 28.54829745, 96.85885430,   3.6
 94,  19, 28.54123112, 96.86574363,   3.3
 95,  19, 28.53406828, 96.87272577,   3.3
 96,  19, 28.52680761, 96.87980196,  99.9
 97,  19, 28.51944778, 96.88697344,  99.9
 98,  19, 28.51198742, 96.89424149,  99.9
 99,  19, 28.50442515, 96.90160739,  99.9
100,  19, 28.49675958, 96.90907246,  99.9
101,  19, 28.48898928, 96.91663800,  99.9
102,  19, 28.48111284, 96.92430535,  99.9
103,  19, 28.47312878, 96.93207588,  99.9
104,  19, 28.46503563, 96.93995095,  99.9
105,  19, 28.45683190, 96.94793196,  99.9
106,  19, 28.44851607, 96.95602031,  99.9
107,  19, 28.44008661, 96.96421742,  99.9
108,  19, 28.43154194, 96.97252475,  99.9
109,  19, 28.42288049, 96.98094376,  99.9
110,  19, 28.41410066, 96.98947593,  99.9
111,  19, 28.40520083, 96.99812277,  99.9
112,  19, 28.39617934, 97.00688579,  99.9
113,  19, 28.38703453, 97.01576653,  99.9
114,  19, 28.37776470, 97.02476656,  99.9
115,  19, 28.36836813, 97.03388746,  99.9
116,  19, 28.35884310, 97.04313083,  99.9
117,  19, 28.34918782, 97.05249830,  99.9
118,  19, 28.33940051, 97.06199150,  99.9
119,  19, 28.32947937, 97.07161210,  99.9
120,  19, 28.31942254, 97.08136178,  99.9
121,  19, 28.30922817, 97.09124226,  99.9
122,  19, 28.29889437, 97.10125527,  99.9
123,  19, 28.28841921, 97.11140254,  99.9
124,  19, 28.27780076, 97.12168587,  99.9
125,  19, 28.26703704, 97.13210704,  99.9
126,  19, 28.25612606, 97.14266787,  99.9
127,  19, 28.24506580, 97.15337021,  99.9
128,  19, 28.23385420, 97.16421593,  99.9
129,  19, 28.22248917, 97.17520691,  99.9
130,  19, 28.21096862, 97.18634507,  99.9
131,  19, 28.19929039, 97.19763235,  99.9
132,  19, 28.18745233, 97.20907071,  99.9
133,  19, 28.17545222, 97.22066214,  99.9
134,  19, 28.16328784, 97.23240865,  99.9
135,  19, 28.15095694, 97.24431228,  99.9
136,  19, 28.13845720, 97.25637511,  99.9
137,  19, 28.12578633, 97.26859921,  99.9
138,  19, 28.11294194, 97.28098671,  99.9
139,  19, 28.09992166, 97.29353975,  99.9
140,  19, 28.08672307, 97.30626051,  99.9
141,  19, 28.07334370, 97.31915118,  99.9
142,  19, 28.05978106, 97.33221398,  99.9
143,  19, 28.04603264, 97.34545119,  99.9
144,  19, 28.03209587, 97.35886507,  99.9
145,  19, 28.01796815, 97.37245794,  99.9
146,  19, 28.00364685, 97.38623214,  99.9
147,  19, 27.98912930, 97.40019004,  99.9
148,  19, 27.97441280, 97.41433404,  99.9
149,  19, 27.95949461, 97.42866657,  99.9
150,  19, 27.94437193, 97.44319009,  99.9
151,  19, 27.92904195, 97.45790709,  99.9
152,  19, 27.91350182, 97.47282010,  99.9
153,  19, 27.89774862, 97.48793167,  99.9
154,  19, 27.88177942, 97.50324437,  99.9
155,  19, 27.86559123, 97.51876084,   3.0
156,  19, 27.84918104, 97.53448372,   3.0
157,  19, 27.83254578, 97.55041569,  99.9
158,  19, 27.81568233, 97.56655946,  99.9
159,  19, 27.79858756, 97.58291780,  99.9
160,  19, 27.78125825, 97.59949348,  99.9
161,  19, 27.76369118, 97.61628931,  99.9
162,  19, 27.74588305, 97.63330815,  99.9
163,  19, 27.72783053, 97.65055289,  99.9
164,  19, 27.70953025, 97.66802645,  99.9
165,  19, 27.69097878, 97.68573179,  99.9
166,  19, 27.67217264, 97.70367191,  99.9
167,  19, 27.65310832, 97.72184983,  99.9
168,  19, 27.63378224, 97.74026862,  99.9
169,  19, 27.61419078, 97.75893138,  99.9
170,  19, 27.59433027, 97.77784127,  99.9
171,  19, 27.57419698, 97.79700147,  99.9
172,  19, 27.55378715, 97.81641518,  99.9
173,  19, 27.53309693, 97.83608568,  99.9
174,  19, 27.51212245, 97.85601626,  99.9
175,  19, 27.49085978, 97.87621025,  99.9
176,  19, 27.46930491, 97.89667105,  99.9
177,  19, 27.44745380, 97.91740205,  99.9
178,  19, 27.42530235, 97.93840674,  99.9
179,  19, 27.40284639, 97.95968860,  99.9
180,  19, 27.38008170, 97.98125118,  99.9
181,  19, 27.35700401, 98.00309807,  99.9
182,  19, 27.33360897, 98.02523289,  99.9
183,  19, 27.30989218, 98.04765931,  99.9
184,  19, 27.28584919, 98.07038106,  99.9
185,  19, 27.26147545, 98.09340189,  99.9
186,  19, 27.23676639, 98.11672559,  99.9
187,  19, 27.21171734, 98.14035603,  99.9
188,  19, 27.18632360, 98.16429710,  99.9
189,  19, 27.16058037, 98.18855273,  99.9
190,  19, 27.13448281, 98.21312690,  99.9
191,  19, 27.10802598, 98.23802366,  99.9
  1,  20, 28.91562216, 96.49496957,  99.9
  2,  20, 28.91356593, 96.49693918,  99.9
  3,  20, 28.91148169, 96.49893551,  99.9
  4,  20, 28.90936906, 96.50095893,  99.9
  5,  20, 28.90722766, 96.50300979,  99.9
  6,  20, 28.90505708, 96.50508847,  99.9
  7,  20, 28.90285694, 96.50719534,  99.9
  8,  20, 28.90062684, 96.50933080,  99.9
  9,  20, 28.89836635, 96.51149521,  99.9
 10,  20, 28.89607507, 96.51368899,  99.9
 11,  20, 28.89375258, 96.51591251,  99.9
 12,  20, 28.89139845, 96.51816619,  99.9
 13,  20, 28.88901224, 96.52045042,  99.9
 14,  20, 28.88659354, 96.52276564,  99.9
 15,  20, 28.88414188, 96.52511224,  99.9
 16,  20, 28.88165682, 96.52749067,  99.9
 17,  20, 28.87913790, 96.52990134,  99.9
 18,  20, 28.87658467, 96.53234469,  99.9
 19,  20, 28.87399665, 96.53482117,  99.9
 20,  20, 28.87137338, 96.53733122,  99.9
 21,  20, 28.86871436, 96.53987529,  99.9
 22,  20, 28.86601911, 96.54245385,  99.9
 23,  20, 28.86328714, 96.54506736,  99.9
 24,  20, 28.86051794, 96.54771629,  99.9
 25,  20, 28.85771101, 96.55040112,  99.9
 26,  20, 28.85486583, 96.55312233,  99.9
 27,  20, 28.85198189, 96.55588042,  99.9
 28,  20, 28.84905865, 96.55867589,  99.9
 29,  20, 28.84609557, 96.56150923,  99.9
 30,  20, 28.84309212, 96.56438096,  99.9
 31,  20, 28.84004773, 96.56729160,  99.9
 32,  20, 28.83696186, 96.57024167,  99.9
 33,  20, 28.83383393, 96.57323170,  99.9
 34,  20, 28.83066338, 96.57626224,   3.9
 35,  20, 28.82744962, 96.57933383,   3.9
 36,  20, 28.82419205, 96.58244701,   3.8
 37,  20, 28.82089009, 96.58560236,   3.8
 38,  20, 28.81754313, 96.58880045,   3.8
 39,  20, 28.81415055, 96.59204183,   3.7
 40,  20, 28.81071173, 96.59532711,  99.9
 41,  20, 28.80722603, 96.59865688,  99.9
 42,  20, 28.80369282, 96.60203172,  99.9
 43,  20, 28.80011145, 96.60545225,  99.9
 44,  20, 28.79648127, 96.60891909,  99.9
 45,  20, 28.79280160, 96.61243286,  99.9
 46,  20, 28.78907176, 96.61599418,  99.9
 47,  20, 28.78529108, 96.61960371,  99.9
 48,  20, 28.78145886, 96.62326208,  99.9
 49,  20, 28.77757440, 96.62696996,  99.9
 50,  20, 28.77363697, 96.63072802,  99.9
 51,  20, 28.76964587, 96.63453692,  99.9
 52,  20, 28.76560035, 96.63839735,  99.9
 53,  20, 28.76149967, 96.64231001,  99.9
 54,  20, 28.75734308, 96.64627560,  99.9
 55,  20, 28.75312982, 96.65029482,  99.9
 56,  20, 28.74885910, 96.65436841,  99.9
 57,  20, 28.74453015, 96.65849709,  99.9
 58,  20, 28.74014217, 96.66268160,   4.6
 59,  20, 28.73569435, 96.66692269,   4.6
 60,  20, 28.73118587, 96.67122112,   4.6
 61,  20, 28.72661591, 96.67557767,  99.9
 62,  20, 28.72198363, 96.67999311,  99.9
 63,  20, 28.71728816, 96.68446824,  99.9
 64,  20, 28.71252866, 96.68900385,   5.6
 65,  20, 28.70770424, 96.69360075,   5.6
 66,  20, 28.70281402, 96.69825978,  99.9
 67,  20, 28.69785709, 96.70298176,  99.9
 68,  20, 28.69283255, 96.70776754,  99.9
 69,  20, 28.68773947, 96.71261798,  99.9
 70,  20, 28.68257691, 96.71753393,  99.9
 71,  20, 28.67734393, 96.72251629,  99.9
 72,  20, 28.67203955, 96.72756594,  99.9
 73,  20, 28.66666281, 96.73268378,  99.9
 74,  20, 28.66121271, 96.73787072,  99.9
 75,  20, 28.65568825, 96.74312770,  99.9
 76,  20, 28.65008842, 96.74845565,  99.9
 77,  20, 28.64441217, 96.75385552,  99.9
 78,  20, 28.63865847, 96.75932827,  99.9
 79,  20, 28.63282626, 96.76487488,  99.9
 80,  20, 28.62691445, 96.77049635,  99.9
 81,  20, 28.62092197, 96.77619366,  99.9
 82,  20, 28.61484771, 96.78196783,  99.9
 83,  20, 28.60869055, 96.78781990,  99.9
 84,  20, 28.60244935, 96.79375090,  99.9
 85,  20, 28.59612296, 96.79976189,  99.9
 86,  20, 28.58971022, 96.80585394,  99.9
 87,  20, 28.58320995, 96.81202813,  99.9
 88,  20, 28.57662095, 96.81828557,  99.9
 89,  20, 28.56994199, 96.82462735,  99.9
 90,  20, 28.56317186, 96.83105461,  99.9
 91,  20, 28.55630929, 96.83756848,   3.7
 92,  20, 28.54935303, 96.84417013,   3.6
 93,  20, 28.54230180, 96.85086073,   3.4
 94,  20, 28.53515428, 96.85764146,   3.3
 95,  20, 28.52790916, 96.86451352,   3.3
 96,  20, 28.52056511, 96.87147813,  99.9
 97,  20, 28.51312077, 96.87853653,  99.9
 98,  20, 28.50557476, 96.88568996,  99.9
 99,  20, 28.49792569, 96.89293969,  99.9
100,  20, 28.49017215, 96.90028701,  99.9
101,  20, 28.48231270, 96.90773320,  99.9
102,  20, 28.47434590, 96.91527960,  99.9
103,  20, 28.46627028, 96.92292752,  99.9
104,  20, 28.45808433, 96.93067832,  99.9
105,  20, 28.44978655, 96.93853338,  99.9
106,  20, 28.44137540, 96.94649407,  99.9
107,  20, 28.43284934, 96.95456180,  99.9
108,  20, 28.42420677, 96.96273798,  99.9
109,  20, 28.41544612, 96.97102407,  99.9
110,  20, 28.40656574, 96.97942152,  99.9
111,  20, 28.39756401, 96.98793180,  99.9
112,  20, 28.38843925, 96.99655642,  99.9
113,  20, 28.37918978, 97.00529689,  99.9
114,  20, 28.36981389, 97.01415475,  99.9
115,  20, 28.36030984, 97.02313155,  99.9
116,  20, 28.35067588, 97.03222886,  99.9
117,  20, 28.34091021, 97.04144829,  99.9
118,  20, 28.33101103, 97.05079145,  99.9
119,  20, 28.32097651, 97.06025998,  99.9
120,  20, 28.31080478, 97.06985553,  99.9
121,  20, 28.30049397, 97.07957979,  99.9
122,  20, 28.29004217, 97.08943446,  99.9
123,  20, 28.27944742, 97.09942126,  99.9
124,  20, 28.26870778, 97.10954193,  99.9
125,  20, 28.25782126, 97.11979824,  99.9
126,  20, 28.24678582, 97.13019199,  99.9
127,  20, 28.23559943, 97.14072498,  99.9
128,  20, 28.22426001, 97.15139905,  99.9
129,  20, 28.21276546, 97.16221606,  99.9
130,  20, 28.20111364, 97.17317790,  99.9
131,  20, 28.18930239, 97.18428647,  99.9
132,  20, 28.17732952, 97.19554370,   3.8
133,  20, 28.16519281, 97.20695155,  99.9
134,  20, 28.15289000, 97.21851200,  99.9
135,  20, 28.14041880, 97.23022706,  99.9
136,  20, 28.12777691, 97.24209875,  99.9
137,  20, 28.11496196, 97.25412914,  99.9
138,  20, 28.10197159, 97.26632030,  99.9
139,  20, 28.08880336, 97.27867435,  99.9
140,  20, 28.07545485, 97.29119342,  99.9
141,  20, 28.06192356, 97.30387968,  99.9
142,  20, 28.04820697, 97.31673531,  99.9
143,  20, 28.03430254, 97.32976254,  99.9
144,  20, 28.02020768, 97.34296360,  99.9
145,  20, 28.00591976, 97.35634078,  99.9
146,  20, 27.99143612, 97.36989637,  99.9
147,  20, 27.97675407, 97.38363271,  99.9
148,  20, 27.96187087, 97.39755216,  99.9
149,  20, 27.94678376, 97.41165710,  99.9
150,  20, 27.93148991, 97.42594996,  99.9
151,  20, 27.91598648, 97.44043318,  99.9
152,  20, 27.90027058, 97.45510925,  99.9
153,  20, 27.88433928, 97.46998068,  99.9
154,  20, 27.86818960, 97.48505000,   3.0
155,  20, 27.85181854, 97.50031981,   3.0
156,  20, 27.83522304, 97.51579269,   3.0
157,  20, 27.81840000, 97.53147128,  99.9
158,  20, 27.80134629, 97.54735827,  99.9
159,  20, 27.78405871, 97.56345635,  99.9
160,  20, 27.76653404, 97.57976826,  99.9
161,  20, 27.74876901, 97.59629676,  99.9
162,  20, 27.73076029, 97.61304467,  99.9
163,  20, 27.71250452, 97.63001483,  99.9
164,  20, 27.69399829, 97.64721010,  99.9
165,  20, 27.67523814, 97.66463340,  99.9
166,  20, 27.65622056, 97.68228766,  99.9
167,  20, 27.63694199, 97.70017588,  99.9
168,  20, 27.61739882, 97.71830107,  99.9
169,  20, 27.59758739, 97.73666628,  99.9
170,  20, 27.57750400, 97.75527460,  99.9
171,  20, 27.55714488, 97.77412917,  99.9
172,  20, 27.53650623, 97.79323314,  99.9
173,  20, 27.51558417, 97.81258972,  99.9
174,  20, 27.49437478, 97.83220215,  99.9
175,  20, 27.47287408, 97.85207372,  99.9
176,  20, 27.45107805, 97.87220775,  99.9
177,  20, 27.42898260, 97.89260759,  99.9
178,  20, 27.40658357, 97.91327666,  99.9
179,  20, 27.38387677, 97.93421838,  99.9
180,  20, 27.36085794, 97.95543626,  99.9
181,  20, 27.33752275, 97.97693380,  99.9
182,  20, 27.31386681, 97.99871458,  99.9
183,  20, 27.28988569, 98.02078221,  99.9
184,  20, 27.26557488, 98.04314034,  99.9
185,  20, 27.24092980, 98.06579266,  99.9
186,  20, 27.21594583, 98.08874291,  99.9
187,  20, 27.19061826, 98.11199488,  99.9
188,  20, 27.16494234, 98.13555239,  99.9
189,  20, 27.13891322, 98.15941932,  99.9
190,  20, 27.11252600, 98.18359959,  99.9
191,  20, 27.08577573, 98.20809714,  99.9
  1,  21, 28.91391454, 96.49263540,  99.9
  2,  21, 28.91183510, 96.49457326,  99.9
  3,  21, 28.90972735, 96.49653742,  99.9
  4,  21, 28.90759089, 96.49852822,  99.9
  5,  21, 28.90542533, 96.50054602,  99.9
  6,  21, 28.90323027, 96.50259120,  99.9
  7,  21, 28.90100531, 96.50466411,  99.9
  8,  21, 28.89875005, 96.50676514,  99.9
  9,  21, 28.89646406, 96.50889467,  99.9
 10,  21, 28.89414694, 96.51105307,  99.9
 11,  21, 28.89179826, 96.51324075,  99.9
 12,  21, 28.88941758, 96.51545810,  99.9
 13,  21, 28.88700447, 96.51770551,  99.9
 14,  21, 28.88455849, 96.51998339,  99.9
 15,  21, 28.88207919, 96.52229216,  99.9
 16,  21, 28.87956611, 96.52463224,  99.9
 17,  21, 28.87701880, 96.52700404,  99.9
 18,  21, 28.87443678, 96.52940799,  99.9
 19,  21, 28.87181959, 96.53184453,  99.9
 20,  21, 28.86916675, 96.53431411,  99.9
 21,  21, 28.86647776, 96.53681715,  99.9
 22,  21, 28.86375214, 96.53935413,  99.9
 23,  21, 28.86098938, 96.54192549,  99.9
 24,  21, 28.85818898, 96.54453169,  99.9
 25,  21, 28.85535042, 96.54717322,  99.9
 26,  21, 28.85247319, 96.54985055,  99.9
 27,  21, 28.84955676, 96.55256415,  99.9
 28,  21, 28.84660058, 96.55531452,  99.9
 29,  21, 28.84360413, 96.55810216,  99.9
 30,  21, 28.84056684, 96.56092756,  99.9
 31,  21, 28.83748817, 96.56379125,  99.9
 32,  21, 28.83436755, 96.56669372,  99.9
 33,  21, 28.83120440, 96.56963552,  99.9
 34,  21, 28.82799815, 96.57261716,   3.9
 35,  21, 28.82474820, 96.57563918,   3.9
 36,  21, 28.82145397, 96.57870214,   3.8
 37,  21, 28.81811483, 96.58180657,   3.8
 38,  21, 28.81473020, 96.58495305,   3.8
 39,  21, 28.81129943, 96.58814213,  99.9
 40,  21, 28.80782191, 96.59137439,  99.9
 41,  21, 28.80429699, 96.59465041,  99.9
 42,  21, 28.80072402, 96.59797079,   3.1
 43,  21, 28.79710236, 96.60133611,  99.9
 44,  21, 28.79343133, 96.60474699,  99.9
 45,  21, 28.78971027, 96.60820404,  99.9
 46,  21, 28.78593848, 96.61170787,  99.9
 47,  21, 28.78211528, 96.61525913,  99.9
 48,  21, 28.77823996, 96.61885844,  99.9
 49,  21, 28.77431182, 96.62250645,  99.9
 50,  21, 28.77033013, 96.62620383,  99.9
 51,  21, 28.76629415, 96.62995123,  99.9
 52,  21, 28.76220315, 96.63374933,  99.9
 53,  21, 28.75805638, 96.63759880,  99.9
 54,  21, 28.75385308, 96.64150035,  99.9
 55,  21, 28.74959246, 96.64545467,  99.9
 56,  21, 28.74527376, 96.64946246,  99.9
 57,  21, 28.74089617, 96.65352445,  99.9
 58,  21, 28.73645889, 96.65764137,  99.9
 59,  21, 28.73196111, 96.66181395,   4.6
 60,  21, 28.72740200, 96.66604295,   4.6
 61,  21, 28.72278071, 96.67032911,  99.9
 62,  21, 28.71809641, 96.67467321,  99.9
 63,  21, 28.71334823, 96.67907603,   5.4
 64,  21, 28.70853529, 96.68353835,   5.5
 65,  21, 28.70365672, 96.68806098,  99.9
 66,  21, 28.69871161, 96.69264471,  99.9
 67,  21, 28.69369906, 96.69729038,  99.9
 68,  21, 28.68861814, 96.70199881,  99.9
 69,  21, 28.68346792, 96.70677085,  99.9
 70,  21, 28.67824744, 96.71160734,  99.9
 71,  21, 28.67295576, 96.71650916,  99.9
 72,  21, 28.66759190, 96.72147717,  99.9
 73,  21, 28.66215486, 96.72651226,  99.9
 74,  21, 28.65664366, 96.73161534,  99.9
 75,  21, 28.65105727, 96.73678732,  99.9
 76,  21, 28.64539466, 96.74202911,  99.9
 77,  21, 28.63965480, 96.74734165,  99.9
 78,  21, 28.63383663, 96.75272589,  99.9
 79,  21, 28.62793907, 96.75818279,  99.9
 80,  21, 28.62196104, 96.76371332,  99.9
 81,  21, 28.61590144, 96.76931847,  99.9
 82,  21, 28.60975915, 96.77499923,  99.9
 83,  21, 28.60353304, 96.78075661,  99.9
 84,  21, 28.59722197, 96.78659165,  99.9
 85,  21, 28.59082477, 96.79250537,  99.9
 86,  21, 28.58434026, 96.79849883,  99.9
 87,  21, 28.57776725, 96.80457310,  99.9
 88,  21, 28.57110452, 96.81072925,  99.9
 89,  21, 28.56435085, 96.81696838,  99.9
 90,  21, 28.55750500, 96.82329159,   3.7
 91,  21, 28.55056569, 96.82970001,   3.7
 92,  21, 28.54353165, 96.83619477,   3.4
 93,  21, 28.53640159, 96.84277703,   3.4
 94,  21, 28.52917419, 96.84944795,   3.3
 95,  21, 28.52184811, 96.85620872,   3.3
 96,  21, 28.51442200, 96.86306052,   3.3
 97,  21, 28.50689450, 96.87000459,  99.9
 98,  21, 28.49926422, 96.87704214,  99.9
 99,  21, 28.49152973, 96.88417441,  99.9
100,  21, 28.48368963, 96.89140268,  99.9
101,  21, 28.47574246, 96.89872821,  99.9
102,  21, 28.46768675, 96.90615231,  99.9
103,  21, 28.45952102, 96.91367628,  99.9
104,  21, 28.45124375, 96.92130145,  99.9
105,  21, 28.44285343, 96.92902917,  99.9
106,  21, 28.43434849, 96.93686080,  99.9
107,  21, 28.42572737, 96.94479771,  99.9
108,  21, 28.41698847, 96.95284132,  99.9
109,  21, 28.40813019, 96.96099302,  99.9
110,  21, 28.39915088, 96.96925427,  99.9
111,  21, 28.39004888, 96.97762651,  99.9
112,  21, 28.38082251, 96.98611121,  99.9
113,  21, 28.37147006, 96.99470987,  99.9
114,  21, 28.36198980, 97.00342400,  99.9
115,  21, 28.35237999, 97.01225512,  99.9
116,  21, 28.34263883, 97.02120478,  99.9
117,  21, 28.33276454, 97.03027456,  99.9
118,  21, 28.32275528, 97.03946604,  99.9
119,  21, 28.31260920, 97.04878084,  99.9
120,  21, 28.30232442, 97.05822058,  99.9
121,  21, 28.29189903, 97.06778692,  99.9
122,  21, 28.28133111, 97.07748153,  99.9
123,  21, 28.27061870, 97.08730610,  99.9
124,  21, 28.25975982, 97.09726235,  99.9
125,  21, 28.24875244, 97.10735201,  99.9
126,  21, 28.23759454, 97.11757686,  99.9
127,  21, 28.22628405, 97.12793866,  99.9
128,  21, 28.21481886, 97.13843923,  99.9
129,  21, 28.20319686, 97.14908040,  99.9
130,  21, 28.19141588, 97.15986401,  99.9
131,  21, 28.17947374, 97.17079194,  99.9
132,  21, 28.16736823, 97.18186609,   3.6
133,  21, 28.15509710, 97.19308838,  99.9
134,  21, 28.14265807, 97.20446076,  99.9
135,  21, 28.13004884, 97.21598520,  99.9
136,  21, 28.11726706, 97.22766371,  99.9
137,  21, 28.10431037, 97.23949829,  99.9
138,  21, 28.09117634, 97.25149101,  99.9
139,  21, 28.07786255, 97.26364393,  99.9
140,  21, 28.06436653, 97.27595916,  99.9
141,  21, 28.05068575, 97.28843881,  99.9
142,  21, 28.03681769, 97.30108505,  99.9
143,  21, 28.02275975, 97.31390006,  99.9
144,  21, 28.00850934, 97.32688603,  99.9
145,  21, 27.99406379, 97.34004522,  99.9
146,  21, 27.97942043, 97.35337987,  99.9
147,  21, 27.96457652, 97.36689229,  99.9
148,  21, 27.94952930, 97.38058479,  99.9
149,  21, 27.93427598, 97.39445972,  99.9
150,  21, 27.91881372, 97.40851946,  99.9
151,  21, 27.90313963, 97.42276643,  99.9
152,  21, 27.88725079, 97.43720305,  99.9
153,  21, 27.87114425, 97.45183179,   3.0
154,  21, 27.85481700, 97.46665517,   3.0
155,  21, 27.83826601, 97.48167570,   3.0
156,  21, 27.82148818, 97.49689594,   3.6
157,  21, 27.80448039, 97.51231850,  99.9
158,  21, 27.78723947, 97.52794599,  99.9
159,  21, 27.76976220, 97.54378107,  99.9
160,  21, 27.75204531, 97.55982644,  99.9
161,  21, 27.73408551, 97.57608482,  99.9
162,  21, 27.71587944, 97.59255896,  99.9
163,  21, 27.69742370, 97.60925165,  99.9
164,  21, 27.67871484, 97.62616572,  99.9
165,  21, 27.65974937, 97.64330403,  99.9
166,  21, 27.64052375, 97.66066948,  99.9
167,  21, 27.62103439, 97.67826498,  99.9
168,  21, 27.60127763, 97.69609351,  99.9
169,  21, 27.58124978, 97.71415807,  99.9
170,  21, 27.56094711, 97.73246170,  99.9
171,  21, 27.54036581, 97.75100747,  99.9
172,  21, 27.51950203, 97.76979849,  99.9
173,  21, 27.49835187, 97.78883791,  99.9
174,  21, 27.47691136, 97.80812891,  99.9
175,  21, 27.45517650, 97.82767473,  99.9
176,  21, 27.43314320, 97.84747863,  99.9
177,  21, 27.41080735, 97.86754391,  99.9
178,  21, 27.38816475, 97.88787392,  99.9
179,  21, 27.36521117, 97.90847203,  99.9
180,  21, 27.34194230, 97.92934167,  99.9
181,  21, 27.31835377, 97.95048630,  99.9
182,  21, 27.29444116, 97.97190943,  99.9
183,  21, 27.27019999, 97.99361461,  99.9
184,  21, 27.24562570, 98.01560543,  99.9
185,  21, 27.22071368, 98.03788550,  99.9
186,  21, 27.19545925, 98.06045852,  99.9
187,  21, 27.16985767, 98.08332819,  99.9
188,  21, 27.14390413, 98.10649828,  99.9
189,  21, 27.11759375, 98.12997260,  99.9
190,  21, 27.09092159, 98.15375498,  99.9
191,  21, 27.06388263, 98.17784933,  99.9
  1,  22, 28.91223479, 96.49027529,  99.9
  2,  22, 28.91013253, 96.49218106,  99.9
  3,  22, 28.90800165, 96.49411268,  99.9
  4,  22, 28.90584174, 96.49607051,  99.9
  5,  22, 28.90365241, 96.49805489,  99.9
  6,  22, 28.90143327, 96.50006619,  99.9
  7,  22, 28.89918390, 96.50210477,  99.9
  8,  22, 28.89690389, 96.50417099,  99.9
  9,  22, 28.89459283, 96.50626524,  99.9
 10,  22, 28.89225029, 96.50838789,  99.9
 11,  22, 28.88987584, 96.51053933,  99.9
 12,  22, 28.88746905, 96.51271994,  99.9
 13,  22, 28.88502947, 96.51493012,  99.9
 14,  22, 28.88255666, 96.51717026,  99.9
 15,  22, 28.88005017, 96.51944078,  99.9
 16,  22, 28.87750953, 96.52174208,  99.9
 17,  22, 28.87493429, 96.52407458,  99.9
 18,  22, 28.87232396, 96.52643871,  99.9
 19,  22, 28.86967808, 96.52883487,  99.9
 20,  22, 28.86699615, 96.53126352,  99.9
 21,  22, 28.86427768, 96.53372509,  99.9
 22,  22, 28.86152218, 96.53622002,  99.9
 23,  22, 28.85872913, 96.53874877,  99.9
 24,  22, 28.85589804, 96.54131178,  99.9
 25,  22, 28.85302837, 96.54390953,  99.9
 26,  22, 28.85011961, 96.54654248,  99.9
 27,  22, 28.84717122, 96.54921111,  99.9
 28,  22, 28.84418265, 96.55191589,  99.9
 29,  22, 28.84115337, 96.55465732,  99.9
 30,  22, 28.83808281, 96.55743589,  99.9
 31,  22, 28.83497041, 96.56025210,  99.9
 32,  22, 28.83181560, 96.56310646,  99.9
 33,  22, 28.82861781, 96.56599949,  99.9
 34,  22, 28.82537644, 96.56893169,  99.9
 35,  22, 28.82209090, 96.57190362,  99.9
 36,  22, 28.81876059, 96.57491578,   3.9
 37,  22, 28.81538490, 96.57796874,   3.8
 38,  22, 28.81196320, 96.58106304,   3.8
 39,  22, 28.80849488, 96.58419924,   3.8
 40,  22, 28.80497929, 96.58737790,   3.7
 41,  22, 28.80141578, 96.59059960,   3.6
 42,  22, 28.79780371, 96.59386491,   3.4
 43,  22, 28.79414241, 96.59717441,  99.9
 44,  22, 28.79043122, 96.60052872,  99.9
 45,  22, 28.78666943, 96.60392843,  99.9
 46,  22, 28.78285638, 96.60737414,  99.9
 47,  22, 28.77899136, 96.61086649,  99.9
 48,  22, 28.77507365, 96.61440609,  99.9
 49,  22, 28.77110254, 96.61799359,  99.9
 50,  22, 28.76707730, 96.62162962,  99.9
 51,  22, 28.76299719, 96.62531485,  99.9
 52,  22, 28.75886146, 96.62904993,  99.9
 53,  22, 28.75466935, 96.63283553,  99.9
 54,  22, 28.75042009, 96.63667233,  99.9
 55,  22, 28.74611290, 96.64056103,  99.9
 56,  22, 28.74174700, 96.64450231,  99.9
 57,  22, 28.73732156, 96.64849689,  99.9
 58,  22, 28.73283580, 96.65254548,  99.9
 59,  22, 28.72828887, 96.65664880,   4.6
 60,  22, 28.72367995, 96.66080760,   4.6
 61,  22, 28.71900818, 96.66502262,  99.9
 62,  22, 28.71427272, 96.66929460,  99.9
 63,  22, 28.70947268, 96.67362433,   5.4
 64,  22, 28.70460719, 96.67801256,  99.9
 65,  22, 28.69967535, 96.68246009,  99.9
 66,  22, 28.69467625, 96.68696772,  99.9
 67,  22, 28.68960898, 96.69153624,  99.9
 68,  22, 28.68447260, 96.69616648,  99.9
 69,  22, 28.67926617, 96.70085927,  99.9
 70,  22, 28.67398874, 96.70561543,  99.9
 71,  22, 28.66863932, 96.71043583,  99.9
 72,  22, 28.66321694, 96.71532132,  99.9
 73,  22, 28.65772060, 96.72027277,  99.9
 74,  22, 28.65214929, 96.72529107,  99.9
 75,  22, 28.64650199, 96.73037712,  99.9
 76,  22, 28.64077764, 96.73553182,  99.9
 77,  22, 28.63497521, 96.74075609,  99.9
 78,  22, 28.62909362, 96.74605085,  99.9
 79,  22, 28.62313178, 96.75141707,  99.9
 80,  22, 28.61708861, 96.75685568,  99.9
 81,  22, 28.61096299, 96.76236767,  99.9
 82,  22, 28.60475379, 96.76795400,  99.9
 83,  22, 28.59845987, 96.77361568,  99.9
 84,  22, 28.59208007, 96.77935371,  99.9
 85,  22, 28.58561322, 96.78516911,  99.9
 86,  22, 28.57905811, 96.79106292,  99.9
 87,  22, 28.57241355, 96.79703618,  99.9
 88,  22, 28.56567832, 96.80308996,  99.9
 89,  22, 28.55885116, 96.80922533,  99.9
 90,  22, 28.55193082, 96.81544337,   3.8
 91,  22, 28.54491603, 96.82174519,   3.4
 92,  22, 28.53780550, 96.82813192,   3.4
 93,  22, 28.53059791, 96.83460467,   3.4
 94,  22, 28.52329193, 96.84116460,   3.3
 95,  22, 28.51588621, 96.84781288,   3.3
 96,  22, 28.50837940, 96.85455067,   3.3
 97,  22, 28.50077011, 96.86137917,   3.2
 98,  22, 28.49305692, 96.86829958,  99.9
 99,  22, 28.48523843, 96.87531314,  99.9
100,  22, 28.47731319, 96.88242109,  99.9
101,  22, 28.46927973, 96.88962467,  99.9
102,  22, 28.46113657, 96.89692515,  99.9
103,  22, 28.45288221, 96.90432384,  99.9
104,  22, 28.44451513, 96.91182203,  99.9
105,  22, 28.43603377, 96.91942105,  99.9
106,  22, 28.42743659, 96.92712224,  99.9
107,  22, 28.41872198, 96.93492694,  99.9
108,  22, 28.40988833, 96.94283655,  99.9
109,  22, 28.40093403, 96.95085244,  99.9
110,  22, 28.39185740, 96.95897603,  99.9
111,  22, 28.38265678, 96.96720875,  99.9
112,  22, 28.37333047, 96.97555205,  99.9
113,  22, 28.36387673, 96.98400739,  99.9
114,  22, 28.35429383, 96.99257625,  99.9
115,  22, 28.34457999, 97.00126014,  99.9
116,  22, 28.33473341, 97.01006059,  99.9
117,  22, 28.32475228, 97.01897913,  99.9
118,  22, 28.31463474, 97.02801732,  99.9
119,  22, 28.30437894, 97.03717676,  99.9
120,  22, 28.29398296, 97.04645904,  99.9
121,  22, 28.28344488, 97.05586578,  99.9
122,  22, 28.27276276, 97.06539863,  99.9
123,  22, 28.26193462, 97.07505926,  99.9
124,  22, 28.25095845, 97.08484936,  99.9
125,  22, 28.23983222, 97.09477062,  99.9
126,  22, 28.22855388, 97.10482478,  99.9
127,  22, 28.21712132, 97.11501359,  99.9
128,  22, 28.20553243, 97.12533883,  99.9
129,  22, 28.19378507, 97.13580229,  99.9
130,  22, 28.18187706, 97.14640580,  99.9
131,  22, 28.16980619, 97.15715119,   3.6
132,  22, 28.15757023, 97.16804033,   3.4
133,  22, 28.14516690, 97.17907511,   3.4
134,  22, 28.13259390, 97.19025746,  99.9
135,  22, 28.11984891, 97.20158929,  99.9
136,  22, 28.10692955, 97.21307259,  99.9
137,  22, 28.09383344, 97.22470932,  99.9
138,  22, 28.08055814, 97.23650152,  99.9
139,  22, 28.06710118, 97.24845121,  99.9
140,  22, 28.05346007, 97.26056046,  99.9
141,  22, 28.03963228, 97.27283137,  99.9
142,  22, 28.02561523, 97.28526603,  99.9
143,  22, 28.01140633, 97.29786661,  99.9
144,  22, 27.99700293, 97.31063526,  99.9
145,  22, 27.98240236, 97.32357418,  99.9
146,  22, 27.96760190, 97.33668561,  99.9
147,  22, 27.95259881, 97.34997178,  99.9
148,  22, 27.93739029, 97.36343499,  99.9
149,  22, 27.92197351, 97.37707753,  99.9
150,  22, 27.90634560, 97.39090176,  99.9
151,  22, 27.89050367, 97.40491002,  99.9
152,  22, 27.87444475, 97.41910472,  99.9
153,  22, 27.85816587, 97.43348829,   3.0
154,  22, 27.84166399, 97.44806318,   3.0
155,  22, 27.82493604, 97.46283187,   3.6
156,  22, 27.80797890, 97.47779689,   3.6
157,  22, 27.79078941, 97.49296078,  99.9
158,  22, 27.77336437, 97.50832612,  99.9
159,  22, 27.75570054, 97.52389552,  99.9
160,  22, 27.73779462, 97.53967163,  99.9
161,  22, 27.71964328, 97.55565711,  99.9
162,  22, 27.70124312, 97.57185469,  99.9
163,  22, 27.68259071, 97.58826710,  99.9
164,  22, 27.66368258, 97.60489711,  99.9
165,  22, 27.64451520, 97.62174754,  99.9
166,  22, 27.62508499, 97.63882123,  99.9
167,  22, 27.60538832, 97.65612106,  99.9
168,  22, 27.58542151, 97.67364993,  99.9
169,  22, 27.56518083, 97.69141081,  99.9
170,  22, 27.54466251, 97.70940666,  99.9
171,  22, 27.52386271, 97.72764052,  99.9
172,  22, 27.50277754, 97.74611544,  99.9
173,  22, 27.48140306, 97.76483451,  99.9
174,  22, 27.45973527, 97.78380087,  99.9
175,  22, 27.43777012, 97.80301768,  99.9
176,  22, 27.41550349, 97.82248815,  99.9
177,  22, 27.39293123, 97.84221552,  99.9
178,  22, 27.37004911, 97.86220308,  99.9
179,  22, 27.34685284, 97.88245415,  99.9
180,  22, 27.32333808, 97.90297209,  99.9
181,  22, 27.29950043, 97.92376031,  99.9
182,  22, 27.27533541, 97.94482225,  99.9
183,  22, 27.25083851, 97.96616139,  99.9
184,  22, 27.22600512, 97.98778126,  99.9
185,  22, 27.20083059, 98.00968542,  99.9
186,  22, 27.17531021, 98.03187748,  99.9
187,  22, 27.14943918, 98.05436110,  99.9
188,  22, 27.12321264, 98.07713996,  99.9
189,  22, 27.09662569, 98.10021780,  99.9
190,  22, 27.06967331, 98.12359841,  99.9
191,  22, 27.04235047, 98.14728561,  99.9
  1,  23, 28.91058321, 96.48788967,  99.9
  2,  23, 28.90845852, 96.48976300,  99.9
  3,  23, 28.90630489, 96.49166174,  99.9
  4,  23, 28.90412193, 96.49358624,  99.9
  5,  23, 28.90190924, 96.49553684,  99.9
  6,  23, 28.89966642, 96.49751390,  99.9
  7,  23, 28.89739304, 96.49951777,  99.9
  8,  23, 28.89508871, 96.50154882,  99.9
  9,  23, 28.89275299, 96.50360742,  99.9
 10,  23, 28.89038545, 96.50569393,  99.9
 11,  23, 28.88798567, 96.50780873,  99.9
 12,  23, 28.88555320, 96.50995221,  99.9
 13,  23, 28.88308760, 96.51212476,  99.9
 14,  23, 28.88058842, 96.51432676,  99.9
 15,  23, 28.87805519, 96.51655862,  99.9
 16,  23, 28.87548746, 96.51882073,  99.9
 17,  23, 28.87288475, 96.52111351,  99.9
 18,  23, 28.87024659, 96.52343737,  99.9
 19,  23, 28.86757249, 96.52579273,  99.9
 20,  23, 28.86486196, 96.52818002,  99.9
 21,  23, 28.86211451, 96.53059967,  99.9
 22,  23, 28.85932963, 96.53305211,  99.9
 23,  23, 28.85650682, 96.53553778,  99.9
 24,  23, 28.85364554, 96.53805714,  99.9
 25,  23, 28.85074529, 96.54061064,  99.9
 26,  23, 28.84780553, 96.54319874,  99.9
 27,  23, 28.84482571, 96.54582191,  99.9
 28,  23, 28.84180530, 96.54848062,  99.9
 29,  23, 28.83874373, 96.55117534,  99.9
 30,  23, 28.83564046, 96.55390658,  99.9
 31,  23, 28.83249490, 96.55667481,  99.9
 32,  23, 28.82930648, 96.55948054,  99.9
 33,  23, 28.82607462, 96.56232427,  99.9
 34,  23, 28.82279873, 96.56520652,  99.9
 35,  23, 28.81947820, 96.56812780,  99.9
 36,  23, 28.81611242, 96.57108864,  99.9
 37,  23, 28.81270078, 96.57408958,   3.9
 38,  23, 28.80924265, 96.57713115,   3.8
 39,  23, 28.80573740, 96.58021390,   3.8
 40,  23, 28.80218438, 96.58333838,   3.8
 41,  23, 28.79858294, 96.58650517,   3.7
 42,  23, 28.79493242, 96.58971482,   3.6
 43,  23, 28.79123215, 96.59296792,  99.9
 44,  23, 28.78748146, 96.59626505,  99.9
 45,  23, 28.78367964, 96.59960681,  99.9
 46,  23, 28.77982602, 96.60299378,  99.9
 47,  23, 28.77591987, 96.60642659,  99.9
 48,  23, 28.77196048, 96.60990585,  99.9
 49,  23, 28.76794713, 96.61343219,  99.9
 50,  23, 28.76387908, 96.61700623,  99.9
 51,  23, 28.75975557, 96.62062862,  99.9
 52,  23, 28.75557586, 96.62430001,  99.9
 53,  23, 28.75133918, 96.62802105,  99.9
 54,  23, 28.74704474, 96.63179243,  99.9
 55,  23, 28.74269176, 96.63561481,  99.9
 56,  23, 28.73827945, 96.63948887,  99.9
 57,  23, 28.73380698, 96.64341532,  99.9
 58,  23, 28.72927354, 96.64739485,  99.9
 59,  23, 28.72467830, 96.65142819,  99.9
 60,  23, 28.72002040, 96.65551604,   5.1
 61,  23, 28.71529901, 96.65965915,   5.1
 62,  23, 28.71051324, 96.66385826,  99.9
 63,  23, 28.70566221, 96.66811411,   5.3
 64,  23, 28.70074505, 96.67242747,  99.9
 65,  23, 28.69576084, 96.67679912,  99.9
 66,  23, 28.69070866, 96.68122983,  99.9
 67,  23, 28.68558759, 96.68572039,  99.9
 68,  23, 28.68039669, 96.69027161,  99.9
 69,  23, 28.67513501, 96.69488430,  99.9
 70,  23, 28.66980156, 96.69955929,  99.9
 71,  23, 28.66439539, 96.70429741,  99.9
 72,  23, 28.65891548, 96.70909950,  99.9
 73,  23, 28.65336083, 96.71396643,  99.9
 74,  23, 28.64773043, 96.71889906,  99.9
 75,  23, 28.64202323, 96.72389827,  99.9
 76,  23, 28.63623819, 96.72896496,  99.9
 77,  23, 28.63037423, 96.73410002,  99.9
 78,  23, 28.62443029, 96.73930437,  99.9
 79,  23, 28.61840527, 96.74457895,  99.9
 80,  23, 28.61229805, 96.74992468,  99.9
 81,  23, 28.60610753, 96.75534252,  99.9
 82,  23, 28.59983254, 96.76083343,  99.9
 83,  23, 28.59347195, 96.76639840,  99.9
 84,  23, 28.58702458, 96.77203840,  99.9
 85,  23, 28.58048924, 96.77775445,  99.9
 86,  23, 28.57386474, 96.78354756,  99.9
 87,  23, 28.56714984, 96.78941876,  99.9
 88,  23, 28.56034331, 96.79536908,  99.9
 89,  23, 28.55344390, 96.80139960,  99.9
 90,  23, 28.54645034, 96.80751137,   3.8
 91,  23, 28.53936134, 96.81370548,   3.4
 92,  23, 28.53217560, 96.81998303,   3.4
 93,  23, 28.52489178, 96.82634513,   3.4
 94,  23, 28.51750855, 96.83279292,   3.4
 95,  23, 28.51002455, 96.83932752,   3.3
 96,  23, 28.50243839, 96.84595010,   3.3
 97,  23, 28.49474868, 96.85266183,   3.2
 98,  23, 28.48695400, 96.85946389,  99.9
 99,  23, 28.47905291, 96.86635750,  99.9
100,  23, 28.47104396, 96.87334386,  99.9
101,  23, 28.46292567, 96.88042421,  99.9
102,  23, 28.45469654, 96.88759980,  99.9
103,  23, 28.44635505, 96.89487190,  99.9
104,  23, 28.43789966, 96.90224179,  99.9
105,  23, 28.42932882, 96.90971077,  99.9
106,  23, 28.42064094, 96.91728016,  99.9
107,  23, 28.41183442, 96.92495128,  99.9
108,  23, 28.40290763, 96.93272549,  99.9
109,  23, 28.39385892, 96.94060416,  99.9
110,  23, 28.38468663, 96.94858867,  99.9
111,  23, 28.37538905, 96.95668043,  99.9
112,  23, 28.36596448, 96.96488085,  99.9
113,  23, 28.35641116, 96.97319138,  99.9
114,  23, 28.34672735, 96.98161348,  99.9
115,  23, 28.33691124, 96.99014862,  99.9
116,  23, 28.32696102, 96.99879830,  99.9
117,  23, 28.31687485, 97.00756404,  99.9
118,  23, 28.30665087, 97.01644737,  99.9
119,  23, 28.29628720, 97.02544984,  99.9
120,  23, 28.28578190, 97.03457303,  99.9
121,  23, 28.27513304, 97.04381854,  99.9
122,  23, 28.26433865, 97.05318797,  99.9
123,  23, 28.25339673, 97.06268297,  99.9
124,  23, 28.24230526, 97.07230520,  99.9
125,  23, 28.23106219, 97.08205632,  99.9
126,  23, 28.21966543, 97.09193805,  99.9
127,  23, 28.20811288, 97.10195209,  99.9
128,  23, 28.19640239, 97.11210020,  99.9
129,  23, 28.18453179, 97.12238414,  99.9
130,  23, 28.17249890, 97.13280570,  99.9
131,  23, 28.16030148, 97.14336669,   3.5
132,  23, 28.14793726, 97.15406893,   3.4
133,  23, 28.13540397, 97.16491430,   3.4
134,  23, 28.12269927, 97.17590466,   3.4
135,  23, 28.10982081, 97.18704193,   3.4
136,  23, 28.09676621, 97.19832802,   3.4
137,  23, 28.08353304, 97.20976490,   3.4
138,  23, 28.07011885, 97.22135454,   3.6
139,  23, 28.05652115, 97.23309894,  99.9
140,  23, 28.04273742, 97.24500013,  99.9
141,  23, 28.02876510, 97.25706016,  99.9
142,  23, 28.01460160, 97.26928111,  99.9
143,  23, 28.00024429, 97.28166508,  99.9
144,  23, 27.98569050, 97.29421421,  99.9
145,  23, 27.97093753, 97.30693066,  99.9
146,  23, 27.95598265, 97.31981660,  99.9
147,  23, 27.94082306, 97.33287425,  99.9
148,  23, 27.92545597, 97.34610586,  99.9
149,  23, 27.90987850, 97.35951368,  99.9
150,  23, 27.89408777, 97.37310001,  99.9
151,  23, 27.87808084, 97.38686718,  99.9
152,  23, 27.86185474, 97.40081754,   3.4
153,  23, 27.84540644, 97.41495347,   3.2
154,  23, 27.82873288, 97.42927739,   3.6
155,  23, 27.81183098, 97.44379173,   3.6
156,  23, 27.79469757, 97.45849898,  99.9
157,  23, 27.77732947, 97.47340162,  99.9
158,  23, 27.75972345, 97.48850219,  99.9
159,  23, 27.74187623, 97.50380327,  99.9
160,  23, 27.72378449, 97.51930744,  99.9
161,  23, 27.70544485, 97.53501733,  99.9
162,  23, 27.68685390, 97.55093560,  99.9
163,  23, 27.66800818, 97.56706495,  99.9
164,  23, 27.64890416, 97.58340809,  99.9
165,  23, 27.62953830, 97.59996780,  99.9
166,  23, 27.60990697, 97.61674685,  99.9
167,  23, 27.59000653, 97.63374809,  99.9
168,  23, 27.56983324, 97.65097436,  99.9
169,  23, 27.54938336, 97.66842856,  99.9
170,  23, 27.52865306, 97.68611363,  99.9
171,  23, 27.50763848, 97.70403252,  99.9
172,  23, 27.48633569, 97.72218825,  99.9
173,  23, 27.46474071, 97.74058384,  99.9
174,  23, 27.44284951, 97.75922238,  99.9
175,  23, 27.42065799, 97.77810697,  99.9
176,  23, 27.39816202, 97.79724076,  99.9
177,  23, 27.37535738, 97.81662694,  99.9
178,  23, 27.35223981, 97.83626874,  99.9
179,  23, 27.32880500, 97.85616941,  99.9
180,  23, 27.30504855, 97.87633225,  99.9
181,  23, 27.28096602, 97.89676061,  99.9
182,  23, 27.25655290, 97.91745787,  99.9
183,  23, 27.23180462, 97.93842745,  99.9
184,  23, 27.20671656, 97.95967280,  99.9
185,  23, 27.18128401, 97.98119744,  99.9
186,  23, 27.15550221, 98.00300489,  99.9
187,  23, 27.12936633, 98.02509876,  99.9
188,  23, 27.10287146, 98.04748266,  99.9
189,  23, 27.07601265, 98.07016025,  99.9
190,  23, 27.04878486, 98.09313527,  99.9
191,  23, 27.02118298, 98.11641145,  99.9
  1,  24, 28.90896012, 96.48547898,  99.9
  2,  24, 28.90681337, 96.48731953,  99.9
  3,  24, 28.90463739, 96.48918505,  99.9
  4,  24, 28.90243178, 96.49107587,  99.9
  5,  24, 28.90019613, 96.49299234,  99.9
  6,  24, 28.89793003, 96.49493480,  99.9
  7,  24, 28.89563307, 96.49690360,  99.9
  8,  24, 28.89330482, 96.49889911,  99.9
  9,  24, 28.89094487, 96.50092168,  99.9
 10,  24, 28.88855277, 96.50297167,  99.9
 11,  24, 28.88612810, 96.50504946,  99.9
 12,  24, 28.88367040, 96.50715543,  99.9
 13,  24, 28.88117922, 96.50928995,  99.9
 14,  24, 28.87865412, 96.51145341,  99.9
 15,  24, 28.87609462, 96.51364620,  99.9
 16,  24, 28.87350026, 96.51586871,  99.9
 17,  24, 28.87087056, 96.51812136,  99.9
 18,  24, 28.86820504, 96.52040454,  99.9
 19,  24, 28.86550322, 96.52271867,  99.9
 20,  24, 28.86276459, 96.52506417,  99.9
 21,  24, 28.85998865, 96.52744145,  99.9
 22,  24, 28.85717490, 96.52985095,  99.9
 23,  24, 28.85432283, 96.53229311,  99.9
 24,  24, 28.85143190, 96.53476836,  99.9
 25,  24, 28.84850158, 96.53727715,  99.9
 26,  24, 28.84553135, 96.53981993,  99.9
 27,  24, 28.84252066, 96.54239717,  99.9
 28,  24, 28.83946895, 96.54500932,  99.9
 29,  24, 28.83637566, 96.54765686,  99.9
 30,  24, 28.83324023, 96.55034027,  99.9
 31,  24, 28.83006209, 96.55306002,  99.9
 32,  24, 28.82684064, 96.55581661,  99.9
 33,  24, 28.82357531, 96.55861054,  99.9
 34,  24, 28.82026549, 96.56144231,  99.9
 35,  24, 28.81691056, 96.56431242,  99.9
 36,  24, 28.81350993, 96.56722140,  99.9
 37,  24, 28.81006296, 96.57016978,  99.9
 38,  24, 28.80656903, 96.57315807,   3.9
 39,  24, 28.80302749, 96.57618682,   3.9
 40,  24, 28.79943768, 96.57925657,   3.8
 41,  24, 28.79579897, 96.58236788,   3.8
 42,  24, 28.79211066, 96.58552130,   3.8
 43,  24, 28.78837210, 96.58871740,   3.8
 44,  24, 28.78458259, 96.59195676,  99.9
 45,  24, 28.78074144, 96.59523997,  99.9
 46,  24, 28.77684794, 96.59856759,  99.9
 47,  24, 28.77290138, 96.60194025,  99.9
 48,  24, 28.76890104, 96.60535854,  99.9
 49,  24, 28.76484617, 96.60882308,  99.9
 50,  24, 28.76073604, 96.61233448,  99.9
 51,  24, 28.75656990, 96.61589339,  99.9
 52,  24, 28.75234696, 96.61950043,  99.9
 53,  24, 28.74806647, 96.62315625,  99.9
 54,  24, 28.74372764, 96.62686152,  99.9
 55,  24, 28.73932967, 96.63061690,  99.9
 56,  24, 28.73487174, 96.63442305,  99.9
 57,  24, 28.73035305, 96.63828066,  99.9
 58,  24, 28.72577276, 96.64219043,  99.9
 59,  24, 28.72113004, 96.64615305,  99.9
 60,  24, 28.71642402, 96.65016923,   5.1
 61,  24, 28.71165385, 96.65423969,   5.1
 62,  24, 28.70681864, 96.65836516,  99.9
 63,  24, 28.70191752, 96.66254639,   5.2
 64,  24, 28.69694958, 96.66678411,  99.9
 65,  24, 28.69191390, 96.67107908,  99.9
 66,  24, 28.68680956, 96.67543208,  99.9
 67,  24, 28.68163563, 96.67984388,  99.9
 68,  24, 28.67639115, 96.68431527,  99.9
 69,  24, 28.67107516, 96.68884704,  99.9
 70,  24, 28.66568668, 96.69344002,  99.9
 71,  24, 28.66022472, 96.69809501,  99.9
 72,  24, 28.65468828, 96.70281286,  99.9
 73,  24, 28.64907634, 96.70759439,  99.9
 74,  24, 28.64338786, 96.71244047,  99.9
 75,  24, 28.63762181, 96.71735195,  99.9
 76,  24, 28.63177711, 96.72232973,  99.9
 77,  24, 28.62585271, 96.72737467,  99.9
 78,  24, 28.61984750, 96.73248768,  99.9
 79,  24, 28.61376038, 96.73766967,  99.9
 80,  24, 28.60759023, 96.74292156,  99.9
 81,  24, 28.60133592, 96.74824430,  99.9
 82,  24, 28.59499629, 96.75363881,  99.9
 83,  24, 28.58857018, 96.75910608,  99.9
 84,  24, 28.58205641, 96.76464705,  99.9
 85,  24, 28.57545378, 96.77026273,  99.9
 86,  24, 28.56876106, 96.77595411,  99.9
 87,  24, 28.56197704, 96.78172220,  99.9
 88,  24, 28.55510046, 96.78756802,  99.9
 89,  24, 28.54813005, 96.79349262,  99.9
 90,  24, 28.54106454, 96.79949703,   3.8
 91,  24, 28.53390262, 96.80558233,   3.8
 92,  24, 28.52664296, 96.81174960,   3.4
 93,  24, 28.51928424, 96.81799992,  99.9
 94,  24, 28.51182510, 96.82433441,   3.5
 95,  24, 28.50426416, 96.83075419,   3.4
 96,  24, 28.49660003, 96.83726038,   3.3
 97,  24, 28.48883130, 96.84385416,   3.3
 98,  24, 28.48095654, 96.85053667,  99.9
 99,  24, 28.47297429, 96.85730910,   3.6
100,  24, 28.46488308, 96.86417264,  99.9
101,  24, 28.45668143, 96.87112852,  99.9
102,  24, 28.44836782, 96.87817795,  99.9
103,  24, 28.43994071, 96.88532218,  99.9
104,  24, 28.43139855, 96.89256247,  99.9
105,  24, 28.42273977, 96.89990009,  99.9
106,  24, 28.41396277, 96.90733634,  99.9
107,  24, 28.40506593, 96.91487253,  99.9
108,  24, 28.39604760, 96.92250998,  99.9
109,  24, 28.38690613, 96.93025004,  99.9
110,  24, 28.37763983, 96.93809406,  99.9
111,  24, 28.36824698, 96.94604344,  99.9
112,  24, 28.35872586, 96.95409955,  99.9
113,  24, 28.34907470, 96.96226382,  99.9
114,  24, 28.33929172, 96.97053767,  99.9
115,  24, 28.32937511, 96.97892257,  99.9
116,  24, 28.31932305, 96.98741997,  99.9
117,  24, 28.30913367, 96.99603137,  99.9
118,  24, 28.29880510, 97.00475827,  99.9
119,  24, 28.28833542, 97.01360220,  99.9
120,  24, 28.27772271, 97.02256471,  99.9
121,  24, 28.26696499, 97.03164736,  99.9
122,  24, 28.25606028, 97.04085175,  99.9
123,  24, 28.24500656, 97.05017946,  99.9
124,  24, 28.23380180, 97.05963214,  99.9
125,  24, 28.22244391, 97.06921143,  99.9
126,  24, 28.21093079, 97.07891900,  99.9
127,  24, 28.19926033, 97.08875653,  99.9
128,  24, 28.18743035, 97.09872575,  99.9
129,  24, 28.17543866, 97.10882838,  99.9
130,  24, 28.16328306, 97.11906618,  99.9
131,  24, 28.15096128, 97.12944093,  99.9
132,  24, 28.13847105, 97.13995443,   3.4
133,  24, 28.12581005, 97.15060849,   3.4
134,  24, 28.11297594, 97.16140497,   3.4
135,  24, 28.09996634, 97.17234574,   3.4
136,  24, 28.08677885, 97.18343268,   3.4
137,  24, 28.07341101, 97.19466772,   3.4
138,  24, 28.05986035, 97.20605280,  99.9
139,  24, 28.04612436, 97.21758988,  99.9
140,  24, 28.03220049, 97.22928095,  99.9
141,  24, 28.01808616, 97.24112803,  99.9
142,  24, 28.00377875, 97.25313316,  99.9
143,  24, 27.98927561, 97.26529841,  99.9
144,  24, 27.97457405, 97.27762586,  99.9
145,  24, 27.95967134, 97.29011764,  99.9
146,  24, 27.94456472, 97.30277589,  99.9
147,  24, 27.92925137, 97.31560278,  99.9
148,  24, 27.91372847, 97.32860051,  99.9
149,  24, 27.89799311, 97.34177131,  99.9
150,  24, 27.88204239, 97.35511743,  99.9
151,  24, 27.86587335, 97.36864115,   3.7
152,  24, 27.84948296, 97.38234479,   3.7
153,  24, 27.83286820, 97.39623067,  99.9
154,  24, 27.81602597, 97.41030118,   3.7
155,  24, 27.79895314, 97.42455870,  99.9
156,  24, 27.78164654, 97.43900566,  99.9
157,  24, 27.76410295, 97.45364453,  99.9
158,  24, 27.74631911, 97.46847778,  99.9
159,  24, 27.72829170, 97.48350793,  99.9
160,  24, 27.71001738, 97.49873753,  99.9
161,  24, 27.69149273, 97.51416917,  99.9
162,  24, 27.67271433, 97.52980544,  99.9
163,  24, 27.65367866, 97.54564900,  99.9
164,  24, 27.63438218, 97.56170252,  99.9
165,  24, 27.61482130, 97.57796871,  99.9
166,  24, 27.59499238, 97.59445031,  99.9
167,  24, 27.57489172, 97.61115009,  99.9
168,  24, 27.55451557, 97.62807086,  99.9
169,  24, 27.53386014, 97.64521546,  99.9
170,  24, 27.51292157, 97.66258677,  99.9
171,  24, 27.49169596, 97.68018770,  99.9
172,  24, 27.47017935, 97.69802120,  99.9
173,  24, 27.44836773, 97.71609024,  99.9
174,  24, 27.42625703, 97.73439784,  99.9
175,  24, 27.40384311, 97.75294707,  99.9
176,  24, 27.38112180, 97.77174100,  99.9
177,  24, 27.35808886, 97.79078276,  99.9
178,  24, 27.33473997, 97.81007553,  99.9
179,  24, 27.31107078, 97.82962249,  99.9
180,  24, 27.28707687, 97.84942690,  99.9
181,  24, 27.26275376, 97.86949202,  99.9
182,  24, 27.23809689, 97.88982118,  99.9
183,  24, 27.21310165, 97.91041773,  99.9
184,  24, 27.18776338, 97.93128507,  99.9
185,  24, 27.16207733, 97.95242664,  99.9
186,  24, 27.13603869, 97.97384591,  99.9
187,  24, 27.10964260, 97.99554640,  99.9
188,  24, 27.08288412, 98.01753166,  99.9
189,  24, 27.05575823, 98.03980530,  99.9
190,  24, 27.02825985, 98.06237096,  99.9
191,  24, 27.00038384, 98.08523232,  99.9
  1,  25, 28.90736579, 96.48304366,  99.9
  2,  25, 28.90519739, 96.48485110,  99.9
  3,  25, 28.90299945, 96.48668305,  99.9
  4,  25, 28.90077159, 96.48853985,  99.9
  5,  25, 28.89851338, 96.49042184,  99.9
  6,  25, 28.89622442, 96.49232935,  99.9
  7,  25, 28.89390429, 96.49426273,  99.9
  8,  25, 28.89155256, 96.49622233,  99.9
  9,  25, 28.88916881, 96.49820851,  99.9
 10,  25, 28.88675258, 96.50022161,  99.9
 11,  25, 28.88430346, 96.50226202,  99.9
 12,  25, 28.88182097, 96.50433009,  99.9
 13,  25, 28.87930468, 96.50642619,  99.9
 14,  25, 28.87675411, 96.50855072,  99.9
 15,  25, 28.87416881, 96.51070405,  99.9
 16,  25, 28.87154829, 96.51288657,  99.9
 17,  25, 28.86889208, 96.51509867,  99.9
 18,  25, 28.86619969, 96.51734076,  99.9
 19,  25, 28.86347063, 96.51961324,  99.9
 20,  25, 28.86070440, 96.52191652,  99.9
 21,  25, 28.85790049, 96.52425101,  99.9
 22,  25, 28.85505838, 96.52661715,  99.9
 23,  25, 28.85217756, 96.52901534,  99.9
 24,  25, 28.84925750, 96.53144604,  99.9
 25,  25, 28.84629766, 96.53390967,  99.9
 26,  25, 28.84329751, 96.53640668,  99.9
 27,  25, 28.84025648, 96.53893751,  99.9
 28,  25, 28.83717403, 96.54150264,  99.9
 29,  25, 28.83404958, 96.54410252,  99.9
 30,  25, 28.83088258, 96.54673761,  99.9
 31,  25, 28.82767242, 96.54940839,  99.9
 32,  25, 28.82441854, 96.55211535,  99.9
 33,  25, 28.82112032, 96.55485897,  99.9
 34,  25, 28.81777717, 96.55763975,  99.9
 35,  25, 28.81438847, 96.56045818,  99.9
 36,  25, 28.81095360, 96.56331478,  99.9
 37,  25, 28.80747193, 96.56621006,  99.9
 38,  25, 28.80394283, 96.56914453,  99.9
 39,  25, 28.80036564, 96.57211873,   3.9
 40,  25, 28.79673971, 96.57513320,   3.8
 41,  25, 28.79306437, 96.57818847,   3.8
 42,  25, 28.78933896, 96.58128509,   3.8
 43,  25, 28.78556278, 96.58442363,   3.9
 44,  25, 28.78173515, 96.58760464,   3.9
 45,  25, 28.77785535, 96.59082870,  99.9
 46,  25, 28.77392269, 96.59409638,  99.9
 47,  25, 28.76993644, 96.59740828,  99.9
 48,  25, 28.76589586, 96.60076498,   4.6
 49,  25, 28.76180022, 96.60416710,   4.6
 50,  25, 28.75764877, 96.60761524,   4.6
 51,  25, 28.75344073, 96.61111002,   4.6
 52,  25, 28.74917535, 96.61465207,  99.9
 53,  25, 28.74485183, 96.61824202,  99.9
 54,  25, 28.74046939, 96.62188051,  99.9
 55,  25, 28.73602722, 96.62556821,  99.9
 56,  25, 28.73152450, 96.62930577,  99.9
 57,  25, 28.72696040, 96.63309386,  99.9
 58,  25, 28.72233410, 96.63693315,  99.9
 59,  25, 28.71764474, 96.64082435,   5.0
 60,  25, 28.71289145, 96.64476813,   5.0
 61,  25, 28.70807337, 96.64876522,   5.1
 62,  25, 28.70318961, 96.65281633,   5.1
 63,  25, 28.69823928, 96.65692217,   5.2
 64,  25, 28.69322146, 96.66108349,   5.2
 65,  25, 28.68813523, 96.66530102,  99.9
 66,  25, 28.68297966, 96.66957553,  99.9
 67,  25, 28.67775380, 96.67390778,  99.9
 68,  25, 28.67245669, 96.67829854,  99.9
 69,  25, 28.66708737, 96.68274859,  99.9
 70,  25, 28.66164483, 96.68725873,  99.9
 71,  25, 28.65612808, 96.69182977,  99.9
 72,  25, 28.65053611, 96.69646252,  99.9
 73,  25, 28.64486789, 96.70115781,  99.9
 74,  25, 28.63912238, 96.70591647,  99.9
 75,  25, 28.63329852, 96.71073935,  99.9
 76,  25, 28.62739523, 96.71562732,  99.9
 77,  25, 28.62141145, 96.72058124,  99.9
 78,  25, 28.61534606, 96.72560200,  99.9
 79,  25, 28.60919794, 96.73069049,  99.9
 80,  25, 28.60296598, 96.73584762,  99.9
 81,  25, 28.59664902, 96.74107429,  99.9
 82,  25, 28.59024590, 96.74637145,  99.9
 83,  25, 28.58375544, 96.75174004,  99.9
 84,  25, 28.57717645, 96.75718101,  99.9
 85,  25, 28.57050772, 96.76269532,  99.9
 86,  25, 28.56374802, 96.76828396,  99.9
 87,  25, 28.55689610, 96.77394791,  99.9
 88,  25, 28.54995072, 96.77968819,  99.9
 89,  25, 28.54291058, 96.78550581,  99.9
 90,  25, 28.53577439, 96.79140181,  99.9
 91,  25, 28.52854083, 96.79737722,   3.7
 92,  25, 28.52120859, 96.80343311,   3.7
 93,  25, 28.51377630, 96.80957055,  99.9
 94,  25, 28.50624260, 96.81579062,   3.6
 95,  25, 28.49860609, 96.82209444,   3.5
 96,  25, 28.49086538, 96.82848310,   3.5
 97,  25, 28.48301904, 96.83495775,   3.5
 98,  25, 28.47506562, 96.84151952,   3.7
 99,  25, 28.46700366, 96.84816958,   3.9
100,  25, 28.45883166, 96.85490910,   4.0
101,  25, 28.45054813, 96.86173927,  99.9
102,  25, 28.44215154, 96.86866130,  99.9
103,  25, 28.43364034, 96.87567640,  99.9
104,  25, 28.42501296, 96.88278581,  99.9
105,  25, 28.41626780, 96.88999078,  99.9
106,  25, 28.40740327, 96.89729259,  99.9
107,  25, 28.39841772, 96.90469252,  99.9
108,  25, 28.38930950, 96.91219187,  99.9
109,  25, 28.38007692, 96.91979196,  99.9
110,  25, 28.37071828, 96.92749412,  99.9
111,  25, 28.36123186, 96.93529971,  99.9
112,  25, 28.35161591, 96.94321009,  99.9
113,  25, 28.34186864, 96.95122666,  99.9
114,  25, 28.33198827, 96.95935083,  99.9
115,  25, 28.32197296, 96.96758400,  99.9
116,  25, 28.31182087, 96.97592764,  99.9
117,  25, 28.30153013, 96.98438319,  99.9
118,  25, 28.29109883, 96.99295214,  99.9
119,  25, 28.28052505, 97.00163599,  99.9
120,  25, 28.26980683, 97.01043625,  99.9
121,  25, 28.25894219, 97.01935447,  99.9
122,  25, 28.24792913, 97.02839219,  99.9
123,  25, 28.23676561, 97.03755099,  99.9
124,  25, 28.22544957, 97.04683248,  99.9
125,  25, 28.21397892, 97.05623826,  99.9
126,  25, 28.20235153, 97.06576998,  99.9
127,  25, 28.19056525, 97.07542930,  99.9
128,  25, 28.17861792, 97.08521789,  99.9
129,  25, 28.16650731, 97.09513746,   3.3
130,  25, 28.15423118, 97.10518972,   3.3
131,  25, 28.14178727, 97.11537643,   3.3
132,  25, 28.12917328, 97.12569935,   3.3
133,  25, 28.11638686, 97.13616027,   3.3
134,  25, 28.10342565, 97.14676100,   3.4
135,  25, 28.09028725, 97.15750337,   3.4
136,  25, 28.07696924, 97.16838925,   3.4
137,  25, 28.06346914, 97.17942051,   3.4
138,  25, 28.04978445, 97.19059906,  99.9
139,  25, 28.03591264, 97.20192683,  99.9
140,  25, 28.02185114, 97.21340577,  99.9
141,  25, 28.00759734, 97.22503787,  99.9
142,  25, 27.99314860, 97.23682511,  99.9
143,  25, 27.97850224, 97.24876953,  99.9
144,  25, 27.96365556, 97.26087319,  99.9
145,  25, 27.94860578, 97.27313816,  99.9
146,  25, 27.93335014, 97.28556654,  99.9
147,  25, 27.91788578, 97.29816047,  99.9
148,  25, 27.90220986, 97.31092211,  99.9
149,  25, 27.88631945, 97.32385363,  99.9
150,  25, 27.87021160, 97.33695725,  99.9
151,  25, 27.85388334, 97.35023522,   3.7
152,  25, 27.83733162, 97.36368979,   3.7
153,  25, 27.82055338, 97.37732326,   3.7
154,  25, 27.80354550, 97.39113796,   3.7
155,  25, 27.78630481, 97.40513623,  99.9
156,  25, 27.76882813, 97.41932046,  99.9
157,  25, 27.75111219, 97.43369306,  99.9
158,  25, 27.73315371, 97.44825646,  99.9
159,  25, 27.71494934, 97.46301314,  99.9
160,  25, 27.69649571, 97.47796560,  99.9
161,  25, 27.67778939, 97.49311637,  99.9
162,  25, 27.65882689, 97.50846800,  99.9
163,  25, 27.63960468, 97.52402310,  99.9
164,  25, 27.62011919, 97.53978429,  99.9
165,  25, 27.60036680, 97.55575422,  99.9
166,  25, 27.58034383, 97.57193558,  99.9
167,  25, 27.56004655, 97.58833110,  99.9
168,  25, 27.53947118, 97.60494353,  99.9
169,  25, 27.51861389, 97.62177565,  99.9
170,  25, 27.49747079, 97.63883030,  99.9
171,  25, 27.47603795, 97.65611032,  99.9
172,  25, 27.45431137, 97.67361860,  99.9
173,  25, 27.43228700, 97.69135807,  99.9
174,  25, 27.40996074, 97.70933170,  99.9
175,  25, 27.38732842, 97.72754246,  99.9
176,  25, 27.36438583, 97.74599340,  99.9
177,  25, 27.34112868, 97.76468759,  99.9
178,  25, 27.31755264, 97.78362812,  99.9
179,  25, 27.29365330, 97.80281814,  99.9
180,  25, 27.26942620, 97.82226083,  99.9
181,  25, 27.24486683, 97.84195940,  99.9
182,  25, 27.21997059, 97.86191710,  99.9
183,  25, 27.19473284, 97.88213724,  99.9
184,  25, 27.16914886, 97.90262313,  99.9
185,  25, 27.14321388, 97.92337815,  99.9
186,  25, 27.11692304, 97.94440571,  99.9
187,  25, 27.09027144, 97.96570926,  99.9
188,  25, 27.06325408, 97.98729229,  99.9
189,  25, 27.03586592, 98.00915833,  99.9
190,  25, 27.00810184, 98.03131096,  99.9
191,  25, 26.97995664, 98.05375377,  99.9
  1,  26, 28.90580053, 96.48058415,  99.9
  2,  26, 28.90361086, 96.48235815,  99.9
  3,  26, 28.90139137, 96.48415621,  99.9
  4,  26, 28.89914166, 96.48597866,  99.9
  5,  26, 28.89686131, 96.48782582,  99.9
  6,  26, 28.89454991, 96.48969804,  99.9
  7,  26, 28.89220703, 96.49159565,  99.9
  8,  26, 28.88983225, 96.49351899,  99.9
  9,  26, 28.88742512, 96.49546841,  99.9
 10,  26, 28.88498521, 96.49744426,  99.9
 11,  26, 28.88251208, 96.49944691,  99.9
 12,  26, 28.88000526, 96.50147671,  99.9
 13,  26, 28.87746431, 96.50353402,  99.9
 14,  26, 28.87488874, 96.50561923,  99.9
 15,  26, 28.87227810, 96.50773271,  99.9
 16,  26, 28.86963191, 96.50987484,  99.9
 17,  26, 28.86694967, 96.51204600,  99.9
 18,  26, 28.86423090, 96.51424659,  99.9
 19,  26, 28.86147511, 96.51647701,  99.9
 20,  26, 28.85868177, 96.51873766,  99.9
 21,  26, 28.85585039, 96.52102894,  99.9
 22,  26, 28.85298045, 96.52335128,  99.9
 23,  26, 28.85007141, 96.52570508,  99.9
 24,  26, 28.84712275, 96.52809078,  99.9
 25,  26, 28.84413393, 96.53050880,  99.9
 26,  26, 28.84110439, 96.53295959,  99.9
 27,  26, 28.83803359, 96.53544357,  99.9
 28,  26, 28.83492096, 96.53796121,  99.9
 29,  26, 28.83176592, 96.54051295,  99.9
 30,  26, 28.82856791, 96.54309926,  99.9
 31,  26, 28.82532633, 96.54572059,  99.9
 32,  26, 28.82204060, 96.54837743,  99.9
 33,  26, 28.81871010, 96.55107025,  99.9
 34,  26, 28.81533423, 96.55379954,  99.9
 35,  26, 28.81191237, 96.55656578,  99.9
 36,  26, 28.80844389, 96.55936948,  99.9
 37,  26, 28.80492815, 96.56221114,  99.9
 38,  26, 28.80136452, 96.56509127,  99.9
 39,  26, 28.79775234, 96.56801039,  99.9
 40,  26, 28.79409094, 96.57096902,   4.4
 41,  26, 28.79037966, 96.57396771,  99.9
 42,  26, 28.78661781, 96.57700698,  99.9
 43,  26, 28.78280470, 96.58008738,   4.1
 44,  26, 28.77893964, 96.58320947,   4.0
 45,  26, 28.77502191, 96.58637380,  99.9
 46,  26, 28.77105080, 96.58958095,  99.9
 47,  26, 28.76702558, 96.59283150,   4.6
 48,  26, 28.76294551, 96.59612602,   4.6
 49,  26, 28.75880984, 96.59946510,   4.6
 50,  26, 28.75461781, 96.60284936,   4.6
 51,  26, 28.75036865, 96.60627938,   4.6
 52,  26, 28.74606159, 96.60975580,   4.7
 53,  26, 28.74169584, 96.61327923,   4.8
 54,  26, 28.73727058, 96.61685030,   4.8
 55,  26, 28.73278502, 96.62046966,  99.9
 56,  26, 28.72823832, 96.62413796,  99.9
 57,  26, 28.72362965, 96.62785584,  99.9
 58,  26, 28.71895818, 96.63162398,  99.9
 59,  26, 28.71422303, 96.63544305,   5.0
 60,  26, 28.70942334, 96.63931374,   5.0
 61,  26, 28.70455822, 96.64323674,   5.0
 62,  26, 28.69962680, 96.64721275,   5.1
 63,  26, 28.69462815, 96.65124248,   5.1
 64,  26, 28.68956136, 96.65532665,   5.1
 65,  26, 28.68442551, 96.65946599,  99.9
 66,  26, 28.67921964, 96.66366125,  99.9
 67,  26, 28.67394281, 96.66791317,  99.9
 68,  26, 28.66859404, 96.67222252,  99.9
 69,  26, 28.66317235, 96.67659005,  99.9
 70,  26, 28.65767674, 96.68101655,  99.9
 71,  26, 28.65210620, 96.68550282,  99.9
 72,  26, 28.64645972, 96.69004965,  99.9
 73,  26, 28.64073625, 96.69465785,  99.9
 74,  26, 28.63493475, 96.69932825,  99.9
 75,  26, 28.62905413, 96.70406167,  99.9
 76,  26, 28.62309333, 96.70885897,  99.9
 77,  26, 28.61705126, 96.71372099,  99.9
 78,  26, 28.61092678, 96.71864860,  99.9
 79,  26, 28.60471880, 96.72364268,  99.9
 80,  26, 28.59842615, 96.72870411,  99.9
 81,  26, 28.59204768, 96.73383381,  99.9
 82,  26, 28.58558223, 96.73903267,  99.9
 83,  26, 28.57902860, 96.74430163,  99.9
 84,  26, 28.57238558, 96.74964162,  99.9
 85,  26, 28.56565196, 96.75505358,  99.9
 86,  26, 28.55882650, 96.76053849,  99.9
 87,  26, 28.55190794, 96.76609731,  99.9
 88,  26, 28.54489500, 96.77173102,  99.9
 89,  26, 28.53778640, 96.77744064,  99.9
 90,  26, 28.53058083, 96.78322717,  99.9
 91,  26, 28.52327697, 96.78909163,  99.9
 92,  26, 28.51587346, 96.79503507,   3.7
 93,  26, 28.50836895, 96.80105854,   3.7
 94,  26, 28.50076205, 96.80716310,   3.6
 95,  26, 28.49305136, 96.81334983,   3.6
 96,  26, 28.48523548, 96.81961984,   3.6
 97,  26, 28.47731294, 96.82597422,   3.6
 98,  26, 28.46928230, 96.83241409,   3.6
 99,  26, 28.46114208, 96.83894061,   3.8
100,  26, 28.45289078, 96.84555491,   3.9
101,  26, 28.44452687, 96.85225817,   4.0
102,  26, 28.43604882, 96.85905157,  99.9
103,  26, 28.42745507, 96.86593630,  99.9
104,  26, 28.41874402, 96.87291359,  99.9
105,  26, 28.40991408, 96.87998465,  99.9
106,  26, 28.40096362, 96.88715073,  99.9
107,  26, 28.39189099, 96.89441309,  99.9
108,  26, 28.38269451, 96.90177302,  99.9
109,  26, 28.37337250, 96.90923180,  99.9
110,  26, 28.36392322, 96.91679074,  99.9
111,  26, 28.35434494, 96.92445118,  99.9
112,  26, 28.34463589, 96.93221445,  99.9
113,  26, 28.33479429, 96.94008192,  99.9
114,  26, 28.32481831, 96.94805497,  99.9
115,  26, 28.31470611, 96.95613499,  99.9
116,  26, 28.30445583, 96.96432339,  99.9
117,  26, 28.29406558, 96.97262162,  99.9
118,  26, 28.28353343, 96.98103113,  99.9
119,  26, 28.27285745, 96.98955337,  99.9
120,  26, 28.26203567, 96.99818985,  99.9
121,  26, 28.25106608, 97.00694206,  99.9
122,  26, 28.23994665, 97.01581155,  99.9
123,  26, 28.22867535, 97.02479984,  99.9
124,  26, 28.21725008, 97.03390852,  99.9
125,  26, 28.20566873, 97.04313916,  99.9
126,  26, 28.19392916, 97.05249338,  99.9
127,  26, 28.18202921, 97.06197279,   3.3
128,  26, 28.16996667, 97.07157906,   3.3
129,  26, 28.15773931, 97.08131384,   3.3
130,  26, 28.14534488, 97.09117882,   3.3
131,  26, 28.13278109, 97.10117573,   3.3
132,  26, 28.12004560, 97.11130628,   3.3
133,  26, 28.10713606, 97.12157224,   3.3
134,  26, 28.09405009, 97.13197538,   3.3
135,  26, 28.08078527, 97.14251751,   3.3
136,  26, 28.06733913, 97.15320043,   3.4
137,  26, 28.05370920, 97.16402601,   3.4
138,  26, 28.03989294, 97.17499611,  99.9
139,  26, 28.02588781, 97.18611262,  99.9
140,  26, 28.01169121, 97.19737745,  99.9
141,  26, 27.99730050, 97.20879255,  99.9
142,  26, 27.98271303, 97.22035988,  99.9
143,  26, 27.96792610, 97.23208143,  99.9
144,  26, 27.95293695, 97.24395921,  99.9
145,  26, 27.93774282, 97.25599526,  99.9
146,  26, 27.92234089, 97.26819165,  99.9
147,  26, 27.90672831, 97.28055046,  99.9
148,  26, 27.89090218, 97.29307381,  99.9
149,  26, 27.87485957, 97.30576385,  99.9
150,  26, 27.85859749, 97.31862274,   3.6
151,  26, 27.84211295, 97.33165268,   3.6
152,  26, 27.82540287, 97.34485590,   3.6
153,  26, 27.80846416, 97.35823463,   3.6
154,  26, 27.79129367, 97.37179116,   3.7
155,  26, 27.77388822, 97.38552781,  99.9
156,  26, 27.75624458, 97.39944689,  99.9
157,  26, 27.73835947, 97.41355078,  99.9
158,  26, 27.72022957, 97.42784187,  99.9
159,  26, 27.70185151, 97.44232258,  99.9
160,  26, 27.68322188, 97.45699536,  99.9
161,  26, 27.66433722, 97.47186270,  99.9
162,  26, 27.64519402, 97.48692711,  99.9
163,  26, 27.62578872, 97.50219112,  99.9
164,  26, 27.60611771, 97.51765731,  99.9
165,  26, 27.58617734, 97.53332830,  99.9
166,  26, 27.56596390, 97.54920671,  99.9
167,  26, 27.54547362, 97.56529521,  99.9
168,  26, 27.52470271, 97.58159651,  99.9
169,  26, 27.50364728, 97.59811334,  99.9
170,  26, 27.48230343, 97.61484846,  99.9
171,  26, 27.46066719, 97.63180468,  99.9
172,  26, 27.43873451, 97.64898482,  99.9
173,  26, 27.41650133, 97.66639177,  99.9
174,  26, 27.39396349, 97.68402841,  99.9
175,  26, 27.37111681, 97.70189769,  99.9
176,  26, 27.34795702, 97.72000257,  99.9
177,  26, 27.32447981, 97.73834607,  99.9
178,  26, 27.30068081, 97.75693124,  99.9
179,  26, 27.27655557, 97.77576113,  99.9
180,  26, 27.25209960, 97.79483889,  99.9
181,  26, 27.22730835, 97.81416765,  99.9
182,  26, 27.20217717, 97.83375060,  99.9
183,  26, 27.17670139, 97.85359099,  99.9
184,  26, 27.15087626, 97.87369206,  99.9
185,  26, 27.12469695, 97.89405713,  99.9
186,  26, 27.09815858, 97.91468953,  99.9
187,  26, 27.07125619, 97.93559266,  99.9
188,  26, 27.04398476, 97.95676992,  99.9
189,  26, 27.01633919, 97.97822479,  99.9
190,  26, 26.98831433, 97.99996076,  99.9
191,  26, 26.95990493, 98.02198138,  99.9
  1,  27, 28.90426461, 96.47810090,  99.9
  2,  27, 28.90205408, 96.47984113,  99.9
  3,  27, 28.89981344, 96.48160498,  99.9
  4,  27, 28.89754229, 96.48339274,  99.9
  5,  27, 28.89524022, 96.48520475,  99.9
  6,  27, 28.89290679, 96.48704133,  99.9
  7,  27, 28.89054159, 96.48890282,  99.9
  8,  27, 28.88814418, 96.49078956,  99.9
  9,  27, 28.88571413, 96.49270187,  99.9
 10,  27, 28.88325098, 96.49464012,  99.9
 11,  27, 28.88075429, 96.49660465,  99.9
 12,  27, 28.87822360, 96.49859581,  99.9
 13,  27, 28.87565844, 96.50061396,  99.9
 14,  27, 28.87305835, 96.50265948,  99.9
 15,  27, 28.87042285, 96.50473272,  99.9
 16,  27, 28.86775146, 96.50683407,  99.9
 17,  27, 28.86504369, 96.50896390,  99.9
 18,  27, 28.86229903, 96.51112260,  99.9
 19,  27, 28.85951700, 96.51331056,  99.9
 20,  27, 28.85669708, 96.51552816,  99.9
 21,  27, 28.85383875, 96.51777582,  99.9
 22,  27, 28.85094148, 96.52005394,  99.9
 23,  27, 28.84800476, 96.52236293,  99.9
 24,  27, 28.84502804, 96.52470320,  99.9
 25,  27, 28.84201077, 96.52707518,  99.9
 26,  27, 28.83895241, 96.52947930,  99.9
 27,  27, 28.83585239, 96.53191599,  99.9
 28,  27, 28.83271014, 96.53438568,  99.9
 29,  27, 28.82952509, 96.53688883,  99.9
 30,  27, 28.82629666, 96.53942588,  99.9
 31,  27, 28.82302424, 96.54199729,  99.9
 32,  27, 28.81970725, 96.54460353,  99.9
 33,  27, 28.81634508, 96.54724506,  99.9
 34,  27, 28.81293711, 96.54992237,  99.9
 35,  27, 28.80948271, 96.55263592,  99.9
 36,  27, 28.80598125, 96.55538622,  99.9
 37,  27, 28.80243209, 96.55817375,  99.9
 38,  27, 28.79883458, 96.56099902,  99.9
 39,  27, 28.79518806, 96.56386253,  99.9
 40,  27, 28.79149186, 96.56676480,   4.4
 41,  27, 28.78774530, 96.56970636,   4.4
 42,  27, 28.78394770, 96.57268773,   4.3
 43,  27, 28.78009836, 96.57570944,   4.3
 44,  27, 28.77619657, 96.57877205,   4.2
 45,  27, 28.77224162, 96.58187609,   4.3
 46,  27, 28.76823278, 96.58502214,   4.4
 47,  27, 28.76416933, 96.58821074,   4.5
 48,  27, 28.76005050, 96.59144248,   4.6
 49,  27, 28.75587555, 96.59471794,   4.5
 50,  27, 28.75164371, 96.59803770,   4.5
 51,  27, 28.74735421, 96.60140236,   4.6
 52,  27, 28.74300626, 96.60481252,   4.7
 53,  27, 28.73859905, 96.60826880,   4.7
 54,  27, 28.73413179, 96.61177181,   4.8
 55,  27, 28.72960365, 96.61532219,   4.8
 56,  27, 28.72501380, 96.61892056,  99.9
 57,  27, 28.72036140, 96.62256757,  99.9
 58,  27, 28.71564560, 96.62626388,   4.9
 59,  27, 28.71086552, 96.63001015,   4.9
 60,  27, 28.70602030, 96.63380704,   4.9
 61,  27, 28.70110904, 96.63765525,   5.0
 62,  27, 28.69613084, 96.64155545,   5.0
 63,  27, 28.69108479, 96.64550834,   5.1
 64,  27, 28.68596996, 96.64951464,   5.1
 65,  27, 28.68078541, 96.65357505,  99.9
 66,  27, 28.67553019, 96.65769031,  99.9
 67,  27, 28.67020334, 96.66186114,  99.9
 68,  27, 28.66480388, 96.66608830,  99.9
 69,  27, 28.65933081, 96.67037254,  99.9
 70,  27, 28.65378313, 96.67471462,  99.9
 71,  27, 28.64815982, 96.67911531,  99.9
 72,  27, 28.64245985, 96.68357541,  99.9
 73,  27, 28.63668217, 96.68809570,  99.9
 74,  27, 28.63082572, 96.69267700,  99.9
 75,  27, 28.62488943, 96.69732012,  99.9
 76,  27, 28.61887219, 96.70202589,  99.9
 77,  27, 28.61277292, 96.70679514,  99.9
 78,  27, 28.60659048, 96.71162873,  99.9
 79,  27, 28.60032374, 96.71652751,  99.9
 80,  27, 28.59397155, 96.72149236,  99.9
 81,  27, 28.58753274, 96.72652416,  99.9
 82,  27, 28.58100613, 96.73162380,  99.9
 83,  27, 28.57439051, 96.73679219,  99.9
 84,  27, 28.56768467, 96.74203025,  99.9
 85,  27, 28.56088739, 96.74733891,  99.9
 86,  27, 28.55399740, 96.75271910,  99.9
 87,  27, 28.54701344, 96.75817180,  99.9
 88,  27, 28.53993423, 96.76369796,  99.9
 89,  27, 28.53275846, 96.76929856,  99.9
 90,  27, 28.52548481, 96.77497459,  99.9
 91,  27, 28.51811196, 96.78072707,  99.9
 92,  27, 28.51063853, 96.78655701,  99.9
 93,  27, 28.50306315, 96.79246544,   3.6
 94,  27, 28.49538444, 96.79845340,   3.6
 95,  27, 28.48760097, 96.80452197,   3.6
 96,  27, 28.47971132, 96.81067220,   3.6
 97,  27, 28.47171403, 96.81690519,   3.6
 98,  27, 28.46360763, 96.82322203,   3.5
 99,  27, 28.45539062, 96.82962385,   3.6
100,  27, 28.44706150, 96.83611177,   3.9
101,  27, 28.43861874, 96.84268694,   4.0
102,  27, 28.43006076, 96.84935051,   4.1
103,  27, 28.42138601, 96.85610367,  99.9
104,  27, 28.41259288, 96.86294759,  99.9
105,  27, 28.40367975, 96.86988349,  99.9
106,  27, 28.39464498, 96.87691258,  99.9
107,  27, 28.38548691, 96.88403611,  99.9
108,  27, 28.37620384, 96.89125532,  99.9
109,  27, 28.36679407, 96.89857148,  99.9
110,  27, 28.35725586, 96.90598588,  99.9
111,  27, 28.34758746, 96.91349982,  99.9
112,  27, 28.33778707, 96.92111462,  99.9
113,  27, 28.32785291, 96.92883161,  99.9
114,  27, 28.31778312, 96.93665214,  99.9
115,  27, 28.30757586, 96.94457758,  99.9
116,  27, 28.29722924, 96.95260933,  99.9
117,  27, 28.28674135, 96.96074879,  99.9
118,  27, 28.27611027, 96.96899737,  99.9
119,  27, 28.26533402, 96.97735652,  99.9
120,  27, 28.25441062, 96.98582771,  99.9
121,  27, 28.24333806, 96.99441240,  99.9
122,  27, 28.23211428, 97.00311210,  99.9
123,  27, 28.22073722, 97.01192832,  99.9
124,  27, 28.20920478, 97.02086260,   3.6
125,  27, 28.19751482, 97.02991649,   3.5
126,  27, 28.18566520, 97.03909158,   3.4
127,  27, 28.17365371, 97.04838944,   3.3
128,  27, 28.16147814, 97.05781171,   3.3
129,  27, 28.14913625, 97.06736001,   3.3
130,  27, 28.13662575, 97.07703601,   3.3
131,  27, 28.12394433, 97.08684137,   3.3
132,  27, 28.11108964, 97.09677781,   3.3
133,  27, 28.09805931, 97.10684703,   3.3
134,  27, 28.08485094, 97.11705079,   3.3
135,  27, 28.07146207, 97.12739084,   3.4
136,  27, 28.05789024, 97.13786898,   3.4
137,  27, 28.04413293, 97.14848700,   3.5
138,  27, 28.03018759, 97.15924675,   3.5
139,  27, 28.01605166, 97.17015008,  99.9
140,  27, 28.00172251, 97.18119886,  99.9
141,  27, 27.98719748, 97.19239501,  99.9
142,  27, 27.97247391, 97.20374043,  99.9
143,  27, 27.95754904, 97.21523709,  99.9
144,  27, 27.94242014, 97.22688696,  99.9
145,  27, 27.92708438, 97.23869203,  99.9
146,  27, 27.91153894, 97.25065433,  99.9
147,  27, 27.89578093, 97.26277591,  99.9
148,  27, 27.87980744, 97.27505884,  99.9
149,  27, 27.86361550, 97.28750523,   3.5
150,  27, 27.84720212, 97.30011719,   3.5
151,  27, 27.83056424, 97.31289688,   3.5
152,  27, 27.81369880, 97.32584648,   3.5
153,  27, 27.79660266, 97.33896820,   3.6
154,  27, 27.77927265, 97.35226427,   3.6
155,  27, 27.76170555, 97.36573695,   3.6
156,  27, 27.74389812, 97.37938852,  99.9
157,  27, 27.72584704, 97.39322131,  99.9
158,  27, 27.70754897, 97.40723767,  99.9
159,  27, 27.68900051, 97.42143995,  99.9
160,  27, 27.67019822, 97.43583058,  99.9
161,  27, 27.65113860, 97.45041198,  99.9
162,  27, 27.63181813, 97.46518660,  99.9
163,  27, 27.61223320, 97.48015696,  99.9
164,  27, 27.59238019, 97.49532556,  99.9
165,  27, 27.57225540, 97.51069496,  99.9
166,  27, 27.55185510, 97.52626775,  99.9
167,  27, 27.53117550, 97.54204653,  99.9
168,  27, 27.51021275, 97.55803397,  99.9
169,  27, 27.48896295, 97.57423273,  99.9
170,  27, 27.46742216, 97.59064553,  99.9
171,  27, 27.44558636, 97.60727511,  99.9
172,  27, 27.42345151, 97.62412425,  99.9
173,  27, 27.40101347, 97.64119577,  99.9
174,  27, 27.37826808, 97.65849249,  99.9
175,  27, 27.35521110, 97.67601731,   3.5
176,  27, 27.33183825, 97.69377313,   3.1
177,  27, 27.30814516, 97.71176291,  99.9
178,  27, 27.28412743, 97.72998962,   3.5
179,  27, 27.25978059, 97.74845628,  99.9
180,  27, 27.23510010, 97.76716594,  99.9
181,  27, 27.21008137, 97.78612171,  99.9
182,  27, 27.18471972, 97.80532669,  99.9
183,  27, 27.15901045, 97.82478405,  99.9
184,  27, 27.13294874, 97.84449700,  99.9
185,  27, 27.10652975, 97.86446877,  99.9
186,  27, 27.07974856, 97.88470264,  99.9
187,  27, 27.05260015, 97.90520192,  99.9
188,  27, 27.02507948, 97.92596996,  99.9
189,  27, 26.99718141, 97.94701015,  99.9
190,  27, 26.96890073, 97.96832593,  99.9
191,  27, 26.94023216, 97.98992077,  99.9
  1,  28, 28.90275832, 96.47559436,  99.9
  2,  28, 28.90052732, 96.47730052,  99.9
  3,  28, 28.89826594, 96.47902982,  99.9
  4,  28, 28.89597377, 96.48078258,  99.9
  5,  28, 28.89365039, 96.48255911,  99.9
  6,  28, 28.89129537, 96.48435973,  99.9
  7,  28, 28.88890828, 96.48618476,  99.9
  8,  28, 28.88648869, 96.48803455,  99.9
  9,  28, 28.88403614, 96.48990941,  99.9
 10,  28, 28.88155020, 96.49180970,  99.9
 11,  28, 28.87903041, 96.49373575,  99.9
 12,  28, 28.87647631, 96.49568792,  99.9
 13,  28, 28.87388742, 96.49766655,  99.9
 14,  28, 28.87126327, 96.49967200,  99.9
 15,  28, 28.86860339, 96.50170463,  99.9
 16,  28, 28.86590729, 96.50376482,  99.9
 17,  28, 28.86317447, 96.50585294,  99.9
 18,  28, 28.86040443, 96.50796935,  99.9
 19,  28, 28.85759667, 96.51011445,  99.9
 20,  28, 28.85475067, 96.51228862,  99.9
 21,  28, 28.85186591, 96.51449225,  99.9
 22,  28, 28.84894186, 96.51672574,  99.9
 23,  28, 28.84597798, 96.51898949,  99.9
 24,  28, 28.84297374, 96.52128392,  99.9
 25,  28, 28.83992858, 96.52360943,  99.9
 26,  28, 28.83684195, 96.52596644,  99.9
 27,  28, 28.83371327, 96.52835539,  99.9
 28,  28, 28.83054198, 96.53077670,  99.9
 29,  28, 28.82732749, 96.53323080,  99.9
 30,  28, 28.82406922, 96.53571814,  99.9
 31,  28, 28.82076657, 96.53823917,  99.9
 32,  28, 28.81741894, 96.54079434,  99.9
 33,  28, 28.81402570, 96.54338411,  99.9
 34,  28, 28.81058624, 96.54600895,  99.9
 35,  28, 28.80709993, 96.54866932,  99.9
 36,  28, 28.80356613, 96.55136572,  99.9
 37,  28, 28.79998419, 96.55409862,  99.9
 38,  28, 28.79635346, 96.55686852,  99.9
 39,  28, 28.79267326, 96.55967591,  99.9
 40,  28, 28.78894293, 96.56252130,   4.4
 41,  28, 28.78516178, 96.56540520,   4.4
 42,  28, 28.78132912, 96.56832813,   4.4
 43,  28, 28.77744424, 96.57129062,   4.3
 44,  28, 28.77350644, 96.57429319,   4.3
 45,  28, 28.76951499, 96.57733639,   4.3
 46,  28, 28.76546915, 96.58042076,   4.4
 47,  28, 28.76136820, 96.58354685,   4.5
 48,  28, 28.75721137, 96.58671524,   4.5
 49,  28, 28.75299790, 96.58992648,   4.5
 50,  28, 28.74872702, 96.59318115,   4.5
 51,  28, 28.74439795, 96.59647984,   4.6
 52,  28, 28.74000989, 96.59982314,   4.6
 53,  28, 28.73556204, 96.60321164,   4.7
 54,  28, 28.73105359, 96.60664596,   4.7
 55,  28, 28.72648369, 96.61012671,   4.7
 56,  28, 28.72185153, 96.61365451,   4.7
 57,  28, 28.71715624, 96.61723001,   4.8
 58,  28, 28.71239696, 96.62085382,   4.8
 59,  28, 28.70757283, 96.62452661,   4.8
 60,  28, 28.70268296, 96.62824904,   4.9
 61,  28, 28.69772644, 96.63202176,   4.9
 62,  28, 28.69270238, 96.63584546,   5.0
 63,  28, 28.68760984, 96.63972081,   5.0
 64,  28, 28.68244789, 96.64364852,   5.0
 65,  28, 28.67721559, 96.64762927,  99.9
 66,  28, 28.67191198, 96.65166379,  99.9
 67,  28, 28.66653608, 96.65575280,  99.9
 68,  28, 28.66108690, 96.65989701,  99.9
 69,  28, 28.65556345, 96.66409718,  99.9
 70,  28, 28.64996470, 96.66835406,  99.9
 71,  28, 28.64428964, 96.67266840,  99.9
 72,  28, 28.63853721, 96.67704097,  99.9
 73,  28, 28.63270637, 96.68147255,  99.9
 74,  28, 28.62679605, 96.68596394,  99.9
 75,  28, 28.62080514, 96.69051593,  99.9
 76,  28, 28.61473257, 96.69512933,  99.9
 77,  28, 28.60857720, 96.69980496,  99.9
 78,  28, 28.60233792, 96.70454367,  99.9
 79,  28, 28.59601357, 96.70934628,  99.9
 80,  28, 28.58960299, 96.71421365,  99.9
 81,  28, 28.58310500, 96.71914666,  99.9
 82,  28, 28.57651841, 96.72414617,  99.9
 83,  28, 28.56984201, 96.72921308,  99.9
 84,  28, 28.56307457, 96.73434828,  99.9
 85,  28, 28.55621485, 96.73955269,  99.9
 86,  28, 28.54926158, 96.74482723,  99.9
 87,  28, 28.54221349, 96.75017283,  99.9
 88,  28, 28.53506929, 96.75559045,  99.9
 89,  28, 28.52782765, 96.76108104,  99.9
 90,  28, 28.52048725, 96.76664558,  99.9
 91,  28, 28.51304674, 96.77228505,  99.9
 92,  28, 28.50550474, 96.77800046,  99.9
 93,  28, 28.49785988, 96.78379280,  99.9
 94,  28, 28.49011073, 96.78966311,   3.6
 95,  28, 28.48225589, 96.79561243,   3.5
 96,  28, 28.47429391, 96.80164181,   3.6
 97,  28, 28.46622331, 96.80775230,   3.6
 98,  28, 28.45804261, 96.81394500,   3.6
 99,  28, 28.44975031, 96.82022099,   3.5
100,  28, 28.44134489, 96.82658139,   3.8
101,  28, 28.43282478, 96.83302730,   3.9
102,  28, 28.42418844, 96.83955988,   4.0
103,  28, 28.41543426, 96.84618026,   4.0
104,  28, 28.40656063, 96.85288962,  99.9
105,  28, 28.39756592, 96.85968914,  99.9
106,  28, 28.38844848, 96.86658001,  99.9
107,  28, 28.37920662, 96.87356344,  99.9
108,  28, 28.36983864, 96.88064067,  99.9
109,  28, 28.36034282, 96.88781293,  99.9
110,  28, 28.35071741, 96.89508149,  99.9
111,  28, 28.34096062, 96.90244761,  99.9
112,  28, 28.33107067, 96.90991260,  99.9
113,  28, 28.32104574, 96.91747775,  99.9
114,  28, 28.31088396, 96.92514440,  99.9
115,  28, 28.30058348, 96.93291388,  99.9
116,  28, 28.29014239, 96.94078757,  99.9
117,  28, 28.27955877, 96.94876682,  99.9
118,  28, 28.26883066, 96.95685304,  99.9
119,  28, 28.25795609, 96.96504765,  99.9
120,  28, 28.24693305, 96.97335206,  99.9
121,  28, 28.23575951, 96.98176773,  99.9
122,  28, 28.22443340, 96.99029613,  99.9
123,  28, 28.21295264, 96.99893874,  99.9
124,  28, 28.20131511, 97.00769707,   3.6
125,  28, 28.18951866, 97.01657264,   3.5
126,  28, 28.17756111, 97.02556700,   3.4
127,  28, 28.16544025, 97.03468170,   3.3
128,  28, 28.15315386, 97.04391833,   3.3
129,  28, 28.14069965, 97.05327850,   3.3
130,  28, 28.12807533, 97.06276383,   3.3
131,  28, 28.11527857, 97.07237596,   3.3
132,  28, 28.10230700, 97.08211655,   3.3
133,  28, 28.08915823, 97.09198730,   3.3
134,  28, 28.07582982, 97.10198990,   3.4
135,  28, 28.06231933, 97.11212610,   3.4
136,  28, 28.04862424, 97.12239763,   3.5
137,  28, 28.03474202, 97.13280627,   3.5
138,  28, 28.02067012, 97.14335382,   3.5
139,  28, 28.00640592, 97.15404209,   3.6
140,  28, 27.99194680, 97.16487292,   3.6
141,  28, 27.97729007, 97.17584819,   3.6
142,  28, 27.96243303, 97.18696976,   3.7
143,  28, 27.94737293, 97.19823956,  99.9
144,  28, 27.93210698, 97.20965951,  99.9
145,  28, 27.91663235, 97.22123158,  99.9
146,  28, 27.90094619, 97.23295774,  99.9
147,  28, 27.88504559, 97.24484002,  99.9
148,  28, 27.86892760, 97.25688042,   3.4
149,  28, 27.85258924, 97.26908103,   3.4
150,  28, 27.83602749, 97.28144391,   3.4
151,  28, 27.81923928, 97.29397117,   3.4
152,  28, 27.80222149, 97.30666496,   3.5
153,  28, 27.78497098, 97.31952743,   3.5
154,  28, 27.76748456, 97.33256077,   3.5
155,  28, 27.74975897, 97.34576719,   3.6
156,  28, 27.73179093, 97.35914894,  99.9
157,  28, 27.71357712, 97.37270829,  99.9
158,  28, 27.69511415, 97.38644753,  99.9
159,  28, 27.67639861, 97.40036900,  99.9
160,  28, 27.65742701, 97.41447503,   3.6
161,  28, 27.63819585, 97.42876802,  99.9
162,  28, 27.61870156, 97.44325038,  99.9
163,  28, 27.59894051, 97.45792455,  99.9
164,  28, 27.57890904, 97.47279301,  99.9
165,  28, 27.55860344, 97.48785824,  99.9
166,  28, 27.53801993, 97.50312279,  99.9
167,  28, 27.51715468, 97.51858921,  99.9
168,  28, 27.49600384, 97.53426010,  99.9
169,  28, 27.47456346, 97.55013809,  99.9
170,  28, 27.45282957, 97.56622582,  99.9
171,  28, 27.43079812, 97.58252599,  99.9
172,  28, 27.40846503, 97.59904132,  99.9
173,  28, 27.38582614, 97.61577456,  99.9
174,  28, 27.36287725, 97.63272849,  99.9
175,  28, 27.33961408, 97.64990593,  99.9
176,  28, 27.31603232, 97.66730975,   2.6
177,  28, 27.29212757, 97.68494281,   2.6
178,  28, 27.26789539, 97.70280805,   3.0
179,  28, 27.24333128, 97.72090842,  99.9
180,  28, 27.21843066, 97.73924691,  99.9
181,  28, 27.19318889, 97.75782655,  99.9
182,  28, 27.16760128, 97.77665039,  99.9
183,  28, 27.14166307, 97.79572154,  99.9
184,  28, 27.11536942, 97.81504313,  99.9
185,  28, 27.08871545, 97.83461833,  99.9
186,  28, 27.06169617, 97.85445034,  99.9
187,  28, 27.03430657, 97.87454242,  99.9
188,  28, 27.00654154, 97.89489785,  99.9
189,  28, 26.97839590, 97.91551994,  99.9
190,  28, 26.94986441, 97.93641205,  99.9
191,  28, 26.92094175, 97.95757760,  99.9
  1,  29, 28.90128193, 96.47306499,  99.9
  2,  29, 28.89903088, 96.47473677,  99.9
  3,  29, 28.89674917, 96.47643122,  99.9
  4,  29, 28.89443639, 96.47814865,  99.9
  5,  29, 28.89209212, 96.47988937,  99.9
  6,  29, 28.88971594, 96.48165370,  99.9
  7,  29, 28.88730739, 96.48344195,  99.9
  8,  29, 28.88486605, 96.48525445,  99.9
  9,  29, 28.88239147, 96.48709153,  99.9
 10,  29, 28.87988319, 96.48895352,  99.9
 11,  29, 28.87734075, 96.49084074,  99.9
 12,  29, 28.87476370, 96.49275356,  99.9
 13,  29, 28.87215155, 96.49469230,  99.9
 14,  29, 28.86950383, 96.49665733,  99.9
 15,  29, 28.86682006, 96.49864899,  99.9
 16,  29, 28.86409973, 96.50066765,  99.9
 17,  29, 28.86134237, 96.50271367,  99.9
 18,  29, 28.85854745, 96.50478742,  99.9
 19,  29, 28.85571447, 96.50688927,  99.9
 20,  29, 28.85284291, 96.50901961,  99.9
 21,  29, 28.84993224, 96.51117881,  99.9
 22,  29, 28.84698193, 96.51336727,  99.9
 23,  29, 28.84399144, 96.51558538,  99.9
 24,  29, 28.84096023, 96.51783355,  99.9
 25,  29, 28.83788773, 96.52011217,  99.9
 26,  29, 28.83477339, 96.52242166,  99.9
 27,  29, 28.83161662, 96.52476243,  99.9
 28,  29, 28.82841687, 96.52713491,  99.9
 29,  29, 28.82517353, 96.52953953,  99.9
 30,  29, 28.82188602, 96.53197671,  99.9
 31,  29, 28.81855373, 96.53444690,  99.9
 32,  29, 28.81517606, 96.53695054,  99.9
 33,  29, 28.81175238, 96.53948809,  99.9
 34,  29, 28.80828206, 96.54205999,  99.9
 35,  29, 28.80476447, 96.54466671,  99.9
 36,  29, 28.80119897, 96.54730872,  99.9
 37,  29, 28.79758490, 96.54998650,  99.9
 38,  29, 28.79392160, 96.55270053,  99.9
 39,  29, 28.79020840, 96.55545130,  99.9
 40,  29, 28.78644462, 96.55823929,  99.9
 41,  29, 28.78262957, 96.56106502,   4.4
 42,  29, 28.77876254, 96.56392899,   4.4
 43,  29, 28.77484284, 96.56683171,   4.3
 44,  29, 28.77086974, 96.56977371,   4.3
 45,  29, 28.76684251, 96.57275551,   4.4
 46,  29, 28.76276041, 96.57577765,   4.5
 47,  29, 28.75862271, 96.57884068,   4.5
 48,  29, 28.75442863, 96.58194513,   4.5
 49,  29, 28.75017741, 96.58509158,   4.5
 50,  29, 28.74586826, 96.58828058,   4.5
 51,  29, 28.74150041, 96.59151271,   4.5
 52,  29, 28.73707305, 96.59478854,   4.6
 53,  29, 28.73258536, 96.59810867,   4.6
 54,  29, 28.72803653, 96.60147368,   4.7
 55,  29, 28.72342571, 96.60488418,   4.7
 56,  29, 28.71875207, 96.60834079,   4.7
 57,  29, 28.71401475, 96.61184412,   4.7
 58,  29, 28.70921287, 96.61539479,   4.8
 59,  29, 28.70434556, 96.61899345,   4.8
 60,  29, 28.69941192, 96.62264074,   4.8
 61,  29, 28.69441105, 96.62633730,   4.9
 62,  29, 28.68934202, 96.63008381,   4.9
 63,  29, 28.68420392, 96.63388093,   5.0
 64,  29, 28.67899580, 96.63772934,   5.0
 65,  29, 28.67371670, 96.64162973,  99.9
 66,  29, 28.66836565, 96.64558279,  99.9
 67,  29, 28.66294168, 96.64958923,  99.9
 68,  29, 28.65744377, 96.65364977,  99.9
 69,  29, 28.65187094, 96.65776513,  99.9
 70,  29, 28.64622215, 96.66193604,  99.9
 71,  29, 28.64049636, 96.66616326,  99.9
 72,  29, 28.63469253, 96.67044752,  99.9
 73,  29, 28.62880958, 96.67478960,  99.9
 74,  29, 28.62284645, 96.67919027,  99.9
 75,  29, 28.61680203, 96.68365032,  99.9
 76,  29, 28.61067521, 96.68817053,  99.9
 77,  29, 28.60446487, 96.69275172,  99.9
 78,  29, 28.59816987, 96.69739470,  99.9
 79,  29, 28.59178906, 96.70210028,  99.9
 80,  29, 28.58532125, 96.70686932,  99.9
 81,  29, 28.57876526, 96.71170266,  99.9
 82,  29, 28.57211989, 96.71660116,  99.9
 83,  29, 28.56538391, 96.72156568,  99.9
 84,  29, 28.55855610, 96.72659711,  99.9
 85,  29, 28.55163518, 96.73169635,  99.9
 86,  29, 28.54461990, 96.73686429,  99.9
 87,  29, 28.53750896, 96.74210185,  99.9
 88,  29, 28.53030106, 96.74740997,  99.9
 89,  29, 28.52299486, 96.75278958,  99.9
 90,  29, 28.51558904, 96.75824164,  99.9
 91,  29, 28.50808222, 96.76376711,  99.9
 92,  29, 28.50047302, 96.76936696,  99.9
 93,  29, 28.49276005, 96.77504220,  99.9
 94,  29, 28.48494189, 96.78079382,  99.9
 95,  29, 28.47701709, 96.78662284,   3.5
 96,  29, 28.46898421, 96.79253030,   3.5
 97,  29, 28.46084176, 96.79851722,   3.6
 98,  29, 28.45258825, 96.80458468,   3.6
 99,  29, 28.44422216, 96.81073374,   3.5
100,  29, 28.43574195, 96.81696548,   3.7
101,  29, 28.42714606, 96.82328101,   3.9
102,  29, 28.41843290, 96.82968143,   3.9
103,  29, 28.40960087, 96.83616788,   4.0
104,  29, 28.40064836, 96.84274150,   4.1
105,  29, 28.39157370, 96.84940344,  99.9
106,  29, 28.38237523, 96.85615487,  99.9
107,  29, 28.37305125, 96.86299699,  99.9
108,  29, 28.36360006, 96.86993099,  99.9
109,  29, 28.35401990, 96.87695809,  99.9
110,  29, 28.34430902, 96.88407952,  99.9
111,  29, 28.33446562, 96.89129654,  99.9
112,  29, 28.32448789, 96.89861041,  99.9
113,  29, 28.31437400, 96.90602240,  99.9
114,  29, 28.30412208, 96.91353382,  99.9
115,  29, 28.29373024, 96.92114599,  99.9
116,  29, 28.28319656, 96.92886023,  99.9
117,  29, 28.27251911, 96.93667789,  99.9
118,  29, 28.26169592, 96.94460034,  99.9
119,  29, 28.25072499, 96.95262896,  99.9
120,  29, 28.23960429, 96.96076515,  99.9
121,  29, 28.22833179, 96.96901034,  99.9
122,  29, 28.21690540, 96.97736595,   2.1
123,  29, 28.20532301, 96.98583345,  99.9
124,  29, 28.19358248, 96.99441430,  99.9
125,  29, 28.18168166, 97.00311000,  99.9
126,  29, 28.16961834, 97.01192207,   3.4
127,  29, 28.15739030, 97.02085202,   3.3
128,  29, 28.14499529, 97.02990142,   3.3
129,  29, 28.13243101, 97.03907184,   3.2
130,  29, 28.11969515, 97.04836485,   3.3
131,  29, 28.10678535, 97.05778207,   3.3
132,  29, 28.09369923, 97.06732514,   3.3
133,  29, 28.08043439, 97.07699570,  99.9
134,  29, 28.06698835, 97.08679543,  99.9
135,  29, 28.05335866, 97.09672602,  99.9
136,  29, 28.03954277, 97.10678917,  99.9
137,  29, 28.02553815, 97.11698664,  99.9
138,  29, 28.01134221, 97.12732017,  99.9
139,  29, 27.99695232, 97.13779154,  99.9
140,  29, 27.98236583, 97.14840256,  99.9
141,  29, 27.96758003, 97.15915505,  99.9
142,  29, 27.95259220, 97.17005087,  99.9
143,  29, 27.93739956, 97.18109187,  99.9
144,  29, 27.92199930, 97.19227995,  99.9
145,  29, 27.90638858, 97.20361703,  99.9
146,  29, 27.89056452, 97.21510506,  99.9
147,  29, 27.87452417, 97.22674599,  99.9
148,  29, 27.85826458, 97.23854181,   3.4
149,  29, 27.84178273, 97.25049455,   3.4
150,  29, 27.82507559, 97.26260624,   3.4
151,  29, 27.80814004, 97.27487895,   3.4
152,  29, 27.79097297, 97.28731476,   3.4
153,  29, 27.77357119, 97.29991579,   3.5
154,  29, 27.75593147, 97.31268419,   3.5
155,  29, 27.73805056, 97.32562212,   3.5
156,  29, 27.71992514, 97.33873177,   3.6
157,  29, 27.70155186, 97.35201538,  99.9
158,  29, 27.68292730, 97.36547518,  99.9
159,  29, 27.66404802, 97.37911347,  99.9
160,  29, 27.64491052, 97.39293253,   3.2
161,  29, 27.62551125, 97.40693471,  99.9
162,  29, 27.60584663, 97.42112236,  99.9
163,  29, 27.58591299, 97.43549788,  99.9
164,  29, 27.56570664, 97.45006368,  99.9
165,  29, 27.54522384, 97.46482221,  99.9
166,  29, 27.52446079, 97.47977596,  99.9
167,  29, 27.50341364, 97.49492743,  99.9
168,  29, 27.48207847, 97.51027915,  99.9
169,  29, 27.46045134, 97.52583371,  99.9
170,  29, 27.43852822, 97.54159368,  99.9
171,  29, 27.41630505, 97.55756172,  99.9
172,  29, 27.39377771, 97.57374048,  99.9
173,  29, 27.37094200, 97.59013266,  99.9
174,  29, 27.34779369, 97.60674098,  99.9
175,  29, 27.32432847, 97.62356820,  99.9
176,  29, 27.30054200, 97.64061711,   2.3
177,  29, 27.27642984, 97.65789055,   2.3
178,  29, 27.25198752, 97.67539136,  99.9
179,  29, 27.22721050, 97.69312245,  99.9
180,  29, 27.20209417, 97.71108674,  99.9
181,  29, 27.17663385, 97.72928719,  99.9
182,  29, 27.15082482, 97.74772680,  99.9
183,  29, 27.12466228, 97.76640860,  99.9
184,  29, 27.09814136, 97.78533565,  99.9
185,  29, 27.07125712, 97.80451107,  99.9
186,  29, 27.04400456, 97.82393799,  99.9
187,  29, 27.01637861, 97.84361959,  99.9
188,  29, 26.98837413, 97.86355907,  99.9
189,  29, 26.95998591, 97.88375970,  99.9
190,  29, 26.93120866, 97.90422475,  99.9
191,  29, 26.90203702, 97.92495757,  99.9
  1,  30, 28.89983571, 96.47051325,  99.9
  2,  30, 28.89756501, 96.47215034,  99.9
  3,  30, 28.89526338, 96.47380963,  99.9
  4,  30, 28.89293042, 96.47549143,  99.9
  5,  30, 28.89056570, 96.47719603,  99.9
  6,  30, 28.88816878, 96.47892375,  99.9
  7,  30, 28.88573922, 96.48067490,  99.9
  8,  30, 28.88327658, 96.48244979,  99.9
  9,  30, 28.88078040, 96.48424874,  99.9
 10,  30, 28.87825024, 96.48607209,  99.9
 11,  30, 28.87568563, 96.48792015,  99.9
 12,  30, 28.87308609, 96.48979327,  99.9
 13,  30, 28.87045116, 96.49169178,  99.9
 14,  30, 28.86778034, 96.49361603,  99.9
 15,  30, 28.86507316, 96.49556636,  99.9
 16,  30, 28.86232912, 96.49754312,  99.9
 17,  30, 28.85954770, 96.49954668,  99.9
 18,  30, 28.85672841, 96.50157738,  99.9
 19,  30, 28.85387073, 96.50363561,  99.9
 20,  30, 28.85097413, 96.50572173,  99.9
 21,  30, 28.84803809, 96.50783612,  99.9
 22,  30, 28.84506206, 96.50997915,  99.9
 23,  30, 28.84204551, 96.51215122,  99.9
 24,  30, 28.83898787, 96.51435272,  99.9
 25,  30, 28.83588859, 96.51658404,  99.9
 26,  30, 28.83274710, 96.51884559,  99.9
 27,  30, 28.82956283, 96.52113777,  99.9
 28,  30, 28.82633520, 96.52346100,  99.9
 29,  30, 28.82306360, 96.52581570,  99.9
 30,  30, 28.81974744, 96.52820228,  99.9
 31,  30, 28.81638612, 96.53062119,  99.9
 32,  30, 28.81297902, 96.53307285,  99.9
 33,  30, 28.80952552, 96.53555770,  99.9
 34,  30, 28.80602497, 96.53807621,  99.9
 35,  30, 28.80247675, 96.54062881,  99.9
 36,  30, 28.79888020, 96.54321596,  99.9
 37,  30, 28.79523466, 96.54583814,  99.9
 38,  30, 28.79153947, 96.54849581,  99.9
 39,  30, 28.78779394, 96.55118945,  99.9
 40,  30, 28.78399739, 96.55391955,  99.9
 41,  30, 28.78014912, 96.55668660,  99.9
 42,  30, 28.77624844, 96.55949109,  99.9
 43,  30, 28.77229462, 96.56233353,  99.9
 44,  30, 28.76828694, 96.56521442,  99.9
 45,  30, 28.76422466, 96.56813429,  99.9
 46,  30, 28.76010705, 96.57109367,  99.9
 47,  30, 28.75593334, 96.57409307,   4.6
 48,  30, 28.75170278, 96.57713304,   4.6
 49,  30, 28.74741458, 96.58021413,   4.5
 50,  30, 28.74306795, 96.58333689,   4.5
 51,  30, 28.73866211, 96.58650187,   4.5
 52,  30, 28.73419625, 96.58970965,   4.5
 53,  30, 28.72966954, 96.59296080,   4.6
 54,  30, 28.72508116, 96.59625591,   4.6
 55,  30, 28.72043026, 96.59959555,   4.6
 56,  30, 28.71571599, 96.60298034,   4.6
 57,  30, 28.71093749, 96.60641088,   4.7
 58,  30, 28.70609388, 96.60988778,   4.7
 59,  30, 28.70118427, 96.61341166,   4.8
 60,  30, 28.69620776, 96.61698315,   4.8
 61,  30, 28.69116345, 96.62060290,   4.8
 62,  30, 28.68605039, 96.62427155,   4.9
 63,  30, 28.68086766, 96.62798976,   4.9
 64,  30, 28.67561431, 96.63175819,   4.9
 65,  30, 28.67028936, 96.63557751,  99.9
 66,  30, 28.66489185, 96.63944841,  99.9
 67,  30, 28.65942079, 96.64337158,  99.9
 68,  30, 28.65387516, 96.64734771,  99.9
 69,  30, 28.64825395, 96.65137752,  99.9
 70,  30, 28.64255614, 96.65546173,  99.9
 71,  30, 28.63678067, 96.65960106,  99.9
 72,  30, 28.63092648, 96.66379626,  99.9
 73,  30, 28.62499250, 96.66804806,  99.9
 74,  30, 28.61897764, 96.67235724,  99.9
 75,  30, 28.61288080, 96.67672455,  99.9
 76,  30, 28.60670085, 96.68115077,  99.9
 77,  30, 28.60043667, 96.68563669,  99.9
 78,  30, 28.59408709, 96.69018311,  99.9
 79,  30, 28.58765097, 96.69479084,  99.9
 80,  30, 28.58112710, 96.69946070,  99.9
 81,  30, 28.57451431, 96.70419351,  99.9
 82,  30, 28.56781136, 96.70899012,  99.9
 83,  30, 28.56101703, 96.71385137,  99.9
 84,  30, 28.55413007, 96.71877814,  99.9
 85,  30, 28.54714922, 96.72377130,  99.9
 86,  30, 28.54007320, 96.72883173,  99.9
 87,  30, 28.53290069, 96.73396033,  99.9
 88,  30, 28.52563040, 96.73915800,  99.9
 89,  30, 28.51826097, 96.74442568,  99.9
 90,  30, 28.51079106, 96.74976429,  99.9
 91,  30, 28.50321929, 96.75517477,  99.9
 92,  30, 28.49554427, 96.76065809,  99.9
 93,  30, 28.48776459, 96.76621522,  99.9
 94,  30, 28.47987882, 96.77184713,  99.9
 95,  30, 28.47188551, 96.77755483,  99.9
 96,  30, 28.46378319, 96.78333931,   3.4
 97,  30, 28.45557037, 96.78920161,   3.6
 98,  30, 28.44724554, 96.79514275,   3.6
 99,  30, 28.43880717, 96.80116379,   3.5
100,  30, 28.43025370, 96.80726579,   3.6
101,  30, 28.42158357, 96.81344982,   3.7
102,  30, 28.41279518, 96.81971697,   3.8
103,  30, 28.40388690, 96.82606834,   3.9
104,  30, 28.39485712, 96.83250506,   3.9
105,  30, 28.38570415, 96.83902825,  99.9
106,  30, 28.37642632, 96.84563906,  99.9
107,  30, 28.36702191, 96.85233865,  99.9
108,  30, 28.35748921, 96.85912821,  99.9
109,  30, 28.34782645, 96.86600891,  99.9
110,  30, 28.33803185, 96.87298198,  99.9
111,  30, 28.32810361, 96.88004862,  99.9
112,  30, 28.31803991, 96.88721009,  99.9
113,  30, 28.30783889, 96.89446763,  99.9
114,  30, 28.29749867, 96.90182251,  99.9
115,  30, 28.28701734, 96.90927603,  99.9
116,  30, 28.27639298, 96.91682947,  99.9
117,  30, 28.26562363, 96.92448418,   2.6
118,  30, 28.25470731, 96.93224147,   2.6
119,  30, 28.24364199, 96.94010271,   3.2
120,  30, 28.23242566, 96.94806926,   3.2
121,  30, 28.22105623, 96.95614252,   3.2
122,  30, 28.20953161, 96.96432389,   3.1
123,  30, 28.19784967, 96.97261480,  99.9
124,  30, 28.18600827, 96.98101668,  99.9
125,  30, 28.17400523, 96.98953101,  99.9
126,  30, 28.16183831, 96.99815925,  99.9
127,  30, 28.14950530, 97.00690291,  99.9
128,  30, 28.13700390, 97.01576351,   3.2
129,  30, 28.12433181, 97.02474257,   3.2
130,  30, 28.11148669, 97.03384166,  99.9
131,  30, 28.09846619, 97.04306235,  99.9
132,  30, 28.08526788, 97.05240625,  99.9
133,  30, 28.07188934, 97.06187495,  99.9
134,  30, 28.05832810, 97.07147011,  99.9
135,  30, 28.04458166, 97.08119337,  99.9
136,  30, 28.03064747, 97.09104641,  99.9
137,  30, 28.01652296, 97.10103094,  99.9
138,  30, 28.00220553, 97.11114867,  99.9
139,  30, 27.98769253, 97.12140135,  99.9
140,  30, 27.97298129, 97.13179073,  99.9
141,  30, 27.95806907, 97.14231861,  99.9
142,  30, 27.94295314, 97.15298679,  99.9
143,  30, 27.92763069, 97.16379710,  99.9
144,  30, 27.91209890, 97.17475139,  99.9
145,  30, 27.89635489, 97.18585155,  99.9
146,  30, 27.88039576, 97.19709946,  99.9
147,  30, 27.86421855, 97.20849707,  99.9
148,  30, 27.84782027, 97.22004630,  99.9
149,  30, 27.83119789, 97.23174913,   3.3
150,  30, 27.81434834, 97.24360757,   3.4
151,  30, 27.79726851, 97.25562362,   3.4
152,  30, 27.77995522, 97.26779934,   3.4
153,  30, 27.76240528, 97.28013679,   3.5
154,  30, 27.74461544, 97.29263808,   3.5
155,  30, 27.72658241, 97.30530532,   3.5
156,  30, 27.70830285, 97.31814066,   3.5
157,  30, 27.68977338, 97.33114627,  99.9
158,  30, 27.67099056, 97.34432436,  99.9
159,  30, 27.65195092, 97.35767716,   3.4
160,  30, 27.63265094, 97.37120692,   3.3
161,  30, 27.61308703, 97.38491592,  99.9
162,  30, 27.59325558, 97.39880647,  99.9
163,  30, 27.57315291, 97.41288092,  99.9
164,  30, 27.55277530, 97.42714162,  99.9
165,  30, 27.53211897, 97.44159098,  99.9
166,  30, 27.51118008, 97.45623142,  99.9
167,  30, 27.48995477, 97.47106539,  99.9
168,  30, 27.46843909, 97.48609538,  99.9
169,  30, 27.44662906, 97.50132390,  99.9
170,  30, 27.42452062, 97.51675349,  99.9
171,  30, 27.40210969, 97.53238674,  99.9
172,  30, 27.37939210, 97.54822623,  99.9
173,  30, 27.35636364, 97.56427462,  99.9
174,  30, 27.33302003, 97.58053457,  99.9
175,  30, 27.30935694, 97.59700877,  99.9
176,  30, 27.28536999, 97.61369996,   2.3
177,  30, 27.26105471, 97.63061091,   2.3
178,  30, 27.23640659, 97.64774441,  99.9
179,  30, 27.21142106, 97.66510329,  99.9
180,  30, 27.18609348, 97.68269041,  99.9
181,  30, 27.16041914, 97.70050868,  99.9
182,  30, 27.13439327, 97.71856102,  99.9
183,  30, 27.10801103, 97.73685040,  99.9
184,  30, 27.08126753, 97.75537982,  99.9
185,  30, 27.05415779, 97.77415232,  99.9
186,  30, 27.02667678, 97.79317097,  99.9
187,  30, 26.99881938, 97.81243887,  99.9
188,  30, 26.97058041, 97.83195916,  99.9
189,  30, 26.94195463, 97.85173504,  99.9
190,  30, 26.91293671, 97.87176971,  99.9
191,  30, 26.88352125, 97.89206642,  99.9
  1,  31, 28.89841992, 96.46793960,  99.9
  2,  31, 28.89612998, 96.46954171,  99.9
  3,  31, 28.89380886, 96.47116554,  99.9
  4,  31, 28.89145615, 96.47281140,  99.9
  5,  31, 28.88907139, 96.47447958,  99.9
  6,  31, 28.88665417, 96.47617037,  99.9
  7,  31, 28.88420404, 96.47788410,  99.9
  8,  31, 28.88172055, 96.47962105,  99.9
  9,  31, 28.87920324, 96.48138156,  99.9
 10,  31, 28.87665165, 96.48316594,  99.9
 11,  31, 28.87406533, 96.48497451,  99.9
 12,  31, 28.87144379, 96.48680759,  99.9
 13,  31, 28.86878655, 96.48866553,  99.9
 14,  31, 28.86609313, 96.49054865,  99.9
 15,  31, 28.86336303, 96.49245729,  99.9
 16,  31, 28.86059576, 96.49439180,  99.9
 17,  31, 28.85779081, 96.49635253,  99.9
 18,  31, 28.85494766, 96.49833983,  99.9
 19,  31, 28.85206580, 96.50035406,  99.9
 20,  31, 28.84914469, 96.50239559,  99.9
 21,  31, 28.84618380, 96.50446477,  99.9
 22,  31, 28.84318260, 96.50656200,  99.9
 23,  31, 28.84014052, 96.50868763,  99.9
 24,  31, 28.83705702, 96.51084207,  99.9
 25,  31, 28.83393153, 96.51302569,  99.9
 26,  31, 28.83076347, 96.51523889,  99.9
 27,  31, 28.82755227, 96.51748206,  99.9
 28,  31, 28.82429733, 96.51975562,  99.9
 29,  31, 28.82099807, 96.52205997,  99.9
 30,  31, 28.81765388, 96.52439553,  99.9
 31,  31, 28.81426414, 96.52676272,  99.9
 32,  31, 28.81082823, 96.52916196,  99.9
 33,  31, 28.80734553, 96.53159368,  99.9
 34,  31, 28.80381540, 96.53405833,  99.9
 35,  31, 28.80023719, 96.53655634,  99.9
 36,  31, 28.79661024, 96.53908818,  99.9
 37,  31, 28.79293389, 96.54165428,  99.9
 38,  31, 28.78920747, 96.54425512,  99.9
 39,  31, 28.78543029, 96.54689115,  99.9
 40,  31, 28.78160167, 96.54956286,  99.9
 41,  31, 28.77772089, 96.55227073,  99.9
 42,  31, 28.77378726, 96.55501524,  99.9
 43,  31, 28.76980004, 96.55779688,  99.9
 44,  31, 28.76575851, 96.56061616,  99.9
 45,  31, 28.76166193, 96.56347358,  99.9
 46,  31, 28.75750955, 96.56636965,  99.9
 47,  31, 28.75330060, 96.56930489,  99.9
 48,  31, 28.74903432, 96.57227984,   4.6
 49,  31, 28.74470991, 96.57529502,   4.5
 50,  31, 28.74032660, 96.57835097,   4.5
 51,  31, 28.73588357, 96.58144825,   4.5
 52,  31, 28.73138002, 96.58458740,   4.5
 53,  31, 28.72681511, 96.58776899,   4.5
 54,  31, 28.72218801, 96.59099359,   4.6
 55,  31, 28.71749787, 96.59426179,   4.6
 56,  31, 28.71274384, 96.59757415,   4.6
 57,  31, 28.70792503, 96.60093128,   4.7
 58,  31, 28.70304057, 96.60433378,   4.7
 59,  31, 28.69808955, 96.60778225,   4.7
 60,  31, 28.69307108, 96.61127732,   4.8
 61,  31, 28.68798423, 96.61481961,   4.8
 62,  31, 28.68282807, 96.61840974,   4.8
 63,  31, 28.67760166, 96.62204837,   4.9
 64,  31, 28.67230402, 96.62573615,   4.9
 65,  31, 28.66693420, 96.62947372,   4.9
 66,  31, 28.66149121, 96.63326176,   4.9
 67,  31, 28.65597405, 96.63710095,  99.9
 68,  31, 28.65038170, 96.64099197,  99.9
 69,  31, 28.64471315, 96.64493552,  99.9
 70,  31, 28.63896734, 96.64893229,  99.9
 71,  31, 28.63314323, 96.65298301,  99.9
 72,  31, 28.62723975, 96.65708839,  99.9
 73,  31, 28.62125581, 96.66124916,  99.9
 74,  31, 28.61519032, 96.66546607,  99.9
 75,  31, 28.60904216, 96.66973986,  99.9
 76,  31, 28.60281021, 96.67407130,  99.9
 77,  31, 28.59649331, 96.67846116,  99.9
 78,  31, 28.59009032, 96.68291022,  99.9
 79,  31, 28.58360005, 96.68741927,  99.9
 80,  31, 28.57702131, 96.69198911,  99.9
 81,  31, 28.57035290, 96.69662056,  99.9
 82,  31, 28.56359359, 96.70131443,  99.9
 83,  31, 28.55674214, 96.70607156,  99.9
 84,  31, 28.54979730, 96.71089279,  99.9
 85,  31, 28.54275777, 96.71577898,  99.9
 86,  31, 28.53562228, 96.72073100,  99.9
 87,  31, 28.52838952, 96.72574972,  99.9
 88,  31, 28.52105815, 96.73083604,  99.9
 89,  31, 28.51362682, 96.73599084,  99.9
 90,  31, 28.50609418, 96.74121506,  99.9
 91,  31, 28.49845883, 96.74650961,  99.9
 92,  31, 28.49071938, 96.75187542,  99.9
 93,  31, 28.48287440, 96.75731345,  99.9
 94,  31, 28.47492245, 96.76282466,  99.9
 95,  31, 28.46686207, 96.76841002,  99.9
 96,  31, 28.45869177, 96.77407052,   3.4
 97,  31, 28.45041007, 96.77980715,   3.7
 98,  31, 28.44201542, 96.78562094,   3.6
 99,  31, 28.43350630, 96.79151290,   3.5
100,  31, 28.42488113, 96.79748407,   3.5
101,  31, 28.41613833, 96.80353551,   3.6
102,  31, 28.40727629, 96.80966828,   3.7
103,  31, 28.39829338, 96.81588346,   3.7
104,  31, 28.38918795, 96.82218214,   3.7
105,  31, 28.37995833, 96.82856544,  99.9
106,  31, 28.37060281, 96.83503446,  99.9
107,  31, 28.36111968, 96.84159036,  99.9
108,  31, 28.35150718, 96.84823428,  99.9
109,  31, 28.34176357, 96.85496738,  99.9
110,  31, 28.33188702, 96.86179086,  99.9
111,  31, 28.32187574, 96.86870589,  99.9
112,  31, 28.31172788, 96.87571370,  99.9
113,  31, 28.30144157, 96.88281551,  99.9
114,  31, 28.29101492, 96.89001257,  99.9
115,  31, 28.28044600, 96.89730613,  99.9
116,  31, 28.26973288, 96.90469747,  99.9
117,  31, 28.25887357, 96.91218787,  99.9
118,  31, 28.24786608, 96.91977866,   3.1
119,  31, 28.23670838, 96.92747114,   3.1
120,  31, 28.22539842, 96.93526667,   3.2
121,  31, 28.21393411, 96.94316660,   3.2
122,  31, 28.20231334, 96.95117230,   3.1
123,  31, 28.19053398, 96.95928518,  99.9
124,  31, 28.17859384, 96.96750663,  99.9
125,  31, 28.16649073, 96.97583810,  99.9
126,  31, 28.15422241, 96.98428102,  99.9
127,  31, 28.14178663, 96.99283687,  99.9
128,  31, 28.12918110, 97.00150712,   3.2
129,  31, 28.11640349, 97.01029328,   3.2
130,  31, 28.10345144, 97.01919687,   3.2
131,  31, 28.09032256, 97.02821944,   3.2
132,  31, 28.07701444, 97.03736254,  99.9
133,  31, 28.06352462, 97.04662775,  99.9
134,  31, 28.04985061, 97.05601668,  99.9
135,  31, 28.03598988, 97.06553094,  99.9
136,  31, 28.02193989, 97.07517218,  99.9
137,  31, 28.00769804, 97.08494205,  99.9
138,  31, 27.99326170, 97.09484224,  99.9
139,  31, 27.97862820, 97.10487445,  99.9
140,  31, 27.96379484, 97.11504041,  99.9
141,  31, 27.94875889, 97.12534187,  99.9
142,  31, 27.93351757, 97.13578058,  99.9
143,  31, 27.91806807, 97.14635835,  99.9
144,  31, 27.90240753, 97.15707698,  99.9
145,  31, 27.88653305, 97.16793831,  99.9
146,  31, 27.87044171, 97.17894419,  99.9
147,  31, 27.85413054, 97.19009652,  99.9
148,  31, 27.83759652, 97.20139718,  99.9
149,  31, 27.82083659, 97.21284812,   3.3
150,  31, 27.80384766, 97.22445128,   3.4
151,  31, 27.78662658, 97.23620864,   3.4
152,  31, 27.76917018, 97.24812219,   3.4
153,  31, 27.75147523, 97.26019397,   3.5
154,  31, 27.73353845, 97.27242602,   3.5
155,  31, 27.71535653, 97.28482042,   3.5
156,  31, 27.69692610, 97.29737927,   3.6
157,  31, 27.67824375, 97.31010469,   3.7
158,  31, 27.65930604, 97.32299884,   3.8
159,  31, 27.64010944, 97.33606390,   3.6
160,  31, 27.62065042, 97.34930207,  99.9
161,  31, 27.60092538, 97.36271558,  99.9
162,  31, 27.58093065, 97.37630670,  99.9
163,  31, 27.56066254, 97.39007770,  99.9
164,  31, 27.54011729, 97.40403091,  99.9
165,  31, 27.51929111, 97.41816867,  99.9
166,  31, 27.49818013, 97.43249335,  99.9
167,  31, 27.47678044, 97.44700734,  99.9
168,  31, 27.45508808, 97.46171308,  99.9
169,  31, 27.43309903, 97.47661302,  99.9
170,  31, 27.41080922, 97.49170966,  99.9
171,  31, 27.38821451, 97.50700550,  99.9
172,  31, 27.36531072, 97.52250310,  99.9
173,  31, 27.34209360, 97.53820503,  99.9
174,  31, 27.31855885, 97.55411390,   2.3
175,  31, 27.29470210, 97.57023236,   2.3
176,  31, 27.27051893, 97.58656306,   2.3
177,  31, 27.24600485, 97.60310873,   2.3
178,  31, 27.22115532, 97.61987208,  99.9
179,  31, 27.19596572, 97.63685588,  99.9
180,  31, 27.17043138, 97.65406295,  99.9
181,  31, 27.14454757, 97.67149610,  99.9
182,  31, 27.11830947, 97.68915821,  99.9
183,  31, 27.09171222, 97.70705217,  99.9
184,  31, 27.06475088, 97.72518092,  99.9
185,  31, 27.03742045, 97.74354743,  99.9
186,  31, 27.00971584, 97.76215469,  99.9
187,  31, 26.98163192, 97.78100575,  99.9
188,  31, 26.95316346, 97.80010368,  99.9
189,  31, 26.92430518, 97.81945159,  99.9
190,  31, 26.89505171, 97.83905262,  99.9
191,  31, 26.86539763, 97.85890995,  99.9
  1,  32, 28.89703482, 96.46534452,  99.9
  2,  32, 28.89472606, 96.46691135,  99.9
  3,  32, 28.89238587, 96.46849943,  99.9
  4,  32, 28.89001382, 96.47010905,  99.9
  5,  32, 28.88760948, 96.47174050,  99.9
  6,  32, 28.88517240, 96.47339407,  99.9
  7,  32, 28.88270214, 96.47507006,  99.9
  8,  32, 28.88019825, 96.47676877,  99.9
  9,  32, 28.87766026, 96.47849052,  99.9
 10,  32, 28.87508772, 96.48023560,  99.9
 11,  32, 28.87248015, 96.48200435,  99.9
 12,  32, 28.86983708, 96.48379707,  99.9
 13,  32, 28.86715802, 96.48561409,  99.9
 14,  32, 28.86444249, 96.48745574,  99.9
 15,  32, 28.86168997, 96.48932235,  99.9
 16,  32, 28.85889998, 96.49121426,  99.9
 17,  32, 28.85607200, 96.49313181,  99.9
 18,  32, 28.85320551, 96.49507535,  99.9
 19,  32, 28.85029999, 96.49704522,  99.9
 20,  32, 28.84735491, 96.49904178,  99.9
 21,  32, 28.84436972, 96.50106540,  99.9
 22,  32, 28.84134388, 96.50311643,  99.9
 23,  32, 28.83827684, 96.50519525,  99.9
 24,  32, 28.83516803, 96.50730223,  99.9
 25,  32, 28.83201689, 96.50943776,  99.9
 26,  32, 28.82882284, 96.51160221,  99.9
 27,  32, 28.82558529, 96.51379597,  99.9
 28,  32, 28.82230366, 96.51601945,  99.9
 29,  32, 28.81897733, 96.51827305,  99.9
 30,  32, 28.81560570, 96.52055716,  99.9
 31,  32, 28.81218816, 96.52287219,  99.9
 32,  32, 28.80872408, 96.52521858,  99.9
 33,  32, 28.80521282, 96.52759674,  99.9
 34,  32, 28.80165373, 96.53000709,  99.9
 35,  32, 28.79804618, 96.53245007,  99.9
 36,  32, 28.79438950, 96.53492612,  99.9
 37,  32, 28.79068301, 96.53743569,  99.9
 38,  32, 28.78692604, 96.53997922,  99.9
 39,  32, 28.78311790, 96.54255718,  99.9
 40,  32, 28.77925790, 96.54517002,  99.9
 41,  32, 28.77534532, 96.54781823,  99.9
 42,  32, 28.77137945, 96.55050226,  99.9
 43,  32, 28.76735956, 96.55322261,  99.9
 44,  32, 28.76328492, 96.55597976,  99.9
 45,  32, 28.75915477, 96.55877421,  99.9
 46,  32, 28.75496837, 96.56160646,  99.9
 47,  32, 28.75072495, 96.56447702,  99.9
 48,  32, 28.74642372, 96.56738640,   4.6
 49,  32, 28.74206391, 96.57033513,   4.5
 50,  32, 28.73764470, 96.57332373,   4.5
 51,  32, 28.73316529, 96.57635274,   4.4
 52,  32, 28.72862487, 96.57942270,   4.5
 53,  32, 28.72402259, 96.58253417,   4.5
 54,  32, 28.71935762, 96.58568769,   4.5
 55,  32, 28.71462909, 96.58888385,   4.6
 56,  32, 28.70983615, 96.59212319,   4.6
 57,  32, 28.70497791, 96.59540632,   4.6
 58,  32, 28.70005348, 96.59873381,   4.7
 59,  32, 28.69506196, 96.60210626,   4.7
 60,  32, 28.69000244, 96.60552427,   4.7
 61,  32, 28.68487398, 96.60898846,   4.8
 62,  32, 28.67967565, 96.61249944,   4.8
 63,  32, 28.67440650, 96.61605784,   4.8
 64,  32, 28.66906555, 96.61966430,   4.8
 65,  32, 28.66365183, 96.62331946,   4.9
 66,  32, 28.65816434, 96.62702397,   4.9
 67,  32, 28.65260208, 96.63077850,  99.9
 68,  32, 28.64696403, 96.63458371,  99.9
 69,  32, 28.64124915, 96.63844029,  99.9
 70,  32, 28.63545640, 96.64234892,  99.9
 71,  32, 28.62958471, 96.64631029,  99.9
 72,  32, 28.62363301, 96.65032512,  99.9
 73,  32, 28.61760020, 96.65439412,  99.9
 74,  32, 28.61148517, 96.65851801,  99.9
 75,  32, 28.60528681, 96.66269753,  99.9
 76,  32, 28.59900398, 96.66693342,  99.9
 77,  32, 28.59263552, 96.67122644,  99.9
 78,  32, 28.58618026, 96.67557735,  99.9
 79,  32, 28.57963703, 96.67998691,  99.9
 80,  32, 28.57300461, 96.68445593,  99.9
 81,  32, 28.56628180, 96.68898518,  99.9
 82,  32, 28.55946735, 96.69357548,  99.9
 83,  32, 28.55256002, 96.69822764,  99.9
 84,  32, 28.54555854, 96.70294248,  99.9
 85,  32, 28.53846162, 96.70772084,  99.9
 86,  32, 28.53126797, 96.71256357,  99.9
 87,  32, 28.52397625, 96.71747153,  99.9
 88,  32, 28.51658513, 96.72244558,  99.9
 89,  32, 28.50909325, 96.72748661,  99.9
 90,  32, 28.50149924, 96.73259550,  99.9
 91,  32, 28.49380169, 96.73777317,  99.9
 92,  32, 28.48599921, 96.74302053,  99.9
 93,  32, 28.47809035, 96.74833851,  99.9
 94,  32, 28.47007366, 96.75372804,  99.9
 95,  32, 28.46194767, 96.75919008,  99.9
 96,  32, 28.45371088, 96.76472559,   3.4
 97,  32, 28.44536178, 96.77033555,   3.6
 98,  32, 28.43689884, 96.77602095,   3.6
 99,  32, 28.42832050, 96.78178279,   3.5
100,  32, 28.41962519, 96.78762209,   3.5
101,  32, 28.41081130, 96.79353987,   3.6
102,  32, 28.40187722, 96.79953718,   3.6
103,  32, 28.39282130, 96.80561507,   3.6
104,  32, 28.38364188, 96.81177462,   3.6
105,  32, 28.37433726, 96.81801689,  99.9
106,  32, 28.36490575, 96.82434300,  99.9
107,  32, 28.35534560, 96.83075405,  99.9
108,  32, 28.34565506, 96.83725117,  99.9
109,  32, 28.33583234, 96.84383549,  99.9
110,  32, 28.32587564, 96.85050817,  99.9
111,  32, 28.31578313, 96.85727039,  99.9
112,  32, 28.30555294, 96.86412332,  99.9
113,  32, 28.29518320, 96.87106816,  99.9
114,  32, 28.28467199, 96.87810613,  99.9
115,  32, 28.27401739, 96.88523846,  99.9
116,  32, 28.26321743, 96.89246639,  99.9
117,  32, 28.25227013, 96.89979120,  99.9
118,  32, 28.24117346, 96.90721415,  99.9
119,  32, 28.22992539, 96.91473654,  99.9
120,  32, 28.21852384, 96.92235968,  99.9
121,  32, 28.20696672, 96.93008490,   3.3
122,  32, 28.19525190, 96.93791354,   3.2
123,  32, 28.18337722, 96.94584698,   3.1
124,  32, 28.17134049, 96.95388657,   3.0
125,  32, 28.15913950, 96.96203373,   2.9
126,  32, 28.14677199, 96.97028987,   2.9
127,  32, 28.13423570, 96.97865642,   3.2
128,  32, 28.12152830, 96.98713483,   3.2
129,  32, 28.10864746, 96.99572656,   3.2
130,  32, 28.09559080, 97.00443312,   3.2
131,  32, 28.08235592, 97.01325600,   3.2
132,  32, 28.06894038, 97.02219672,   3.2
133,  32, 28.05534170, 97.03125684,   3.2
134,  32, 28.04155738, 97.04043792,  99.9
135,  32, 28.02758487, 97.04974154,  99.9
136,  32, 28.01342160, 97.05916930,  99.9
137,  32, 27.99906496, 97.06872284,  99.9
138,  32, 27.98451229, 97.07840379,   3.4
139,  32, 27.96976092, 97.08821381,   3.4
140,  32, 27.95480812, 97.09815460,   3.5
141,  32, 27.93965114, 97.10822787,   3.5
142,  32, 27.92428717, 97.11843533,   3.5
143,  32, 27.90871338, 97.12877874,   3.5
144,  32, 27.89292689, 97.13925987,   3.4
145,  32, 27.87692480, 97.14988051,   3.4
146,  32, 27.86070415, 97.16064249,   3.4
147,  32, 27.84426194, 97.17154763,   3.4
148,  32, 27.82759513, 97.18259780,   3.4
149,  32, 27.81070065, 97.19379489,   3.3
150,  32, 27.79357538, 97.20514080,   3.4
151,  32, 27.77621616, 97.21663745,   3.4
152,  32, 27.75861977, 97.22828682,   3.4
153,  32, 27.74078297, 97.24009087,   3.5
154,  32, 27.72270246, 97.25205162,   3.5
155,  32, 27.70437489, 97.26417108,   3.5
156,  32, 27.68579689, 97.27645131,  99.9
157,  32, 27.66696501, 97.28889439,  99.9
158,  32, 27.64787578, 97.30150242,  99.9
159,  32, 27.62852567, 97.31427753,  99.9
160,  32, 27.60891109, 97.32722188,  99.9
161,  32, 27.58902842, 97.34033765,  99.9
162,  32, 27.56887398, 97.35362704,  99.9
163,  32, 27.54844405, 97.36709229,  99.9
164,  32, 27.52773483, 97.38073567,  99.9
165,  32, 27.50674251, 97.39455945,  99.9
166,  32, 27.48546320, 97.40856596,  99.9
167,  32, 27.46389295, 97.42275755,  99.9
168,  32, 27.44202778, 97.43713658,  99.9
169,  32, 27.41986364, 97.45170546,  99.9
170,  32, 27.39739641, 97.46646662,  99.9
171,  32, 27.37462195, 97.48142252,   3.3
172,  32, 27.35153604, 97.49657564,   2.9
173,  32, 27.32813439, 97.51192850,   2.4
174,  32, 27.30441268, 97.52748367,   2.3
175,  32, 27.28036651, 97.54324370,   2.3
176,  32, 27.25599142, 97.55921122,   2.3
177,  32, 27.23128289, 97.57538886,  99.9
178,  32, 27.20623635, 97.59177929,  99.9
179,  32, 27.18084715, 97.60838523,  99.9
180,  32, 27.15511059, 97.62520940,  99.9
181,  32, 27.12902189, 97.64225457,  99.9
182,  32, 27.10257622, 97.65952355,  99.9
183,  32, 27.07576867, 97.67701916,  99.9
184,  32, 27.04859427, 97.69474427,  99.9
185,  32, 27.02104797, 97.71270178,  99.9
186,  32, 26.99312468, 97.73089463,  99.9
187,  32, 26.96481920, 97.74932578,  99.9
188,  32, 26.93612628, 97.76799823,  99.9
189,  32, 26.90704060, 97.78691503,  99.9
190,  32, 26.87755676, 97.80607923,  99.9
191,  32, 26.84766929, 97.82549396,  99.9
  1,  33, 28.89568065, 96.46272847,  99.9
  2,  33, 28.89335350, 96.46425975,  99.9
  3,  33, 28.89099467, 96.46581179,  99.9
  4,  33, 28.88860372, 96.46738488,  99.9
  5,  33, 28.88618022, 96.46897931,  99.9
  6,  33, 28.88372373, 96.47059535,  99.9
  7,  33, 28.88123379, 96.47223330,  99.9
  8,  33, 28.87870995, 96.47389346,  99.9
  9,  33, 28.87615175, 96.47557613,  99.9
 10,  33, 28.87355873, 96.47728161,  99.9
 11,  33, 28.87093039, 96.47901021,  99.9
 12,  33, 28.86826627, 96.48076224,  99.9
 13,  33, 28.86556588, 96.48253802,  99.9
 14,  33, 28.86282872, 96.48433787,  99.9
 15,  33, 28.86005429, 96.48616212,  99.9
 16,  33, 28.85724209, 96.48801108,  99.9
 17,  33, 28.85439159, 96.48988511,  99.9
 18,  33, 28.85150228, 96.49178453,  99.9
 19,  33, 28.84857363, 96.49370968,  99.9
 20,  33, 28.84560511, 96.49566093,  99.9
 21,  33, 28.84259616, 96.49763860,  99.9
 22,  33, 28.83954624, 96.49964308,  99.9
 23,  33, 28.83645479, 96.50167471,  99.9
 24,  33, 28.83332125, 96.50373386,  99.9
 25,  33, 28.83014504, 96.50582090,  99.9
 26,  33, 28.82692557, 96.50793621,  99.9
 27,  33, 28.82366227, 96.51008017,  99.9
 28,  33, 28.82035452, 96.51225317,  99.9
 29,  33, 28.81700174, 96.51445560,  99.9
 30,  33, 28.81360329, 96.51668785,  99.9
 31,  33, 28.81015857, 96.51895033,  99.9
 32,  33, 28.80666694, 96.52124344,  99.9
 33,  33, 28.80312775, 96.52356759,  99.9
 34,  33, 28.79954037, 96.52592321,  99.9
 35,  33, 28.79590413, 96.52831072,  99.9
 36,  33, 28.79221838, 96.53073055,  99.9
 37,  33, 28.78848242, 96.53318313,  99.9
 38,  33, 28.78469559, 96.53566890,  99.9
 39,  33, 28.78085718, 96.53818832,  99.9
 40,  33, 28.77696650, 96.54074183,  99.9
 41,  33, 28.77302283, 96.54332989,  99.9
 42,  33, 28.76902544, 96.54595297,  99.9
 43,  33, 28.76497361, 96.54861153,  99.9
 44,  33, 28.76086660, 96.55130606,  99.9
 45,  33, 28.75670365, 96.55403705,  99.9
 46,  33, 28.75248399, 96.55680497,  99.9
 47,  33, 28.74820686, 96.55961032,  99.9
 48,  33, 28.74387147, 96.56245362,   4.6
 49,  33, 28.73947703, 96.56533537,   4.5
 50,  33, 28.73502274, 96.56825608,   4.5
 51,  33, 28.73050777, 96.57121628,   4.4
 52,  33, 28.72593129, 96.57421651,   4.5
 53,  33, 28.72129248, 96.57725729,   4.5
 54,  33, 28.71659048, 96.58033917,   4.5
 55,  33, 28.71182443, 96.58346271,   4.6
 56,  33, 28.70699345, 96.58662846,   4.6
 57,  33, 28.70209666, 96.58983699,   4.6
 58,  33, 28.69713316, 96.59308888,   4.7
 59,  33, 28.69210204, 96.59638470,   4.7
 60,  33, 28.68700239, 96.59972505,   4.7
 61,  33, 28.68183325, 96.60311052,   4.7
 62,  33, 28.67659370, 96.60654172,   4.8
 63,  33, 28.67128276, 96.61001926,   4.8
 64,  33, 28.66589946, 96.61354376,   4.8
 65,  33, 28.66044282, 96.61711585,   4.8
 66,  33, 28.65491184, 96.62073617,   4.8
 67,  33, 28.64930549, 96.62440537,  99.9
 68,  33, 28.64362276, 96.62812409,  99.9
 69,  33, 28.63786260, 96.63189301,  99.9
 70,  33, 28.63202395, 96.63571279,  99.9
 71,  33, 28.62610575, 96.63958412,  99.9
 72,  33, 28.62010690, 96.64350769,  99.9
 73,  33, 28.61402631, 96.64748419,  99.9
 74,  33, 28.60786286, 96.65151433,  99.9
 75,  33, 28.60161542, 96.65559883,  99.9
 76,  33, 28.59528285, 96.65973842,  99.9
 77,  33, 28.58886398, 96.66393383,  99.9
 78,  33, 28.58235764, 96.66818581,  99.9
 79,  33, 28.57576262, 96.67249511,  99.9
 80,  33, 28.56907773, 96.67686251,  99.9
 81,  33, 28.56230173, 96.68128876,  99.9
 82,  33, 28.55543338, 96.68577468,  99.9
 83,  33, 28.54847143, 96.69032103,  99.9
 84,  33, 28.54141458, 96.69492865,  99.9
 85,  33, 28.53426155, 96.69959833,  99.9
 86,  33, 28.52701103, 96.70433091,  99.9
 87,  33, 28.51966167, 96.70912724,  99.9
 88,  33, 28.51221214, 96.71398814,  99.9
 89,  33, 28.50466107, 96.71891450,  99.9
 90,  33, 28.49700706, 96.72390718,  99.9
 91,  33, 28.48924872, 96.72896705,  99.9
 92,  33, 28.48138462, 96.73409503,  99.9
 93,  33, 28.47341331, 96.73929201,  99.9
 94,  33, 28.46533333, 96.74455891,  99.9
 95,  33, 28.45714320, 96.74989667,  99.9
 96,  33, 28.44884140, 96.75530622,   3.4
 97,  33, 28.44042643, 96.76078851,   3.6
 98,  33, 28.43189672, 96.76634453,   3.6
 99,  33, 28.42325072, 96.77197523,   3.5
100,  33, 28.41448683, 96.77768163,   3.4
101,  33, 28.40560345, 96.78346471,   3.5
102,  33, 28.39659894, 96.78932551,   3.5
103,  33, 28.38747164, 96.79526504,   3.5
104,  33, 28.37821989, 96.80128436,   3.5
105,  33, 28.36884197, 96.80738452,  99.9
106,  33, 28.35933616, 96.81356660,  99.9
107,  33, 28.34970073, 96.81983168,  99.9
108,  33, 28.33993389, 96.82618085,  99.9
109,  33, 28.33003384, 96.83261524,  99.9
110,  33, 28.31999878, 96.83913596,  99.9
111,  33, 28.30982685, 96.84574417,  99.9
112,  33, 28.29951618, 96.85244102,  99.9
113,  33, 28.28906488, 96.85922767,  99.9
114,  33, 28.27847102, 96.86610533,  99.9
115,  33, 28.26773266, 96.87307518,  99.9
116,  33, 28.25684781, 96.88013846,  99.9
117,  33, 28.24581448, 96.88729638,  99.9
118,  33, 28.23463064, 96.89455020,  99.9
119,  33, 28.22329423, 96.90190118,  99.9
120,  33, 28.21180315, 96.90935061,  99.9
121,  33, 28.20015531, 96.91689978,  99.9
122,  33, 28.18834854, 96.92455000,  99.9
123,  33, 28.17638068, 96.93230261,  99.9
124,  33, 28.16424953, 96.94015896,  99.9
125,  33, 28.15195285, 96.94812040,   2.9
126,  33, 28.13948838, 96.95618832,   2.9
127,  33, 28.12685382, 96.96436411,   3.2
128,  33, 28.11404685, 96.97264921,   3.2
129,  33, 28.10106510, 96.98104503,   3.1
130,  33, 28.08790619, 96.98955304,   3.1
131,  33, 28.07456768, 96.99817471,   3.1
132,  33, 28.06104713, 97.00691151,   3.1
133,  33, 28.04734204, 97.01576498,   3.1
134,  33, 28.03344988, 97.02473662,   3.1
135,  33, 28.01936810, 97.03382800,   3.1
136,  33, 28.00509410, 97.04304067,   3.2
137,  33, 27.99062525, 97.05237622,   3.3
138,  33, 27.97595888, 97.06183626,   3.3
139,  33, 27.96109229, 97.07142241,   3.4
140,  33, 27.94602273, 97.08113633,   3.4
141,  33, 27.93074742, 97.09097967,   3.4
142,  33, 27.91526356, 97.10095413,   3.4
143,  33, 27.89956828, 97.11106141,   3.4
144,  33, 27.88365869, 97.12130325,   3.4
145,  33, 27.86753185, 97.13168139,   3.4
146,  33, 27.85118478, 97.14219762,   3.4
147,  33, 27.83461448, 97.15285372,   3.3
148,  33, 27.81781788, 97.16365151,   3.3
149,  33, 27.80079188, 97.17459284,   3.3
150,  33, 27.78353333, 97.18567956,   3.4
151,  33, 27.76603907, 97.19691357,   3.4
152,  33, 27.74830584, 97.20829677,   3.4
153,  33, 27.73033038, 97.21983109,   3.5
154,  33, 27.71210937, 97.23151850,   3.5
155,  33, 27.69363945, 97.24336097,   3.5
156,  33, 27.67491719, 97.25536051,   3.5
157,  33, 27.65593915, 97.26751914,   3.4
158,  33, 27.63670181, 97.27983892,   3.4
159,  33, 27.61720163, 97.29232193,  99.9
160,  33, 27.59743499, 97.30497028,  99.9
161,  33, 27.57739825, 97.31778609,  99.9
162,  33, 27.55708770, 97.33077152,  99.9
163,  33, 27.53649959, 97.34392876,  99.9
164,  33, 27.51563010, 97.35726001,  99.9
165,  33, 27.49447539, 97.37076751,  99.9
166,  33, 27.47303153, 97.38445351,  99.9
167,  33, 27.45129457, 97.39832032,  99.9
168,  33, 27.42926048, 97.41237024,  99.9
169,  33, 27.40692518, 97.42660563,  99.9
170,  33, 27.38428455, 97.44102885,  99.9
171,  33, 27.36133439, 97.45564231,  99.9
172,  33, 27.33807046, 97.47044844,  99.9
173,  33, 27.31448844, 97.48544969,  99.9
174,  33, 27.29058399, 97.50064856,  99.9
175,  33, 27.26635266, 97.51604756,   2.3
176,  33, 27.24178998, 97.53164925,   2.3
177,  33, 27.21689139, 97.54745620,  99.9
178,  33, 27.19165229, 97.56347102,  99.9
179,  33, 27.16606799, 97.57969635,  99.9
180,  33, 27.14013377, 97.59613486,  99.9
181,  33, 27.11384481, 97.61278925,  99.9
182,  33, 27.08719625, 97.62966226,  99.9
183,  33, 27.06018315, 97.64675665,  99.9
184,  33, 27.03280049, 97.66407522,  99.9
185,  33, 27.00504322, 97.68162081,  99.9
186,  33, 26.97690617, 97.69939627,  99.9
187,  33, 26.94838414, 97.71740451,  99.9
188,  33, 26.91947183, 97.73564845,  99.9
189,  33, 26.89016389, 97.75413106,  99.9
190,  33, 26.86045488, 97.77285533,  99.9
191,  33, 26.83033929, 97.79182431,  99.9
  1,  34, 28.89435767, 96.46009193,  99.9
  2,  34, 28.89201255, 96.46158737,  99.9
  3,  34, 28.88963550, 96.46310310,  99.9
  4,  34, 28.88722609, 96.46463938,  99.9
  5,  34, 28.88478388, 96.46619649,  99.9
  6,  34, 28.88230842, 96.46777471,  99.9
  7,  34, 28.87979926, 96.46937434,  99.9
  8,  34, 28.87725594, 96.47099564,  99.9
  9,  34, 28.87467799, 96.47263893,  99.9
 10,  34, 28.87206494, 96.47430450,  99.9
 11,  34, 28.86941632, 96.47599264,  99.9
 12,  34, 28.86673164, 96.47770367,  99.9
 13,  34, 28.86401041, 96.47943789,  99.9
 14,  34, 28.86125212, 96.48119561,  99.9
 15,  34, 28.85845628, 96.48297716,  99.9
 16,  34, 28.85562238, 96.48478285,  99.9
 17,  34, 28.85274989, 96.48661301,  99.9
 18,  34, 28.84983829, 96.48846797,  99.9
 19,  34, 28.84688704, 96.49034806,  99.9
 20,  34, 28.84389562, 96.49225363,  99.9
 21,  34, 28.84086346, 96.49418502,  99.9
 22,  34, 28.83779001, 96.49614257,  99.9
 23,  34, 28.83467472, 96.49812664,  99.9
 24,  34, 28.83151701, 96.50013759,  99.9
 25,  34, 28.82831630, 96.50217578,  99.9
 26,  34, 28.82507201, 96.50424157,  99.9
 27,  34, 28.82178354, 96.50633534,  99.9
 28,  34, 28.81845029, 96.50845747,  99.9
 29,  34, 28.81507165, 96.51060833,  99.9
 30,  34, 28.81164701, 96.51278832,  99.9
 31,  34, 28.80817573, 96.51499783,  99.9
 32,  34, 28.80465718, 96.51723725,  99.9
 33,  34, 28.80109072, 96.51950699,  99.9
 34,  34, 28.79747569, 96.52180745,  99.9
 35,  34, 28.79381143, 96.52413906,  99.9
 36,  34, 28.79009727, 96.52650223,  99.9
 37,  34, 28.78633253, 96.52889738,  99.9
 38,  34, 28.78251652, 96.53132495,  99.9
 39,  34, 28.77864855, 96.53378537,  99.9
 40,  34, 28.77472789, 96.53627908,  99.9
 41,  34, 28.77075384, 96.53880653,  99.9
 42,  34, 28.76672567, 96.54136818,  99.9
 43,  34, 28.76264264, 96.54396449,  99.9
 44,  34, 28.75850400, 96.54659592,  99.9
 45,  34, 28.75430899, 96.54926294,  99.9
 46,  34, 28.75005685, 96.55196604,  99.9
 47,  34, 28.74574679, 96.55470569,  99.9
 48,  34, 28.74137803, 96.55748239,   4.6
 49,  34, 28.73694977, 96.56029664,   4.5
 50,  34, 28.73246119, 96.56314894,   4.5
 51,  34, 28.72791147, 96.56603981,   4.4
 52,  34, 28.72329978, 96.56896975,   4.5
 53,  34, 28.71862528, 96.57193930,   4.5
 54,  34, 28.71388710, 96.57494899,   4.5
 55,  34, 28.70908439, 96.57799936,   4.5
 56,  34, 28.70421625, 96.58109095,   4.6
 57,  34, 28.69928180, 96.58422431,   4.6
 58,  34, 28.69428013, 96.58740001,   4.6
 59,  34, 28.68921033, 96.59061862,   4.7
 60,  34, 28.68407147, 96.59388070,   4.7
 61,  34, 28.67886260, 96.59718685,   4.7
 62,  34, 28.67358277, 96.60053765,   4.7
 63,  34, 28.66823101, 96.60393371,   4.7
 64,  34, 28.66280634, 96.60737562,   4.8
 65,  34, 28.65730778, 96.61086401,   4.8
 66,  34, 28.65173429, 96.61439949,   4.8
 67,  34, 28.64608488, 96.61798270,  99.9
 68,  34, 28.64035850, 96.62161428,  99.9
 69,  34, 28.63455410, 96.62529487,  99.9
 70,  34, 28.62867061, 96.62902513,  99.9
 71,  34, 28.62270697, 96.63280572,  99.9
 72,  34, 28.61666206, 96.63663732,  99.9
 73,  34, 28.61053480, 96.64052062,  99.9
 74,  34, 28.60432404, 96.64445629,  99.9
 75,  34, 28.59802866, 96.64844505,  99.9
 76,  34, 28.59164750, 96.65248759,  99.9
 77,  34, 28.58517938, 96.65658465,  99.9
 78,  34, 28.57862313, 96.66073695,  99.9
 79,  34, 28.57197753, 96.66494522,  99.9
 80,  34, 28.56524137, 96.66921022,  99.9
 81,  34, 28.55841341, 96.67353270,  99.9
 82,  34, 28.55149241, 96.67791343,  99.9
 83,  34, 28.54447708, 96.68235318,  99.9
 84,  34, 28.53736615, 96.68685275,  99.9
 85,  34, 28.53015831, 96.69141293,  99.9
 86,  34, 28.52285223, 96.69603452,  99.9
 87,  34, 28.51544657, 96.70071836,  99.9
 88,  34, 28.50793998, 96.70546526,  99.9
 89,  34, 28.50033108, 96.71027608,  99.9
 90,  34, 28.49261847, 96.71515165,  99.9
 91,  34, 28.48480073, 96.72009284,  99.9
 92,  34, 28.47687643, 96.72510053,  99.9
 93,  34, 28.46884411, 96.73017559,  99.9
 94,  34, 28.46070231, 96.73531894,  99.9
 95,  34, 28.45244951, 96.74053146,  99.9
 96,  34, 28.44408422, 96.74581409,   3.5
 97,  34, 28.43560489, 96.75116776,   3.4
 98,  34, 28.42700996, 96.75659341,   3.6
 99,  34, 28.41829786, 96.76209199,   3.5
100,  34, 28.40946698, 96.76766447,   3.4
101,  34, 28.40051571, 96.77331184,   3.4
102,  34, 28.39144240, 96.77903509,   3.4
103,  34, 28.38224537, 96.78483523,   3.4
104,  34, 28.37292296, 96.79071327,   3.4
105,  34, 28.36347343, 96.79667024,  99.9
106,  34, 28.35389505, 96.80270720,  99.9
107,  34, 28.34418606, 96.80882520,  99.9
108,  34, 28.33434468, 96.81502532,  99.9
109,  34, 28.32436910, 96.82130865,  99.9
110,  34, 28.31425749, 96.82767627,  99.9
111,  34, 28.30400798, 96.83412932,  99.9
112,  34, 28.29361869, 96.84066891,  99.9
113,  34, 28.28308772, 96.84729620,  99.9
114,  34, 28.27241311, 96.85401233,  99.9
115,  34, 28.26159293, 96.86081850,  99.9
116,  34, 28.25062516, 96.86771587,  99.9
117,  34, 28.23950780, 96.87470566,  99.9
118,  34, 28.22823879, 96.88178909,  99.9
119,  34, 28.21681608, 96.88896738,  99.9
120,  34, 28.20523755, 96.89624180,  99.9
121,  34, 28.19350107, 96.90361360,  99.9
122,  34, 28.18160449, 96.91108408,  99.9
123,  34, 28.16954561, 96.91865452,  99.9
124,  34, 28.15732223, 96.92632624,  99.9
125,  34, 28.14493208, 96.93410058,  99.9
126,  34, 28.13237288, 96.94197888,  99.9
127,  34, 28.11964233, 96.94996252,   3.2
128,  34, 28.10673809, 96.95805286,   3.2
129,  34, 28.09365777, 96.96625132,   3.1
130,  34, 28.08039896, 96.97455931,   3.1
131,  34, 28.06695923, 96.98297827,   3.1
132,  34, 28.05333610, 96.99150966,   3.1
133,  34, 28.03952706, 97.00015493,   3.1
134,  34, 28.02552957, 97.00891560,   3.1
135,  34, 28.01134105, 97.01779316,   3.1
136,  34, 27.99695888, 97.02678915,   3.1
137,  34, 27.98238042, 97.03590512,   3.2
138,  34, 27.96760297, 97.04514262,   3.2
139,  34, 27.95262382, 97.05450326,   3.3
140,  34, 27.93744021, 97.06398863,   3.3
141,  34, 27.92204933, 97.07360036,   3.4
142,  34, 27.90644835, 97.08334011,   3.4
143,  34, 27.89063439, 97.09320953,   3.4
144,  34, 27.87460454, 97.10321033,   3.4
145,  34, 27.85835584, 97.11334420,   3.4
146,  34, 27.84188530, 97.12361288,   3.3
147,  34, 27.82518987, 97.13401811,   3.3
148,  34, 27.80826648, 97.14456169,   3.3
149,  34, 27.79111201, 97.15524540,   3.3
150,  34, 27.77372328, 97.16607105,   3.4
151,  34, 27.75609710, 97.17704050,   3.4
152,  34, 27.73823021, 97.18815560,   3.5
153,  34, 27.72011931, 97.19941824,   3.5
154,  34, 27.70176106, 97.21083033,   3.5
155,  34, 27.68315208, 97.22239380,   3.5
156,  34, 27.66428892, 97.23411061,   3.5
157,  34, 27.64516810, 97.24598274,   3.4
158,  34, 27.62578609, 97.25801219,   3.4
159,  34, 27.60613932, 97.27020100,   2.9
160,  34, 27.58622416, 97.28255122,   2.5
161,  34, 27.56603692, 97.29506492,   2.5
162,  34, 27.54557388, 97.30774421,   2.5
163,  34, 27.52483126, 97.32059122,   2.5
164,  34, 27.50380522, 97.33360811,   2.5
165,  34, 27.48249188, 97.34679706,  99.9
166,  34, 27.46088730, 97.36016027,  99.9
167,  34, 27.43898750, 97.37369997,  99.9
168,  34, 27.41678841, 97.38741844,  99.9
169,  34, 27.39428594, 97.40131796,  99.9
170,  34, 27.37147592, 97.41540085,  99.9
171,  34, 27.34835414, 97.42966944,  99.9
172,  34, 27.32491632, 97.44412611,  99.9
173,  34, 27.30115814, 97.45877326,   2.2
174,  34, 27.27707518, 97.47361332,   2.2
175,  34, 27.25266301, 97.48864875,   2.3
176,  34, 27.22791709, 97.50388203,  99.9
177,  34, 27.20283286, 97.51931568,  99.9
178,  34, 27.17740567, 97.53495224,  99.9
179,  34, 27.15163082, 97.55079429,  99.9
180,  34, 27.12550353, 97.56684443,  99.9
181,  34, 27.09901897, 97.58310531,  99.9
182,  34, 27.07217223, 97.59957959,  99.9
183,  34, 27.04495836, 97.61626997,  99.9
184,  34, 27.01737230, 97.63317917,  99.9
185,  34, 26.98940894, 97.65030997,  99.9
186,  34, 26.96106312, 97.66766515,  99.9
187,  34, 26.93232957, 97.68524754,  99.9
188,  34, 26.90320299, 97.70306000,  99.9
189,  34, 26.87367796, 97.72110543,  99.9
190,  34, 26.84374902, 97.73938674,  99.9
191,  34, 26.81341062, 97.75790690,  99.9
  1,  35, 28.89306612, 96.45743538,  99.9
  2,  35, 28.89070346, 96.45889473,  99.9
  3,  35, 28.88830863, 96.46037386,  99.9
  4,  35, 28.88588119, 96.46187305,  99.9
  5,  35, 28.88342071, 96.46339256,  99.9
  6,  35, 28.88092674, 96.46493268,  99.9
  7,  35, 28.87839881, 96.46649368,  99.9
  8,  35, 28.87583646, 96.46807585,  99.9
  9,  35, 28.87323924, 96.46967946,  99.9
 10,  35, 28.87060665, 96.47130481,  99.9
 11,  35, 28.86793822, 96.47295219,  99.9
 12,  35, 28.86523346, 96.47462191,  99.9
 13,  35, 28.86249188, 96.47631425,  99.9
 14,  35, 28.85971298, 96.47802953,  99.9
 15,  35, 28.85689624, 96.47976806,  99.9
 16,  35, 28.85404115, 96.48153015,  99.9
 17,  35, 28.85114719, 96.48331611,  99.9
 18,  35, 28.84821382, 96.48512628,  99.9
 19,  35, 28.84524052, 96.48696097,  99.9
 20,  35, 28.84222674, 96.48882052,  99.9
 21,  35, 28.83917192, 96.49070527,  99.9
 22,  35, 28.83607551, 96.49261555,  99.9
 23,  35, 28.83293693, 96.49455170,  99.9
 24,  35, 28.82975563, 96.49651408,  99.9
 25,  35, 28.82653101, 96.49850305,  99.9
 26,  35, 28.82326248, 96.50051895,  99.9
 27,  35, 28.81994944, 96.50256215,  99.9
 28,  35, 28.81659130, 96.50463302,  99.9
 29,  35, 28.81318743, 96.50673194,  99.9
 30,  35, 28.80973721, 96.50885927,  99.9
 31,  35, 28.80624001, 96.51101541,  99.9
 32,  35, 28.80269518, 96.51320074,  99.9
 33,  35, 28.79910209, 96.51541566,  99.9
 34,  35, 28.79546007, 96.51766056,  99.9
 35,  35, 28.79176846, 96.51993584,  99.9
 36,  35, 28.78802657, 96.52224192,  99.9
 37,  35, 28.78423373, 96.52457922,  99.9
 38,  35, 28.78038924, 96.52694814,  99.9
 39,  35, 28.77649239, 96.52934912,  99.9
 40,  35, 28.77254248, 96.53178259,  99.9
 41,  35, 28.76853878, 96.53424899,  99.9
 42,  35, 28.76448055, 96.53674875,  99.9
 43,  35, 28.76036705, 96.53928233,  99.9
 44,  35, 28.75619754, 96.54185018,  99.9
 45,  35, 28.75197124, 96.54445276,  99.9
 46,  35, 28.74768738, 96.54709055,  99.9
 47,  35, 28.74334518, 96.54976401,  99.9
 48,  35, 28.73894384, 96.55247362,  99.9
 49,  35, 28.73448256, 96.55521987,  99.9
 50,  35, 28.72996051, 96.55800324,  99.9
 51,  35, 28.72537688, 96.56082425,  99.9
 52,  35, 28.72073081, 96.56368340,  99.9
 53,  35, 28.71602147, 96.56658119,   4.5
 54,  35, 28.71124798, 96.56951814,   4.5
 55,  35, 28.70640947, 96.57249479,   4.5
 56,  35, 28.70150506, 96.57551166,   4.6
 57,  35, 28.69653385, 96.57856930,   4.6
 58,  35, 28.69149492, 96.58166825,   4.6
 59,  35, 28.68638735, 96.58480906,   4.7
 60,  35, 28.68121021, 96.58799230,   4.7
 61,  35, 28.67596255, 96.59121853,   4.7
 62,  35, 28.67064340, 96.59448834,   4.7
 63,  35, 28.66525180, 96.59780230,   4.7
 64,  35, 28.65978675, 96.60116102,   4.7
 65,  35, 28.65424725, 96.60456508,   4.7
 66,  35, 28.64863228, 96.60801509,   4.8
 67,  35, 28.64294083, 96.61151167,   4.8
 68,  35, 28.63717183, 96.61505545,  99.9
 69,  35, 28.63132425, 96.61864706,  99.9
 70,  35, 28.62539699, 96.62228713,  99.9
 71,  35, 28.61938899, 96.62597631,  99.9
 72,  35, 28.61329912, 96.62971527,  99.9
 73,  35, 28.60712629, 96.63350466,  99.9
 74,  35, 28.60086936, 96.63734517,  99.9
 75,  35, 28.59452717, 96.64123747,  99.9
 76,  35, 28.58809857, 96.64518226,   5.1
 77,  35, 28.58158238, 96.64918024,   5.1
 78,  35, 28.57497740, 96.65323211,   5.0
 79,  35, 28.56828243, 96.65733861,  99.9
 80,  35, 28.56149622, 96.66150045,  99.9
 81,  35, 28.55461755, 96.66571838,  99.9
 82,  35, 28.54764514, 96.66999315,  99.9
 83,  35, 28.54057772, 96.67432551,  99.9
 84,  35, 28.53341399, 96.67871624,  99.9
 85,  35, 28.52615263, 96.68316610,  99.9
 86,  35, 28.51879232, 96.68767590,  99.9
 87,  35, 28.51133171, 96.69224642,  99.9
 88,  35, 28.50376942, 96.69687848,  99.9
 89,  35, 28.49610406, 96.70157290,  99.9
 90,  35, 28.48833424, 96.70633050,  99.9
 91,  35, 28.48045851, 96.71115213,  99.9
 92,  35, 28.47247545, 96.71603865,  99.9
 93,  35, 28.46438358, 96.72099090,  99.9
 94,  35, 28.45618142, 96.72600978,  99.9
 95,  35, 28.44786746, 96.73109616,  99.9
 96,  35, 28.43944018, 96.73625094,  99.9
 97,  35, 28.43089802, 96.74147503,   3.4
 98,  35, 28.42223943, 96.74676935,   3.4
 99,  35, 28.41346280, 96.75213484,   3.5
100,  35, 28.40456653, 96.75757244,   3.4
101,  35, 28.39554899, 96.76308310,   3.3
102,  35, 28.38640851, 96.76866780,   3.3
103,  35, 28.37714343, 96.77432751,   3.3
104,  35, 28.36775203, 96.78006323,   3.3
105,  35, 28.35823260, 96.78587598,   3.3
106,  35, 28.34858337, 96.79176676,   3.3
107,  35, 28.33880259, 96.79773662,  99.9
108,  35, 28.32888845, 96.80378660,  99.9
109,  35, 28.31883914, 96.80991775,  99.9
110,  35, 28.30865280, 96.81613116,  99.9
111,  35, 28.29832756, 96.82242792,  99.9
112,  35, 28.28786153, 96.82880911,  99.9
113,  35, 28.27725278, 96.83527587,  99.9
114,  35, 28.26649936, 96.84182932,  99.9
115,  35, 28.25559929, 96.84847060,  99.9
116,  35, 28.24455058, 96.85520087,  99.9
117,  35, 28.23335119, 96.86202131,  99.9
118,  35, 28.22199906, 96.86893311,  99.9
119,  35, 28.21049210, 96.87593747,  99.9
120,  35, 28.19882819, 96.88303561,  99.9
121,  35, 28.18700520, 96.89022877,  99.9
122,  35, 28.17502095, 96.89751819,  99.9
123,  35, 28.16287323, 96.90490514,  99.9
124,  35, 28.15055980, 96.91239092,   3.4
125,  35, 28.13807841, 96.91997681,   3.1
126,  35, 28.12542676, 96.92766413,   3.0
127,  35, 28.11260251, 96.93545421,   3.1
128,  35, 28.09960331, 96.94334841,   3.1
129,  35, 28.08642677, 96.95134808,   3.2
130,  35, 28.07307046, 96.95945462,   3.2
131,  35, 28.05953192, 96.96766942,   3.1
132,  35, 28.04580866, 96.97599390,   3.1
133,  35, 28.03189815, 96.98442951,   3.0
134,  35, 28.01779784, 96.99297768,   3.0
135,  35, 28.00350512, 97.00163991,   3.0
136,  35, 27.98901737, 97.01041767,   3.0
137,  35, 27.97433191, 97.01931247,   3.1
138,  35, 27.95944605, 97.02832586,   3.1
139,  35, 27.94435703, 97.03745937,   3.2
140,  35, 27.92906209, 97.04671457,   3.2
141,  35, 27.91355839, 97.05609305,   3.3
142,  35, 27.89784310, 97.06559641,   3.3
143,  35, 27.88191330, 97.07522629,   3.3
144,  35, 27.86576606, 97.08498433,   3.3
145,  35, 27.84939842, 97.09487219,   3.3
146,  35, 27.83280734, 97.10489158,   3.3
147,  35, 27.81598978, 97.11504418,   3.3
148,  35, 27.79894264, 97.12533174,   3.3
149,  35, 27.78166276, 97.13575601,   3.4
150,  35, 27.76414696, 97.14631875,   3.4
151,  35, 27.74639202, 97.15702178,   3.5
152,  35, 27.72839466, 97.16786689,   3.5
153,  35, 27.71015156, 97.17885594,   3.5
154,  35, 27.69165935, 97.18999077,   3.5
155,  35, 27.67291463, 97.20127329,   3.5
156,  35, 27.65391393, 97.21270540,   3.5
157,  35, 27.63465376, 97.22428902,   3.5
158,  35, 27.61513054, 97.23602612,  99.9
159,  35, 27.59534069, 97.24791867,  99.9
160,  35, 27.57528055, 97.25996867,   2.5
161,  35, 27.55494642, 97.27217816,   2.5
162,  35, 27.53433454, 97.28454918,   2.5
163,  35, 27.51344110, 97.29708381,   2.5
164,  35, 27.49226226, 97.30978416,   2.5
165,  35, 27.47079409, 97.32265235,   2.5
166,  35, 27.44903264, 97.33569052,   2.5
167,  35, 27.42697389, 97.34890087,   2.3
168,  35, 27.40461375, 97.36228560,   2.3
169,  35, 27.38194811, 97.37584694,   2.3
170,  35, 27.35897276, 97.38958714,   2.3
171,  35, 27.33568347, 97.40350849,   2.3
172,  35, 27.31207594, 97.41761331,   2.3
173,  35, 27.28814580, 97.43190393,   2.2
174,  35, 27.26388862, 97.44638273,   2.2
175,  35, 27.23929993, 97.46105209,  99.9
176,  35, 27.21437517, 97.47591444,  99.9
177,  35, 27.18910974, 97.49097224,  99.9
178,  35, 27.16349898, 97.50622797,  99.9
179,  35, 27.13753813, 97.52168414,  99.9
180,  35, 27.11122240, 97.53734328,  99.9
181,  35, 27.08454693, 97.55320798,  99.9
182,  35, 27.05750678, 97.56928083,  99.9
183,  35, 27.03009694, 97.58556446,  99.9
184,  35, 27.00231235, 97.60206153,  99.9
185,  35, 26.97414786, 97.61877474,  99.9
186,  35, 26.94559827, 97.63570681,  99.9
187,  35, 26.91665829, 97.65286050,  99.9
188,  35, 26.88732256, 97.67023859,  99.9
189,  35, 26.85758565, 97.68784391,  99.9
190,  35, 26.82744206, 97.70567930,  99.9
191,  35, 26.79688621, 97.72374766,  99.9
  1,  36, 28.89180623, 96.45475931,  99.9
  2,  36, 28.88942645, 96.45618229,  99.9
  3,  36, 28.88701428, 96.45762456,  99.9
  4,  36, 28.88456926, 96.45908639,  99.9
  5,  36, 28.88209096, 96.46056803,  99.9
  6,  36, 28.87957892, 96.46206977,  99.9
  7,  36, 28.87703269, 96.46359187,  99.9
  8,  36, 28.87445179, 96.46513460,  99.9
  9,  36, 28.87183575, 96.46669825,  99.9
 10,  36, 28.86918411, 96.46828309,  99.9
 11,  36, 28.86649636, 96.46988941,  99.9
 12,  36, 28.86377202, 96.47151751,  99.9
 13,  36, 28.86101059, 96.47316768,  99.9
 14,  36, 28.85821157, 96.47484020,  99.9
 15,  36, 28.85537444, 96.47653540,  99.9
 16,  36, 28.85249868, 96.47825357,  99.9
 17,  36, 28.84958378, 96.47999502,  99.9
 18,  36, 28.84662918, 96.48176006,  99.9
 19,  36, 28.84363437, 96.48354902,  99.9
 20,  36, 28.84059877, 96.48536222,  99.9
 21,  36, 28.83752185, 96.48719998,  99.9
 22,  36, 28.83440304, 96.48906264,  99.9
 23,  36, 28.83124176, 96.49095054,  99.9
 24,  36, 28.82803744, 96.49286400,  99.9
 25,  36, 28.82478949, 96.49480338,  99.9
 26,  36, 28.82149732, 96.49676902,  99.9
 27,  36, 28.81816032, 96.49876129,  99.9
 28,  36, 28.81477789, 96.50078053,  99.9
 29,  36, 28.81134940, 96.50282712,  99.9
 30,  36, 28.80787423, 96.50490142,  99.9
 31,  36, 28.80435174, 96.50700380,  99.9
 32,  36, 28.80078129, 96.50913465,  99.9
 33,  36, 28.79716222, 96.51129434,  99.9
 34,  36, 28.79349387, 96.51348327,  99.9
 35,  36, 28.78977558, 96.51570183,  99.9
 36,  36, 28.78600664, 96.51795041,  99.9
 37,  36, 28.78218639, 96.52022942,  99.9
 38,  36, 28.77831412, 96.52253928,  99.9
 39,  36, 28.77438911, 96.52488039,  99.9
 40,  36, 28.77041066, 96.52725318,  99.9
 41,  36, 28.76637803, 96.52965807,  99.9
 42,  36, 28.76229048, 96.53209550,  99.9
 43,  36, 28.75814727, 96.53456589,  99.9
 44,  36, 28.75394764, 96.53706971,  99.9
 45,  36, 28.74969082, 96.53960739,  99.9
 46,  36, 28.74537602, 96.54217939,  99.9
 47,  36, 28.74100247, 96.54478617,  99.9
 48,  36, 28.73656935, 96.54742820,  99.9
 49,  36, 28.73207586, 96.55010596,  99.9
 50,  36, 28.72752117, 96.55281992,  99.9
 51,  36, 28.72290445, 96.55557056,  99.9
 52,  36, 28.71822485, 96.55835839,  99.9
 53,  36, 28.71348152, 96.56118390,   4.5
 54,  36, 28.70867358, 96.56404760,   4.5
 55,  36, 28.70380016, 96.56695000,   4.5
 56,  36, 28.69886037, 96.56989161,   4.6
 57,  36, 28.69385329, 96.57287297,   4.6
 58,  36, 28.68877802, 96.57589461,   4.6
 59,  36, 28.68363361, 96.57895707,   4.6
 60,  36, 28.67841914, 96.58206090,   4.7
 61,  36, 28.67313364, 96.58520664,   4.7
 62,  36, 28.66777614, 96.58839487,   4.7
 63,  36, 28.66234567, 96.59162615,   4.7
 64,  36, 28.65684122, 96.59490106,   4.7
 65,  36, 28.65126180, 96.59822019,   4.7
 66,  36, 28.64560637, 96.60158412,   4.7
 67,  36, 28.63987390, 96.60499345,   4.7
 68,  36, 28.63406334, 96.60844880,   4.8
 69,  36, 28.62817363, 96.61195078,   4.8
 70,  36, 28.62220368, 96.61550002,   4.8
 71,  36, 28.61615240, 96.61909713,   4.9
 72,  36, 28.61001868, 96.62274278,  99.9
 73,  36, 28.60380141, 96.62643760,  99.9
 74,  36, 28.59749943, 96.63018226,  99.9
 75,  36, 28.59111159, 96.63397741,  99.9
 76,  36, 28.58463672, 96.63782374,   5.1
 77,  36, 28.57807363, 96.64172192,   5.1
 78,  36, 28.57142113, 96.64567266,  99.9
 79,  36, 28.56467799, 96.64967665,  99.9
 80,  36, 28.55784297, 96.65373460,  99.9
 81,  36, 28.55091482, 96.65784724,  99.9
 82,  36, 28.54389227, 96.66201528,  99.9
 83,  36, 28.53677403, 96.66623949,  99.9
 84,  36, 28.52955880, 96.67052059,  99.9
 85,  36, 28.52224525, 96.67485935,  99.9
 86,  36, 28.51483204, 96.67925654,  99.9
 87,  36, 28.50731781, 96.68371294,  99.9
 88,  36, 28.49970119, 96.68822934,  99.9
 89,  36, 28.49198077, 96.69280653,  99.9
 90,  36, 28.48415514, 96.69744533,  99.9
 91,  36, 28.47622286, 96.70214655,  99.9
 92,  36, 28.46818248, 96.70691102,  99.9
 93,  36, 28.46003252, 96.71173959,  99.9
 94,  36, 28.45177149, 96.71663312,  99.9
 95,  36, 28.44339787, 96.72159245,  99.9
 96,  36, 28.43491012, 96.72661848,  99.9
 97,  36, 28.42630668, 96.73171207,  99.9
 98,  36, 28.41758598, 96.73687414,  99.9
 99,  36, 28.40874642, 96.74210559,   3.4
100,  36, 28.39978637, 96.74740734,   3.4
101,  36, 28.39070418, 96.75278032,   3.2
102,  36, 28.38149820, 96.75822548,   3.2
103,  36, 28.37216672, 96.76374378,   3.2
104,  36, 28.36270804, 96.76933619,   3.2
105,  36, 28.35312042, 96.77500368,   3.2
106,  36, 28.34340209, 96.78074725,   3.2
107,  36, 28.33355128, 96.78656792,   3.2
108,  36, 28.32356617, 96.79246669,  99.9
109,  36, 28.31344494, 96.79844461,  99.9
110,  36, 28.30318571, 96.80450272,  99.9
111,  36, 28.29278660, 96.81064208,  99.9
112,  36, 28.28224571, 96.81686376,  99.9
113,  36, 28.27156110, 96.82316886,  99.9
114,  36, 28.26073081, 96.82955847,  99.9
115,  36, 28.24975283, 96.83603371,  99.9
116,  36, 28.23862517, 96.84259571,  99.9
117,  36, 28.22734576, 96.84924561,  99.9
118,  36, 28.21591255, 96.85598457,  99.9
119,  36, 28.20432342, 96.86281378,  99.9
120,  36, 28.19257624, 96.86973440,  99.9
121,  36, 28.18066887, 96.87674766,   2.9
122,  36, 28.16859910, 96.88385477,   2.9
123,  36, 28.15636472, 96.89105696,   2.9
124,  36, 28.14396347, 96.89835548,   3.0
125,  36, 28.13139309, 96.90575160,   3.0
126,  36, 28.11865125, 96.91324661,   3.0
127,  36, 28.10573561, 96.92084179,   3.1
128,  36, 28.09264380, 96.92853847,   3.2
129,  36, 28.07937340, 96.93633798,   3.3
130,  36, 28.06592199, 96.94424166,   3.3
131,  36, 28.05228707, 96.95225089,   3.2
132,  36, 28.03846615, 96.96036704,   3.2
133,  36, 28.02445667, 96.96859151,   3.1
134,  36, 28.01025607, 96.97692572,   3.1
135,  36, 27.99586173, 96.98537111,   3.0
136,  36, 27.98127099, 96.99392913,   3.0
137,  36, 27.96648118, 97.00260126,   3.0
138,  36, 27.95148956, 97.01138897,   3.0
139,  36, 27.93629339, 97.02029379,   3.1
140,  36, 27.92088985, 97.02931723,   3.2
141,  36, 27.90527612, 97.03846085,   3.3
142,  36, 27.88944932, 97.04772621,   3.3
143,  36, 27.87340654, 97.05711489,   3.3
144,  36, 27.85714481, 97.06662851,   3.3
145,  36, 27.84066115, 97.07626868,   3.3
146,  36, 27.82395252, 97.08603705,  99.9
147,  36, 27.80701584, 97.09593530,   3.3
148,  36, 27.78984798, 97.10596509,   3.3
149,  36, 27.77244579, 97.11612814,  99.9
150,  36, 27.75480606, 97.12642619,  99.9
151,  36, 27.73692554, 97.13686097,  99.9
152,  36, 27.71880093, 97.14743425,  99.9
153,  36, 27.70042888, 97.15814784,   3.6
154,  36, 27.68180602, 97.16900355,   3.5
155,  36, 27.66292891, 97.18000320,   3.5
156,  36, 27.64379407, 97.19114867,   3.5
157,  36, 27.62439797, 97.20244183,   3.5
158,  36, 27.60473703, 97.21388460,  99.9
159,  36, 27.58480763, 97.22547888,  99.9
160,  36, 27.56460609, 97.23722665,  99.9
161,  36, 27.54412869, 97.24912987,  99.9
162,  36, 27.52337164, 97.26119055,  99.9
163,  36, 27.50233112, 97.27341070,  99.9
164,  36, 27.48100324, 97.28579237,  99.9
165,  36, 27.45938407, 97.29833765,  99.9
166,  36, 27.43746962, 97.31104861,  99.9
167,  36, 27.41525584, 97.32392740,  99.9
168,  36, 27.39273864, 97.33697616,  99.9
169,  36, 27.36991385, 97.35019705,  99.9
170,  36, 27.34677726, 97.36359229,   2.4
171,  36, 27.32332460, 97.37716409,   2.3
172,  36, 27.29955154, 97.39091471,   2.3
173,  36, 27.27545369, 97.40484644,   2.3
174,  36, 27.25102660, 97.41896157,   2.3
175,  36, 27.22626575, 97.43326244,   2.3
176,  36, 27.20116657, 97.44775142,  99.9
177,  36, 27.17572443, 97.46243089,  99.9
178,  36, 27.14993462, 97.47730327,  99.9
179,  36, 27.12379238, 97.49237101,  99.9
180,  36, 27.09729288, 97.50763659,  99.9
181,  36, 27.07043121, 97.52310250,  99.9
182,  36, 27.04320242, 97.53877129,  99.9
183,  36, 27.01560147, 97.55464551,  99.9
184,  36, 26.98762326, 97.57072776,  99.9
185,  36, 26.95926262, 97.58702066,  99.9
186,  36, 26.93051430, 97.60352687,  99.9
187,  36, 26.90137298, 97.62024907,  99.9
188,  36, 26.87183329, 97.63718997,  99.9
189,  36, 26.84188974, 97.65435232,  99.9
190,  36, 26.81153682, 97.67173891,  99.9
191,  36, 26.78076889, 97.68935254,  99.9
  1,  37, 28.89057824, 96.45206420,  99.9
  2,  37, 28.88818177, 96.45345055,  99.9
  3,  37, 28.88575269, 96.45485570,  99.9
  4,  37, 28.88329054, 96.45627990,  99.9
  5,  37, 28.88079487, 96.45772342,  99.9
  6,  37, 28.87826523, 96.45918650,  99.9
  7,  37, 28.87570115, 96.46066942,  99.9
  8,  37, 28.87310216, 96.46217244,  99.9
  9,  37, 28.87046780, 96.46369584,  99.9
 10,  37, 28.86779757, 96.46523989,  99.9
 11,  37, 28.86509099, 96.46680486,  99.9
 12,  37, 28.86234757, 96.46839105,  99.9
 13,  37, 28.85956680, 96.46999874,  99.9
 14,  37, 28.85674817, 96.47162821,  99.9
 15,  37, 28.85389117, 96.47327977,  99.9
 16,  37, 28.85099527, 96.47495370,  99.9
 17,  37, 28.84805995, 96.47665032,  99.9
 18,  37, 28.84508466, 96.47836993,  99.9
 19,  37, 28.84206887, 96.48011284,  99.9
 20,  37, 28.83901202, 96.48187936,  99.9
 21,  37, 28.83591356, 96.48366981,  99.9
 22,  37, 28.83277291, 96.48548451,  99.9
 23,  37, 28.82958950, 96.48732380,  99.9
 24,  37, 28.82636274, 96.48918800,  99.9
 25,  37, 28.82309206, 96.49107744,  99.9
 26,  37, 28.81977685, 96.49299248,  99.9
 27,  37, 28.81641649, 96.49493345,  99.9
 28,  37, 28.81301039, 96.49690071,  99.9
 29,  37, 28.80955791, 96.49889460,  99.9
 30,  37, 28.80605842, 96.50091549,  99.9
 31,  37, 28.80251129, 96.50296374,  99.9
 32,  37, 28.79891586, 96.50503972,  99.9
 33,  37, 28.79527147, 96.50714380,  99.9
 34,  37, 28.79157746, 96.50927636,  99.9
 35,  37, 28.78783315, 96.51143778,  99.9
 36,  37, 28.78403786, 96.51362846,  99.9
 37,  37, 28.78019089, 96.51584879,  99.9
 38,  37, 28.77629154, 96.51809916,  99.9
 39,  37, 28.77233909, 96.52037998,  99.9
 40,  37, 28.76833282, 96.52269166,  99.9
 41,  37, 28.76427199, 96.52503462,  99.9
 42,  37, 28.76015587, 96.52740927,  99.9
 43,  37, 28.75598370, 96.52981605,  99.9
 44,  37, 28.75175472, 96.53225537,  99.9
 45,  37, 28.74746814, 96.53472769,  99.9
 46,  37, 28.74312319, 96.53723345,  99.9
 47,  37, 28.73871908, 96.53977309,  99.9
 48,  37, 28.73425499, 96.54234707,  99.9
 49,  37, 28.72973010, 96.54495585,  99.9
 50,  37, 28.72514359, 96.54759990,  99.9
 51,  37, 28.72049462, 96.55027969,  99.9
 52,  37, 28.71578234, 96.55299571,  99.9
 53,  37, 28.71100589, 96.55574843,  99.9
 54,  37, 28.70616438, 96.55853836,   4.5
 55,  37, 28.70125693, 96.56136598,   4.5
 56,  37, 28.69628265, 96.56423182,   4.6
 57,  37, 28.69124062, 96.56713637,   4.6
 58,  37, 28.68612992, 96.57008016,   4.6
 59,  37, 28.68094961, 96.57306372,   4.6
 60,  37, 28.67569875, 96.57608758,   4.7
 61,  37, 28.67037637, 96.57915227,   4.7
 62,  37, 28.66498149, 96.58225835,   4.7
 63,  37, 28.65951313, 96.58540637,   4.7
 64,  37, 28.65397029, 96.58859690,   4.7
 65,  37, 28.64835195, 96.59183050,   4.7
 66,  37, 28.64265709, 96.59510774,   4.7
 67,  37, 28.63688465, 96.59842922,   4.7
 68,  37, 28.63103358, 96.60179552,   4.7
 69,  37, 28.62510281, 96.60520725,   4.8
 70,  37, 28.61909125, 96.60866502,   4.8
 71,  37, 28.61299780, 96.61216943,   4.9
 72,  37, 28.60682134, 96.61572112,   4.9
 73,  37, 28.60056074, 96.61932071,  99.9
 74,  37, 28.59421486, 96.62296884,  99.9
 75,  37, 28.58778252, 96.62666618,  99.9
 76,  37, 28.58126256, 96.63041336,  99.9
 77,  37, 28.57465377, 96.63421106,   5.1
 78,  37, 28.56795494, 96.63805996,  99.9
 79,  37, 28.56116486, 96.64196073,  99.9
 80,  37, 28.55428226, 96.64591407,  99.9
 81,  37, 28.54730589, 96.64992068,  99.9
 82,  37, 28.54023447, 96.65398127,  99.9
 83,  37, 28.53306671, 96.65809656,  99.9
 84,  37, 28.52580128, 96.66226728,  99.9
 85,  37, 28.51843686, 96.66649417,  99.9
 86,  37, 28.51097210, 96.67077799,  99.9
 87,  37, 28.50340562, 96.67511947,  99.9
 88,  37, 28.49573604, 96.67951941,  99.9
 89,  37, 28.48796195, 96.68397856,  99.9
 90,  37, 28.48008193, 96.68849773,  99.9
 91,  37, 28.47209453, 96.69307771,  99.9
 92,  37, 28.46399829, 96.69771930,  99.9
 93,  37, 28.45579171, 96.70242334,  99.9
 94,  37, 28.44747330, 96.70719065,  99.9
 95,  37, 28.43904153, 96.71202206,  99.9
 96,  37, 28.43049485, 96.71691844,  99.9
 97,  37, 28.42183169, 96.72188064,  99.9
 98,  37, 28.41305047, 96.72690955,  99.9
 99,  37, 28.40414956, 96.73200603,   3.4
100,  37, 28.39512734, 96.73717100,   3.3
101,  37, 28.38598216, 96.74240537,   3.2
102,  37, 28.37671233, 96.74771004,   3.1
103,  37, 28.36731614, 96.75308595,   3.1
104,  37, 28.35779189, 96.75853405,   3.1
105,  37, 28.34813781, 96.76405530,   3.1
106,  37, 28.33835214, 96.76965066,   3.1
107,  37, 28.32843308, 96.77532111,   3.1
108,  37, 28.31837880, 96.78106764,   3.1
109,  37, 28.30818746, 96.78689128,   3.1
110,  37, 28.29785720, 96.79279302,   3.1
111,  37, 28.28738610, 96.79877391,   3.1
112,  37, 28.27677226, 96.80483500,  99.9
113,  37, 28.26601371, 96.81097733,  99.9
114,  37, 28.25510849, 96.81720199,  99.9
115,  37, 28.24405459, 96.82351006,  99.9
116,  37, 28.23284997, 96.82990264,  99.9
117,  37, 28.22149259, 96.83638084,  99.9
118,  37, 28.20998035, 96.84294580,  99.9
119,  37, 28.19831114, 96.84959866,   2.8
120,  37, 28.18648281, 96.85634057,   2.8
121,  37, 28.17449319, 96.86317271,   2.8
122,  37, 28.16234008, 96.87009627,   2.9
123,  37, 28.15002124, 96.87711244,   2.9
124,  37, 28.13753441, 96.88422244,   2.9
125,  37, 28.12487729, 96.89142752,   2.9
126,  37, 28.11204756, 96.89872891,   2.9
127,  37, 28.09904285, 96.90612788,   3.1
128,  37, 28.08586078, 96.91362571,   3.2
129,  37, 28.07249892, 96.92122371,   3.2
130,  37, 28.05895481, 96.92892317,   3.3
131,  37, 28.04522597, 96.93672544,   3.3
132,  37, 28.03130987, 96.94463185,   3.2
133,  37, 28.01720394, 96.95264377,   3.2
134,  37, 28.00290560, 96.96076259,   3.1
135,  37, 27.98841221, 96.96898969,   3.1
136,  37, 27.97372111, 96.97732650,   3.0
137,  37, 27.95882959, 96.98577445,   3.0
138,  37, 27.94373492, 96.99433499,   3.0
139,  37, 27.92843431, 97.00300958,   3.0
140,  37, 27.91292495, 97.01179972,   3.2
141,  37, 27.89720398, 97.02070691,   3.3
142,  37, 27.88126852, 97.02973268,   3.4
143,  37, 27.86511562, 97.03887857,   3.3
144,  37, 27.84874232, 97.04814613,   3.3
145,  37, 27.83214560, 97.05753697,   3.3
146,  37, 27.81532240, 97.06705267,   3.5
147,  37, 27.79826962, 97.07669486,   3.5
148,  37, 27.78098413, 97.08646518,   3.5
149,  37, 27.76346275, 97.09636529,   3.5
150,  37, 27.74570223, 97.10639688,   3.5
151,  37, 27.72769932, 97.11656165,   3.5
152,  37, 27.70945069, 97.12686132,   3.5
153,  37, 27.69095299, 97.13729764,   3.5
154,  37, 27.67220280, 97.14787237,   3.5
155,  37, 27.65319668, 97.15858731,   3.5
156,  37, 27.63393111, 97.16944426,   3.5
157,  37, 27.61440255, 97.18044505,   3.4
158,  37, 27.59460739, 97.19159155,   3.4
159,  37, 27.57454200, 97.20288563,   3.4
160,  37, 27.55420266, 97.21432918,   3.4
161,  37, 27.53358564, 97.22592413,   3.4
162,  37, 27.51268712, 97.23767244,   3.4
163,  37, 27.49150326, 97.24957606,   3.4
164,  37, 27.47003014, 97.26163699,   3.4
165,  37, 27.44826382, 97.27385726,   3.4
166,  37, 27.42620027, 97.28623889,   3.4
167,  37, 27.40383542, 97.29878397,   3.4
168,  37, 27.38116515, 97.31149457,   3.5
169,  37, 27.35818527, 97.32437283,   3.5
170,  37, 27.33489155, 97.33742087,   2.1
171,  37, 27.31127968, 97.35064087,  99.9
172,  37, 27.28734532, 97.36403502,  99.9
173,  37, 27.26308404, 97.37760554,   2.3
174,  37, 27.23849136, 97.39135467,   2.3
175,  37, 27.21356275, 97.40528469,   2.3
176,  37, 27.18829360, 97.41939790,   2.2
177,  37, 27.16267925, 97.43369663,   2.2
178,  37, 27.13671497, 97.44818322,   2.2
179,  37, 27.11039596, 97.46286006,  99.9
180,  37, 27.08371737, 97.47772956,   2.2
181,  37, 27.05667426, 97.49279416,  99.9
182,  37, 27.02926165, 97.50805632,  99.9
183,  37, 27.00147447, 97.52351854,  99.9
184,  37, 26.97330758, 97.53918334,   2.0
185,  37, 26.94475579, 97.55505328,  99.9
186,  37, 26.91581381, 97.57113094,  99.9
187,  37, 26.88647631, 97.58741893,  99.9
188,  37, 26.85673785, 97.60391990,  99.9
189,  37, 26.82659295, 97.62063651,  99.9
190,  37, 26.79603604, 97.63757148,  99.9
191,  37, 26.76506146, 97.65472754,  99.9
  1,  38, 28.88938235, 96.44935055,  99.9
  2,  38, 28.88696964, 96.45070002,  99.9
  3,  38, 28.88452409, 96.45206780,  99.9
  4,  38, 28.88204525, 96.45345411,  99.9
  5,  38, 28.87953267, 96.45485923,  99.9
  6,  38, 28.87698589, 96.45628339,  99.9
  7,  38, 28.87440443, 96.45772687,  99.9
  8,  38, 28.87178783, 96.45918991,  99.9
  9,  38, 28.86913562, 96.46067278,  99.9
 10,  38, 28.86644730, 96.46217575,  99.9
 11,  38, 28.86372238, 96.46369910,  99.9
 12,  38, 28.86096037, 96.46524309,  99.9
 13,  38, 28.85816076, 96.46680801,  99.9
 14,  38, 28.85532304, 96.46839414,  99.9
 15,  38, 28.85244668, 96.47000176,  99.9
 16,  38, 28.84953117, 96.47163116,  99.9
 17,  38, 28.84657597, 96.47328264,  99.9
 18,  38, 28.84358054, 96.47495650,  99.9
 19,  38, 28.84054432, 96.47665304,  99.9
 20,  38, 28.83746677, 96.47837256,  99.9
 21,  38, 28.83434733, 96.48011537,  99.9
 22,  38, 28.83118541, 96.48188180,  99.9
 23,  38, 28.82798045, 96.48367215,  99.9
 24,  38, 28.82473185, 96.48548675,  99.9
 25,  38, 28.82143903, 96.48732592,  99.9
 26,  38, 28.81810137, 96.48919001,  99.9
 27,  38, 28.81471828, 96.49107933,  99.9
 28,  38, 28.81128912, 96.49299424,  99.9
 29,  38, 28.80781328, 96.49493508,  99.9
 30,  38, 28.80429011, 96.49690219,  99.9
 31,  38, 28.80071897, 96.49889594,  99.9
 32,  38, 28.79709921, 96.50091668,  99.9
 33,  38, 28.79343017, 96.50296477,  99.9
 34,  38, 28.78971117, 96.50504058,  99.9
 35,  38, 28.78594154, 96.50714449,  99.9
 36,  38, 28.78212057, 96.50927687,  99.9
 37,  38, 28.77824758, 96.51143811,  99.9
 38,  38, 28.77432186, 96.51362859,  99.9
 39,  38, 28.77034268, 96.51584871,  99.9
 40,  38, 28.76630933, 96.51809887,  99.9
 41,  38, 28.76222105, 96.52037947,  99.9
 42,  38, 28.75807710, 96.52269093,  99.9
 43,  38, 28.75387673, 96.52503364,  99.9
 44,  38, 28.74961915, 96.52740805,  99.9
 45,  38, 28.74530361, 96.52981457,  99.9
 46,  38, 28.74092930, 96.53225363,  99.9
 47,  38, 28.73649542, 96.53472567,  99.9
 48,  38, 28.73200117, 96.53723113,  99.9
 49,  38, 28.72744571, 96.53977047,  99.9
 50,  38, 28.72282822, 96.54234414,  99.9
 51,  38, 28.71814785, 96.54495260,  99.9
 52,  38, 28.71340374, 96.54759632,  99.9
 53,  38, 28.70859502, 96.55027576,  99.9
 54,  38, 28.70372082, 96.55299142,  99.9
 55,  38, 28.69878024, 96.55574377,   4.6
 56,  38, 28.69377237, 96.55853331,   4.6
 57,  38, 28.68869631, 96.56136053,   4.6
 58,  38, 28.68355111, 96.56422595,   4.6
 59,  38, 28.67833584, 96.56713007,   4.6
 60,  38, 28.67304954, 96.57007342,  99.9
 61,  38, 28.66769124, 96.57305652,  99.9
 62,  38, 28.66225996, 96.57607989,   4.7
 63,  38, 28.65675472, 96.57914409,   4.7
 64,  38, 28.65117449, 96.58224966,   4.7
 65,  38, 28.64551825, 96.58539716,   4.7
 66,  38, 28.63978498, 96.58858713,   4.7
 67,  38, 28.63397362, 96.59182016,   4.7
 68,  38, 28.62808310, 96.59509682,   4.7
 69,  38, 28.62211234, 96.59841769,   4.7
 70,  38, 28.61606026, 96.60178337,   4.8
 71,  38, 28.60992574, 96.60519445,   4.8
 72,  38, 28.60370766, 96.60865155,   4.9
 73,  38, 28.59740488, 96.61215527,   4.9
 74,  38, 28.59101624, 96.61570624,  99.9
 75,  38, 28.58454057, 96.61930509,  99.9
 76,  38, 28.57797670, 96.62295247,   5.0
 77,  38, 28.57132340, 96.62664901,   5.1
 78,  38, 28.56457947, 96.63039538,  99.9
 79,  38, 28.55774367, 96.63419224,  99.9
 80,  38, 28.55081474, 96.63804026,  99.9
 81,  38, 28.54379141, 96.64194014,  99.9
 82,  38, 28.53667241, 96.64589255,  99.9
 83,  38, 28.52945641, 96.64989820,  99.9
 84,  38, 28.52214211, 96.65395781,  99.9
 85,  38, 28.51472815, 96.65807208,  99.9
 86,  38, 28.50721318, 96.66224175,  99.9
 87,  38, 28.49959582, 96.66646756,  99.9
 88,  38, 28.49187468, 96.67075025,  99.9
 89,  38, 28.48404833, 96.67509058,  99.9
 90,  38, 28.47611534, 96.67948932,  99.9
 91,  38, 28.46807427, 96.68394725,  99.9
 92,  38, 28.45992362, 96.68846515,  99.9
 93,  38, 28.45166192, 96.69304382,  99.9
 94,  38, 28.44328763, 96.69768406,  99.9
 95,  38, 28.43479924, 96.70238671,  99.9
 96,  38, 28.42619517, 96.70715258,  99.9
 97,  38, 28.41747385, 96.71198252,  99.9
 98,  38, 28.40863369, 96.71687737,  99.9
 99,  38, 28.39967305, 96.72183800,   3.4
100,  38, 28.39059030, 96.72686528,   3.3
101,  38, 28.38138376, 96.73196010,   3.2
102,  38, 28.37205176, 96.73712335,   3.1
103,  38, 28.36259256, 96.74235594,   2.9
104,  38, 28.35300445, 96.74765878,   2.9
105,  38, 28.34328566, 96.75303281,   2.9
106,  38, 28.33343441, 96.75847897,   2.9
107,  38, 28.32344889, 96.76399821,   3.0
108,  38, 28.31332726, 96.76959151,   3.0
109,  38, 28.30306766, 96.77525983,   3.0
110,  38, 28.29266822, 96.78100418,   3.0
111,  38, 28.28212703, 96.78682556,   3.0
112,  38, 28.27144214, 96.79272498,   3.0
113,  38, 28.26061160, 96.79870349,  99.9
114,  38, 28.24963342, 96.80476211,  99.9
115,  38, 28.23850558, 96.81090190,  99.9
116,  38, 28.22722603, 96.81712395,   2.8
117,  38, 28.21579272, 96.82342933,   2.7
118,  38, 28.20420353, 96.82981914,   2.7
119,  38, 28.19245633, 96.83629449,   2.7
120,  38, 28.18054898, 96.84285652,   2.8
121,  38, 28.16847928, 96.84950635,   2.8
122,  38, 28.15624501, 96.85624515,   2.8
123,  38, 28.14384393, 96.86307409,   2.8
124,  38, 28.13127376, 96.86999434,   2.8
125,  38, 28.11853218, 96.87700712,   2.8
126,  38, 28.10561686, 96.88411363,   2.9
127,  38, 28.09252542, 96.89131511,   3.0
128,  38, 28.07925546, 96.89861280,   3.1
129,  38, 28.06580454, 96.90600796,   3.1
130,  38, 28.05217018, 96.91350188,   3.1
131,  38, 28.03834988, 96.92109584,   3.0
132,  38, 28.02434109, 96.92879115,  99.9
133,  38, 28.01014125, 96.93658915,   3.1
134,  38, 27.99574773, 96.94449117,  99.9
135,  38, 27.98115790, 96.95249857,  99.9
136,  38, 27.96636907, 96.96061274,  99.9
137,  38, 27.95137852, 96.96883506,   3.3
138,  38, 27.93618349, 96.97716695,   3.7
139,  38, 27.92078119, 96.98560984,   3.7
140,  38, 27.90516879, 96.99416517,   3.6
141,  38, 27.88934340, 97.00283440,   3.5
142,  38, 27.87330213, 97.01161903,   3.5
143,  38, 27.85704201, 97.02052056,   3.5
144,  38, 27.84056007, 97.02954050,   3.5
145,  38, 27.82385325, 97.03868039,   3.5
146,  38, 27.80691850, 97.04794180,   3.5
147,  38, 27.78975268, 97.05732630,   3.5
148,  38, 27.77235265, 97.06683548,   3.5
149,  38, 27.75471520, 97.07647097,   3.5
150,  38, 27.73683707, 97.08623441,   3.5
151,  38, 27.71871499, 97.09612744,   3.5
152,  38, 27.70034561, 97.10615174,   3.4
153,  38, 27.68172556, 97.11630902,   3.4
154,  38, 27.66285139, 97.12660099,   3.4
155,  38, 27.64371964, 97.13702940,   3.4
156,  38, 27.62432678, 97.14759600,   3.4
157,  38, 27.60466924, 97.15830257,   3.4
158,  38, 27.58474340, 97.16915093,   3.4
159,  38, 27.56454559, 97.18014289,   3.4
160,  38, 27.54407209, 97.19128031,   3.4
161,  38, 27.52331911, 97.20256505,   3.4
162,  38, 27.50228285, 97.21399901,   3.4
163,  38, 27.48095942, 97.22558411,   3.4
164,  38, 27.45934489, 97.23732229,   3.4
165,  38, 27.43743528, 97.24921550,   3.4
166,  38, 27.41522655, 97.26126573,   3.4
167,  38, 27.39271461, 97.27347500,   3.4
168,  38, 27.36989530, 97.28584535,   3.4
169,  38, 27.34676442, 97.29837882,   3.4
170,  38, 27.32331770, 97.31107750,   3.4
171,  38, 27.29955082, 97.32394350,   3.4
172,  38, 27.27545940, 97.33697896,   3.4
173,  38, 27.25103899, 97.35018602,   3.5
174,  38, 27.22628509, 97.36356689,   3.5
175,  38, 27.20119314, 97.37712376,  99.9
176,  38, 27.17575849, 97.39085888,   2.2
177,  38, 27.14997647, 97.40477450,   2.2
178,  38, 27.12384231, 97.41887292,   2.2
179,  38, 27.09735120, 97.43315645,   2.2
180,  38, 27.07049823, 97.44762744,   2.2
181,  38, 27.04327847, 97.46228826,  99.9
182,  38, 27.01568688, 97.47714130,  99.9
183,  38, 26.98771837, 97.49218899,  99.9
184,  38, 26.95936778, 97.50743379,   2.1
185,  38, 26.93062988, 97.52287819,   2.1
186,  38, 26.90149935, 97.53852468,  99.9
187,  38, 26.87197083, 97.55437582,  99.9
188,  38, 26.84203886, 97.57043418,  99.9
189,  38, 26.81169792, 97.58670235,  99.9
190,  38, 26.78094239, 97.60318297,  99.9
191,  38, 26.74976660, 97.61987869,  99.9
  1,  39, 28.88821880, 96.44661884,  99.9
  2,  39, 28.88579028, 96.44793119,  99.9
  3,  39, 28.88332872, 96.44926134,  99.9
  4,  39, 28.88083364, 96.45060953,  99.9
  5,  39, 28.87830460, 96.45197599,  99.9
  6,  39, 28.87574113, 96.45336098,  99.9
  7,  39, 28.87314277, 96.45476475,  99.9
  8,  39, 28.87050904, 96.45618754,  99.9
  9,  39, 28.86783946, 96.45762962,  99.9
 10,  39, 28.86513353, 96.45909125,  99.9
 11,  39, 28.86239078, 96.46057269,  99.9
 12,  39, 28.85961068, 96.46207421,  99.9
 13,  39, 28.85679274, 96.46359608,  99.9
 14,  39, 28.85393644, 96.46513857,  99.9
 15,  39, 28.85104126, 96.46670196,  99.9
 16,  39, 28.84810666, 96.46828654,  99.9
 17,  39, 28.84513212, 96.46989259,  99.9
 18,  39, 28.84211708, 96.47152039,  99.9
 19,  39, 28.83906099, 96.47317026,  99.9
 20,  39, 28.83596331, 96.47484247,  99.9
 21,  39, 28.83282345, 96.47653733,  99.9
 22,  39, 28.82964084, 96.47825516,  99.9
 23,  39, 28.82641491, 96.47999625,  99.9
 24,  39, 28.82314506, 96.48176092,  99.9
 25,  39, 28.81983069, 96.48354949,  99.9
 26,  39, 28.81647121, 96.48536229,  99.9
 27,  39, 28.81306598, 96.48719963,  99.9
 28,  39, 28.80961440, 96.48906185,  99.9
 29,  39, 28.80611582, 96.49094928,  99.9
 30,  39, 28.80256961, 96.49286227,  99.9
 31,  39, 28.79897512, 96.49480116,  99.9
 32,  39, 28.79533170, 96.49676629,  99.9
 33,  39, 28.79163866, 96.49875802,  99.9
 34,  39, 28.78789535, 96.50077671,  99.9
 35,  39, 28.78410107, 96.50282272,  99.9
 36,  39, 28.78025513, 96.50489642,  99.9
 37,  39, 28.77635683, 96.50699818,  99.9
 38,  39, 28.77240545, 96.50912839,  99.9
 39,  39, 28.76840027, 96.51128741,  99.9
 40,  39, 28.76434056, 96.51347564,  99.9
 41,  39, 28.76022556, 96.51569348,  99.9
 42,  39, 28.75605454, 96.51794132,  99.9
 43,  39, 28.75182673, 96.52021956,  99.9
 44,  39, 28.74754135, 96.52252861,  99.9
 45,  39, 28.74319761, 96.52486889,  99.9
 46,  39, 28.73879473, 96.52724082,  99.9
 47,  39, 28.73433190, 96.52964482,  99.9
 48,  39, 28.72980830, 96.53208133,  99.9
 49,  39, 28.72522310, 96.53455077,  99.9
 50,  39, 28.72057546, 96.53705360,  99.9
 51,  39, 28.71586454, 96.53959025,  99.9
 52,  39, 28.71108946, 96.54216120,  99.9
 53,  39, 28.70624936, 96.54476688,  99.9
 54,  39, 28.70134335, 96.54740778,  99.9
 55,  39, 28.69637053, 96.55008436,  99.9
 56,  39, 28.69132999, 96.55279711,  99.9
 57,  39, 28.68622081, 96.55554650,  99.9
 58,  39, 28.68104204, 96.55833303,  99.9
 59,  39, 28.67579276, 96.56115720,  99.9
 60,  39, 28.67047198, 96.56401951,  99.9
 61,  39, 28.66507874, 96.56692048,  99.9
 62,  39, 28.65961205, 96.56986061,   4.6
 63,  39, 28.65407091, 96.57284045,   4.6
 64,  39, 28.64845430, 96.57586051,   4.7
 65,  39, 28.64276120, 96.57892133,   4.7
 66,  39, 28.63699056, 96.58202347,   4.7
 67,  39, 28.63114133, 96.58516748,   4.7
 68,  39, 28.62521243, 96.58835391,   4.7
 69,  39, 28.61920277, 96.59158333,   4.7
 70,  39, 28.61311126, 96.59485632,   4.8
 71,  39, 28.60693679, 96.59817347,   4.8
 72,  39, 28.60067821, 96.60153535,   4.9
 73,  39, 28.59433439, 96.60494258,   4.9
 74,  39, 28.58790415, 96.60839575,   4.9
 75,  39, 28.58138633, 96.61189549,   5.0
 76,  39, 28.57477973, 96.61544240,   5.0
 77,  39, 28.56808313, 96.61903713,  99.9
 78,  39, 28.56129532, 96.62268031,  99.9
 79,  39, 28.55441504, 96.62637258,  99.9
 80,  39, 28.54744103, 96.63011461,  99.9
 81,  39, 28.54037202, 96.63390706,  99.9
 82,  39, 28.53320672, 96.63775059,  99.9
 83,  39, 28.52594380, 96.64164590,  99.9
 84,  39, 28.51858194, 96.64559366,  99.9
 85,  39, 28.51111978, 96.64959459,  99.9
 86,  39, 28.50355597, 96.65364938,  99.9
 87,  39, 28.49588911, 96.65775876,  99.9
 88,  39, 28.48811779, 96.66192345,  99.9
 89,  39, 28.48024060, 96.66614420,  99.9
 90,  39, 28.47225609, 96.67042173,  99.9
 91,  39, 28.46416279, 96.67475682,  99.9
 92,  39, 28.45595922, 96.67915022,  99.9
 93,  39, 28.44764387, 96.68360272,  99.9
 94,  39, 28.43921523, 96.68811509,  99.9
 95,  39, 28.43067174, 96.69268813,  99.9
 96,  39, 28.42201185, 96.69732266,  99.9
 97,  39, 28.41323395, 96.70201948,  99.9
 98,  39, 28.40433644, 96.70677942,   3.6
 99,  39, 28.39531769, 96.71160332,   3.4
100,  39, 28.38617604, 96.71649203,   3.3
101,  39, 28.37690982, 96.72144641,   3.2
102,  39, 28.36751732, 96.72646733,   3.1
103,  39, 28.35799683, 96.73155566,   2.9
104,  39, 28.34834660, 96.73671232,   2.8
105,  39, 28.33856485, 96.74193819,   2.8
106,  39, 28.32864979, 96.74723420,   2.8
107,  39, 28.31859961, 96.75260127,   2.8
108,  39, 28.30841245, 96.75804034,   2.8
109,  39, 28.29808645, 96.76355237,   2.8
110,  39, 28.28761971, 96.76913832,   2.8
111,  39, 28.27701031, 96.77479917,   2.9
112,  39, 28.26625631, 96.78053590,   2.9
113,  39, 28.25535573, 96.78634952,   2.9
114,  39, 28.24430656, 96.79224105,   3.1
115,  39, 28.23310679, 96.79821150,   3.1
116,  39, 28.22175435, 96.80426193,   2.8
117,  39, 28.21024716, 96.81039338,   2.7
118,  39, 28.19858310, 96.81660693,   2.7
119,  39, 28.18676005, 96.82290366,   2.7
120,  39, 28.17477581, 96.82928465,   2.8
121,  39, 28.16262820, 96.83575103,   2.8
122,  39, 28.15031498, 96.84230390,   2.9
123,  39, 28.13783388, 96.84894442,   2.9
124,  39, 28.12518263, 96.85567372,   2.8
125,  39, 28.11235889, 96.86249299,   2.9
126,  39, 28.09936031, 96.86940339,   3.0
127,  39, 28.08618449, 96.87640613,   3.0
128,  39, 28.07282902, 96.88350242,   3.0
129,  39, 28.05929145, 96.89069347,   3.0
130,  39, 28.04556929, 96.89798055,   3.0
131,  39, 28.03166001, 96.90536489,  99.9
132,  39, 28.01756106, 96.91284778,  99.9
133,  39, 28.00326984, 96.92043050,   3.0
134,  39, 27.98878374, 96.92811437,   3.7
135,  39, 27.97410008, 96.93590069,   3.7
136,  39, 27.95921618, 96.94379082,   3.7
137,  39, 27.94412928, 96.95178611,   3.6
138,  39, 27.92883663, 96.95988792,   3.6
139,  39, 27.91333540, 96.96809765,   3.6
140,  39, 27.89762274, 96.97641670,   3.6
141,  39, 27.88169578, 96.98484651,   3.5
142,  39, 27.86555157, 96.99338850,   3.5
143,  39, 27.84918714, 97.00204414,   3.5
144,  39, 27.83259950, 97.01081491,   3.5
145,  39, 27.81578558, 97.01970231,   3.4
146,  39, 27.79874230, 97.02870784,   3.4
147,  39, 27.78146652, 97.03783305,   3.4
148,  39, 27.76395505, 97.04707949,   3.4
149,  39, 27.74620469, 97.05644872,   3.4
150,  39, 27.72821216, 97.06594233,   3.4
151,  39, 27.70997414, 97.07556195,   3.4
152,  39, 27.69148729, 97.08530919,   3.4
153,  39, 27.67274820, 97.09518572,   3.3
154,  39, 27.65375343, 97.10519319,   3.3
155,  39, 27.63449947, 97.11533330,   3.3
156,  39, 27.61498278, 97.12560777,   3.3
157,  39, 27.59519977, 97.13601832,   3.3
158,  39, 27.57514680, 97.14656671,   3.3
159,  39, 27.55482017, 97.15725471,   3.3
160,  39, 27.53421614, 97.16808412,   3.3
161,  39, 27.51333091, 97.17905675,   3.3
162,  39, 27.49216065, 97.19017446,   3.3
163,  39, 27.47070144, 97.20143909,   3.3
164,  39, 27.44894935, 97.21285254,   3.3
165,  39, 27.42690035, 97.22441672,   3.3
166,  39, 27.40455039, 97.23613354,   3.3
167,  39, 27.38189535, 97.24800498,   3.3
168,  39, 27.35893106, 97.26003300,   3.3
169,  39, 27.33565329, 97.27221960,   3.3
170,  39, 27.31205774, 97.28456681,   3.3
171,  39, 27.28814006, 97.29707668,   3.4
172,  39, 27.26389586, 97.30975129,   3.4
173,  39, 27.23932065, 97.32259272,   3.4
174,  39, 27.21440992, 97.33560311,   3.4
175,  39, 27.18915906, 97.34878459,   3.4
176,  39, 27.16356343, 97.36213935,   3.4
177,  39, 27.13761830, 97.37566959,   3.5
178,  39, 27.11131889, 97.38937752,  99.9
179,  39, 27.08466035, 97.40326540,   2.2
180,  39, 27.05763777, 97.41733550,   2.2
181,  39, 27.03024615, 97.43159013,   2.2
182,  39, 27.00248046, 97.44603163,   2.2
183,  39, 26.97433556, 97.46066234,  99.9
184,  39, 26.94580628, 97.47548466,   2.2
185,  39, 26.91688733, 97.49050099,   2.1
186,  39, 26.88757340, 97.50571379,  99.9
187,  39, 26.85785906, 97.52112551,   2.1
188,  39, 26.82773885, 97.53673865,  99.9
189,  39, 26.79720720, 97.55255575,  99.9
190,  39, 26.76625848, 97.56857935,  99.9
191,  39, 26.73488697, 97.58481205,  99.9
  1,  40, 28.88708779, 96.44386957,  99.9
  2,  40, 28.88464391, 96.44514457,  99.9
  3,  40, 28.88216677, 96.44643686,  99.9
  4,  40, 28.87965591, 96.44774666,  99.9
  5,  40, 28.87711087, 96.44907423,  99.9
  6,  40, 28.87453119, 96.45041979,  99.9
  7,  40, 28.87191640, 96.45178360,  99.9
  8,  40, 28.86926601, 96.45316589,  99.9
  9,  40, 28.86657955, 96.45456692,  99.9
 10,  40, 28.86385651, 96.45598694,  99.9
 11,  40, 28.86109641, 96.45742620,  99.9
 12,  40, 28.85829874, 96.45888498,  99.9
 13,  40, 28.85546299, 96.46036352,  99.9
 14,  40, 28.85258863, 96.46186210,  99.9
 15,  40, 28.84967514, 96.46338098,  99.9
 16,  40, 28.84672200, 96.46492045,  99.9
 17,  40, 28.84372865, 96.46648077,  99.9
 18,  40, 28.84069455, 96.46806223,  99.9
 19,  40, 28.83761915, 96.46966512,  99.9
 20,  40, 28.83450189, 96.47128973,  99.9
 21,  40, 28.83134219, 96.47293634,  99.9
 22,  40, 28.82813948, 96.47460525,  99.9
 23,  40, 28.82489316, 96.47629677,  99.9
 24,  40, 28.82160265, 96.47801120,  99.9
 25,  40, 28.81826735, 96.47974885,  99.9
 26,  40, 28.81488664, 96.48151002,  99.9
 27,  40, 28.81145990, 96.48329505,  99.9
 28,  40, 28.80798652, 96.48510424,  99.9
 29,  40, 28.80446585, 96.48693793,  99.9
 30,  40, 28.80089724, 96.48879645,  99.9
 31,  40, 28.79728005, 96.49068012,  99.9
 32,  40, 28.79361362, 96.49258930,  99.9
 33,  40, 28.78989727, 96.49452431,  99.9
 34,  40, 28.78613033, 96.49648552,  99.9
 35,  40, 28.78231209, 96.49847327,  99.9
 36,  40, 28.77844188, 96.50048791,  99.9
 37,  40, 28.77451897, 96.50252982,  99.9
 38,  40, 28.77054265, 96.50459936,  99.9
 39,  40, 28.76651219, 96.50669690,  99.9
 40,  40, 28.76242686, 96.50882281,  99.9
 41,  40, 28.75828591, 96.51097748,  99.9
 42,  40, 28.75408857, 96.51316130,  99.9
 43,  40, 28.74983408, 96.51537466,  99.9
 44,  40, 28.74552167, 96.51761795,  99.9
 45,  40, 28.74115054, 96.51989158,  99.9
 46,  40, 28.73671989, 96.52219595,  99.9
 47,  40, 28.73222891, 96.52453148,  99.9
 48,  40, 28.72767678, 96.52689858,  99.9
 49,  40, 28.72306267, 96.52929769,  99.9
 50,  40, 28.71838573, 96.53172922,  99.9
 51,  40, 28.71364511, 96.53419362,  99.9
 52,  40, 28.70883994, 96.53669133,  99.9
 53,  40, 28.70396933, 96.53922279,  99.9
 54,  40, 28.69903240, 96.54178846,  99.9
 55,  40, 28.69402824, 96.54438880,  99.9
 56,  40, 28.68895594, 96.54702426,  99.9
 57,  40, 28.68381457, 96.54969533,  99.9
 58,  40, 28.67860318, 96.55240248,  99.9
 59,  40, 28.67332083, 96.55514619,  99.9
 60,  40, 28.66796654, 96.55792695,  99.9
 61,  40, 28.66253934, 96.56074527,  99.9
 62,  40, 28.65703823, 96.56360164,  99.9
 63,  40, 28.65146220, 96.56649657,   4.6
 64,  40, 28.64581024, 96.56943058,   4.6
 65,  40, 28.64008130, 96.57240420,   4.6
 66,  40, 28.63427434, 96.57541795,   4.6
 67,  40, 28.62838829, 96.57847237,   4.6
 68,  40, 28.62242209, 96.58156800,   4.6
 69,  40, 28.61637462, 96.58470540,   4.7
 70,  40, 28.61024479, 96.58788512,   4.7
 71,  40, 28.60403148, 96.59110774,   4.8
 72,  40, 28.59773354, 96.59437382,   4.8
 73,  40, 28.59134982, 96.59768395,   4.9
 74,  40, 28.58487916, 96.60103871,   4.9
 75,  40, 28.57832036, 96.60443870,   5.0
 76,  40, 28.57167223, 96.60788453,   5.0
 77,  40, 28.56493355, 96.61137680,  99.9
 78,  40, 28.55810307, 96.61491614,  99.9
 79,  40, 28.55117956, 96.61850318,  99.9
 80,  40, 28.54416174, 96.62213855,  99.9
 81,  40, 28.53704833, 96.62582289,  99.9
 82,  40, 28.52983802, 96.62955687,  99.9
 83,  40, 28.52252950, 96.63334113,  99.9
 84,  40, 28.51512141, 96.63717636,  99.9
 85,  40, 28.50761241, 96.64106323,  99.9
 86,  40, 28.50000112, 96.64500243,  99.9
 87,  40, 28.49228615, 96.64899466,  99.9
 88,  40, 28.48446607, 96.65304061,  99.9
 89,  40, 28.47653946, 96.65714102,  99.9
 90,  40, 28.46850486, 96.66129659,  99.9
 91,  40, 28.46036080, 96.66550808,  99.9
 92,  40, 28.45210579, 96.66977621,  99.9
 93,  40, 28.44373831, 96.67410174,  99.9
 94,  40, 28.43525683, 96.67848544,  99.9
 95,  40, 28.42665980, 96.68292808,  99.9
 96,  40, 28.41794563, 96.68743044,  99.9
 97,  40, 28.40911273, 96.69199332,  99.9
 98,  40, 28.40015949, 96.69661751,  99.9
 99,  40, 28.39108425, 96.70130383,  99.9
100,  40, 28.38188536, 96.70605311,   3.2
101,  40, 28.37256113, 96.71086618,   3.2
102,  40, 28.36310984, 96.71574388,   3.1
103,  40, 28.35352977, 96.72068708,   2.9
104,  40, 28.34381915, 96.72569664,   2.8
105,  40, 28.33397621, 96.73077344,   2.7
106,  40, 28.32399914, 96.73591836,   2.6
107,  40, 28.31388611, 96.74113232,   2.6
108,  40, 28.30363526, 96.74641622,   2.6
109,  40, 28.29324471, 96.75177099,   2.6
110,  40, 28.28271256, 96.75719756,   2.7
111,  40, 28.27203688, 96.76269688,   2.7
112,  40, 28.26121570, 96.76826993,   2.7
113,  40, 28.25024703, 96.77391765,   2.8
114,  40, 28.23912888, 96.77964106,   2.8
115,  40, 28.22785919, 96.78544113,   2.8
116,  40, 28.21643590, 96.79131889,   2.7
117,  40, 28.20485691, 96.79727535,   2.7
118,  40, 28.19312009, 96.80331155,   2.8
119,  40, 28.18122329, 96.80942855,   2.8
120,  40, 28.16916433, 96.81562741,   2.9
121,  40, 28.15694099, 96.82190920,   3.0
122,  40, 28.14455103, 96.82827502,   3.0
123,  40, 28.13199218, 96.83472596,   3.0
124,  40, 28.11926212, 96.84126315,   2.9
125,  40, 28.10635852, 96.84788772,   3.0
126,  40, 28.09327900, 96.85460082,   3.0
127,  40, 28.08002118, 96.86140361,  99.9
128,  40, 28.06658261, 96.86829726,   3.5
129,  40, 28.05296082, 96.87528297,  99.9
130,  40, 28.03915332, 96.88236194,  99.9
131,  40, 28.02515756, 96.88953540,   3.7
132,  40, 28.01097097, 96.89680457,   3.7
133,  40, 27.99659095, 96.90417072,   3.7
134,  40, 27.98201486, 96.91163511,   3.7
135,  40, 27.96724001, 96.91919902,   3.6
136,  40, 27.95226370, 96.92686375,   3.6
137,  40, 27.93708316, 96.93463063,   3.6
138,  40, 27.92169562, 96.94250097,   3.6
139,  40, 27.90609824, 96.95047614,   3.5
140,  40, 27.89028815, 96.95855749,   3.5
141,  40, 27.87426245, 96.96674642,   3.5
142,  40, 27.85801820, 96.97504432,   3.4
143,  40, 27.84155240, 96.98345260,   3.4
144,  40, 27.82486203, 96.99197271,   3.4
145,  40, 27.80794402, 97.00060609,   3.4
146,  40, 27.79079526, 97.00935422,   3.4
147,  40, 27.77341260, 97.01821858,   3.4
148,  40, 27.75579283, 97.02720069,   3.3
149,  40, 27.73793273, 97.03630207,   3.3
150,  40, 27.71982899, 97.04552427,   3.3
151,  40, 27.70147831, 97.05486884,   3.3
152,  40, 27.68287729, 97.06433737,   3.3
153,  40, 27.66402251, 97.07393147,   3.3
154,  40, 27.64491052, 97.08365275,   3.3
155,  40, 27.62553779, 97.09350286,   3.3
156,  40, 27.60590075, 97.10348346,   3.3
157,  40, 27.58599579, 97.11359623,   3.3
158,  40, 27.56581926, 97.12384287,   3.3
159,  40, 27.54536743, 97.13422512,   3.2
160,  40, 27.52463655, 97.14474470,   3.2
161,  40, 27.50362279, 97.15540339,   3.2
162,  40, 27.48232229, 97.16620298,   3.2
163,  40, 27.46073113, 97.17714526,   3.2
164,  40, 27.43884534, 97.18823208,   3.2
165,  40, 27.41666087, 97.19946529,   3.2
166,  40, 27.39417366, 97.21084675,   3.2
167,  40, 27.37137955, 97.22237837,   3.2
168,  40, 27.34827436, 97.23406206,   3.2
169,  40, 27.32485382, 97.24589978,   3.3
170,  40, 27.30111362, 97.25789347,   3.3
171,  40, 27.27704939, 97.27004514,   3.3
172,  40, 27.25265670, 97.28235679,   3.3
173,  40, 27.22793106, 97.29483047,   3.3
174,  40, 27.20286790, 97.30746823,   3.3
175,  40, 27.17746262, 97.32027215,   3.4
176,  40, 27.15171053, 97.33324436,   3.4
177,  40, 27.12560688, 97.34638698,   3.4
178,  40, 27.09914687, 97.35970217,   3.4
179,  40, 27.07232563, 97.37319211,   3.4
180,  40, 27.04513820, 97.38685903,   2.2
181,  40, 27.01757958, 97.40070515,   2.2
182,  40, 26.98964468, 97.41473274,   2.2
183,  40, 26.96132837, 97.42894409,   2.2
184,  40, 26.93262541, 97.44334151,   2.2
185,  40, 26.90353053, 97.45792735,   2.2
186,  40, 26.87403835, 97.47270397,   2.2
187,  40, 26.84414344, 97.48767377,   2.2
188,  40, 26.81384029, 97.50283918,   2.2
189,  40, 26.78312330, 97.51820265,  99.9
190,  40, 26.75198683, 97.53376665,  99.9
191,  40, 26.72042512, 97.54953371,  99.9
  1,  41, 28.88598952, 96.44110325,  99.9
  2,  41, 28.88353073, 96.44234066,  99.9
  3,  41, 28.88103847, 96.44359485,  99.9
  4,  41, 28.87851228, 96.44486604,  99.9
  5,  41, 28.87595171, 96.44615447,  99.9
  6,  41, 28.87335629, 96.44746037,  99.9
  7,  41, 28.87072554, 96.44878396,  99.9
  8,  41, 28.86805898, 96.45012550,  99.9
  9,  41, 28.86535612, 96.45148523,  99.9
 10,  41, 28.86261647, 96.45286338,  99.9
 11,  41, 28.85983953, 96.45426021,  99.9
 12,  41, 28.85702479, 96.45567598,  99.9
 13,  41, 28.85417173, 96.45711093,  99.9
 14,  41, 28.85127984, 96.45856532,  99.9
 15,  41, 28.84834858, 96.46003942,  99.9
 16,  41, 28.84537743, 96.46153350,  99.9
 17,  41, 28.84236582, 96.46304782,  99.9
 18,  41, 28.83931322, 96.46458265,  99.9
 19,  41, 28.83621907, 96.46613828,  99.9
 20,  41, 28.83308279, 96.46771498,  99.9
 21,  41, 28.82990383, 96.46931304,  99.9
 22,  41, 28.82668159, 96.47093274,  99.9
 23,  41, 28.82341548, 96.47257438,  99.9
 24,  41, 28.82010491, 96.47423826,  99.9
 25,  41, 28.81674927, 96.47592467,  99.9
 26,  41, 28.81334796, 96.47763391,  99.9
 27,  41, 28.80990034, 96.47936630,  99.9
 28,  41, 28.80640578, 96.48112214,  99.9
 29,  41, 28.80286365, 96.48290176,  99.9
 30,  41, 28.79927330, 96.48470547,  99.9
 31,  41, 28.79563407, 96.48653360,  99.9
 32,  41, 28.79194530, 96.48838647,  99.9
 33,  41, 28.78820631, 96.49026442,  99.9
 34,  41, 28.78441642, 96.49216779,  99.9
 35,  41, 28.78057493, 96.49409691,  99.9
 36,  41, 28.77668114, 96.49605214,  99.9
 37,  41, 28.77273434, 96.49803383,  99.9
 38,  41, 28.76873380, 96.50004233,  99.9
 39,  41, 28.76467880, 96.50207801,  99.9
 40,  41, 28.76056859, 96.50414122,  99.9
 41,  41, 28.75640242, 96.50623235,  99.9
 42,  41, 28.75217953, 96.50835175,  99.9
 43,  41, 28.74789915, 96.51049983,  99.9
 44,  41, 28.74356048, 96.51267695,  99.9
 45,  41, 28.73916275, 96.51488351,  99.9
 46,  41, 28.73470513, 96.51711992,  99.9
 47,  41, 28.73018683, 96.51938655,  99.9
 48,  41, 28.72560700, 96.52168384,  99.9
 49,  41, 28.72096482, 96.52401217,  99.9
 50,  41, 28.71625943, 96.52637198,  99.9
 51,  41, 28.71148997, 96.52876369,  99.9
 52,  41, 28.70665557, 96.53118771,  99.9
 53,  41, 28.70175534, 96.53364450,  99.9
 54,  41, 28.69678839, 96.53613448,  99.9
 55,  41, 28.69175380, 96.53865810,  99.9
 56,  41, 28.68665066, 96.54121582,  99.9
 57,  41, 28.68147803, 96.54380808,  99.9
 58,  41, 28.67623497, 96.54643536,  99.9
 59,  41, 28.67092051, 96.54909813,  99.9
 60,  41, 28.66553368, 96.55179685,  99.9
 61,  41, 28.66007350, 96.55453201,  99.9
 62,  41, 28.65453896, 96.55730410,  99.9
 63,  41, 28.64892906, 96.56011362,  99.9
 64,  41, 28.64324276, 96.56296106,   4.6
 65,  41, 28.63747903, 96.56584693,   4.6
 66,  41, 28.63163680, 96.56877175,   4.6
 67,  41, 28.62571501, 96.57173604,   4.6
 68,  41, 28.61971258, 96.57474033,   4.6
 69,  41, 28.61362840, 96.57778514,   4.7
 70,  41, 28.60746136, 96.58087104,   4.7
 71,  41, 28.60121034, 96.58399855,   4.7
 72,  41, 28.59487418, 96.58716825,   4.8
 73,  41, 28.58845173, 96.59038068,   4.8
 74,  41, 28.58194180, 96.59363644,   4.9
 75,  41, 28.57534322, 96.59693608,   5.0
 76,  41, 28.56865476, 96.60028021,   5.0
 77,  41, 28.56187521, 96.60366941,  99.9
 78,  41, 28.55500332, 96.60710429,  99.9
 79,  41, 28.54803783, 96.61058545,  99.9
 80,  41, 28.54097747, 96.61411351,  99.9
 81,  41, 28.53382094, 96.61768910,  99.9
 82,  41, 28.52656694, 96.62131285,  99.9
 83,  41, 28.51921412, 96.62498541,  99.9
 84,  41, 28.51176116, 96.62870742,  99.9
 85,  41, 28.50420667, 96.63247955,  99.9
 86,  41, 28.49654928, 96.63630245,  99.9
 87,  41, 28.48878758, 96.64017682,  99.9
 88,  41, 28.48092016, 96.64410332,  99.9
 89,  41, 28.47294556, 96.64808267,  99.9
 90,  41, 28.46486233, 96.65211555,  99.9
 91,  41, 28.45666898, 96.65620268,  99.9
 92,  41, 28.44836402, 96.66034479,  99.9
 93,  41, 28.43994592, 96.66454260,  99.9
 94,  41, 28.43141314, 96.66879686,  99.9
 95,  41, 28.42276411, 96.67310831,  99.9
 96,  41, 28.41399725, 96.67747771,  99.9
 97,  41, 28.40511096, 96.68190584,  99.9
 98,  41, 28.39610359, 96.68639347,  99.9
 99,  41, 28.38697351, 96.69094139,  99.9
100,  41, 28.37771904, 96.69555040,  99.9
101,  41, 28.36833847, 96.70022132,   3.1
102,  41, 28.35883010, 96.70495495,   3.0
103,  41, 28.34919217, 96.70975214,   2.9
104,  41, 28.33942293, 96.71461373,   2.8
105,  41, 28.32952057, 96.71954056,   2.7
106,  41, 28.31948328, 96.72453350,   2.6
107,  41, 28.30930923, 96.72959343,   2.5
108,  41, 28.29899654, 96.73472123,   2.5
109,  41, 28.28854332, 96.73991780,   2.5
110,  41, 28.27794766, 96.74518405,   2.5
111,  41, 28.26720761, 96.75052089,   2.5
112,  41, 28.25632120, 96.75592927,   2.6
113,  41, 28.24528644, 96.76141012,   2.6
114,  41, 28.23410129, 96.76696440,   2.7
115,  41, 28.22276372, 96.77259308,   2.7
116,  41, 28.21127163, 96.77829714,   2.8
117,  41, 28.19962292, 96.78407757,   2.8
118,  41, 28.18781545, 96.78993538,   2.9
119,  41, 28.17584706, 96.79587160,   3.0
120,  41, 28.16371554, 96.80188724,   3.1
121,  41, 28.15141868, 96.80798335,   3.1
122,  41, 28.13895421, 96.81416100,   3.1
123,  41, 28.12631985, 96.82042126,   3.0
124,  41, 28.11351327, 96.82676520,   3.0
125,  41, 28.10053213, 96.83319393,   3.0
126,  41, 28.08737404, 96.83970856,   3.0
127,  41, 28.07403659, 96.84631022,   3.8
128,  41, 28.06051733, 96.85300005,   3.8
129,  41, 28.04681377, 96.85977921,   3.7
130,  41, 28.03292340, 96.86664886,   3.7
131,  41, 28.01884367, 96.87361019,   3.7
132,  41, 28.00457200, 96.88066440,   3.7
133,  41, 27.99010575, 96.88781270,   3.6
134,  41, 27.97544229, 96.89505632,   3.6
135,  41, 27.96057890, 96.90239652,   3.6
136,  41, 27.94551286, 96.90983454,   3.5
137,  41, 27.93024141, 96.91737168,   3.5
138,  41, 27.91476174, 96.92500921,   3.5
139,  41, 27.89907100, 96.93274845,   3.4
140,  41, 27.88316631, 96.94059072,   3.4
141,  41, 27.86704475, 96.94853737,   3.4
142,  41, 27.85070336, 96.95658975,   3.4
143,  41, 27.83413913, 96.96474924,   3.4
144,  41, 27.81734902, 96.97301722,   3.3
145,  41, 27.80032994, 96.98139512,   3.3
146,  41, 27.78307877, 96.98988436,   3.3
147,  41, 27.76559234, 96.99848637,   3.3
148,  41, 27.74786742, 97.00720263,   3.3
149,  41, 27.72990077, 97.01603462,   3.3
150,  41, 27.71168907, 97.02498382,   3.3
151,  41, 27.69322899, 97.03405177,   3.3
152,  41, 27.67451712, 97.04323999,   3.2
153,  41, 27.65555002, 97.05255003,   3.2
154,  41, 27.63632422, 97.06198348,   3.2
155,  41, 27.61683616, 97.07154193,   3.2
156,  41, 27.59708228, 97.08122698,   3.2
157,  41, 27.57705893, 97.09104027,   3.2
158,  41, 27.55676243, 97.10098345,   3.2
159,  41, 27.53618905, 97.11105819,   3.2
160,  41, 27.51533500, 97.12126618,   3.2
161,  41, 27.49419645, 97.13160914,   3.2
162,  41, 27.47276951, 97.14208880,   3.2
163,  41, 27.45105023, 97.15270691,   3.2
164,  41, 27.42903463, 97.16346524,   3.2
165,  41, 27.40671864, 97.17436560,   3.2
166,  41, 27.38409817, 97.18540981,   3.2
167,  41, 27.36116904, 97.19659969,   3.2
168,  41, 27.33792704, 97.20793712,   3.2
169,  41, 27.31436790, 97.21942397,   3.2
170,  41, 27.29048726, 97.23106216,   3.2
171,  41, 27.26628075, 97.24285361,   3.2
172,  41, 27.24174390, 97.25480028,   3.2
173,  41, 27.21687220, 97.26690414,   3.2
174,  41, 27.19166106, 97.27916718,   3.3
175,  41, 27.16610585, 97.29159144,   3.3
176,  41, 27.14020186, 97.30417895,   3.3
177,  41, 27.11394431, 97.31693180,   3.3
178,  41, 27.08732838, 97.32985206,   3.4
179,  41, 27.06034917, 97.34294187,   3.4
180,  41, 27.03300170, 97.35620336,   3.4
181,  41, 27.00528093, 97.36963871,   3.4
182,  41, 26.97718177, 97.38325011,   2.2
183,  41, 26.94869903, 97.39703977,   2.2
184,  41, 26.91982747, 97.41100995,   2.2
185,  41, 26.89056178, 97.42516292,   2.2
186,  41, 26.86089655, 97.43950097,   2.2
187,  41, 26.83082632, 97.45402643,   2.2
188,  41, 26.80034557, 97.46874165,   2.2
189,  41, 26.76944866, 97.48364901,  99.9
190,  41, 26.73812990, 97.49875091,  99.9
191,  41, 26.70638353, 97.51404978,  99.9
  1,  42, 28.88492421, 96.43832037,  99.9
  2,  42, 28.88245094, 96.43951997,  99.9
  3,  42, 28.87994401, 96.44073584,  99.9
  4,  42, 28.87740297, 96.44196819,  99.9
  5,  42, 28.87482733, 96.44321724,  99.9
  6,  42, 28.87221663, 96.44448323,  99.9
  7,  42, 28.86957040, 96.44576639,  99.9
  8,  42, 28.86688815, 96.44706693,  99.9
  9,  42, 28.86416940, 96.44838510,  99.9
 10,  42, 28.86141363, 96.44972114,  99.9
 11,  42, 28.85862036, 96.45107529,  99.9
 12,  42, 28.85578906, 96.45244779,  99.9
 13,  42, 28.85291922, 96.45383889,  99.9
 14,  42, 28.85001032, 96.45524884,  99.9
 15,  42, 28.84706183, 96.45667789,  99.9
 16,  42, 28.84407319, 96.45812631,  99.9
 17,  42, 28.84104388, 96.45959435,  99.9
 18,  42, 28.83797333, 96.46108227,  99.9
 19,  42, 28.83486099, 96.46259036,  99.9
 20,  42, 28.83170628, 96.46411887,  99.9
 21,  42, 28.82850862, 96.46566809,  99.9
 22,  42, 28.82526744, 96.46723830,  99.9
 23,  42, 28.82198213, 96.46882976,  99.9
 24,  42, 28.81865210, 96.47044279,  99.9
 25,  42, 28.81527675, 96.47207765,  99.9
 26,  42, 28.81185544, 96.47373465,  99.9
 27,  42, 28.80838756, 96.47541409,  99.9
 28,  42, 28.80487247, 96.47711627,  99.9
 29,  42, 28.80130953, 96.47884149,  99.9
 30,  42, 28.79769809, 96.48059007,  99.9
 31,  42, 28.79403748, 96.48236232,  99.9
 32,  42, 28.79032704, 96.48415856,  99.9
 33,  42, 28.78656609, 96.48597911,  99.9
 34,  42, 28.78275393, 96.48782429,  99.9
 35,  42, 28.77888988, 96.48969445,  99.9
 36,  42, 28.77497323, 96.49158992,  99.9
 37,  42, 28.77100325, 96.49351103,  99.9
 38,  42, 28.76697923, 96.49545813,  99.9
 39,  42, 28.76290042, 96.49743158,  99.9
 40,  42, 28.75876608, 96.49943172,  99.9
 41,  42, 28.75457546, 96.50145892,  99.9
 42,  42, 28.75032778, 96.50351354,  99.9
 43,  42, 28.74602227, 96.50559594,  99.9
 44,  42, 28.74165815, 96.50770651,  99.9
 45,  42, 28.73723461, 96.50984562,  99.9
 46,  42, 28.73275084, 96.51201365,  99.9
 47,  42, 28.72820603, 96.51421099,  99.9
 48,  42, 28.72359933, 96.51643804,  99.9
 49,  42, 28.71892992, 96.51869519,  99.9
 50,  42, 28.71419693, 96.52098285,  99.9
 51,  42, 28.70939950, 96.52330143,   4.7
 52,  42, 28.70453675, 96.52565134,   4.6
 53,  42, 28.69960779, 96.52803301,   4.7
 54,  42, 28.69461171, 96.53044685,   4.7
 55,  42, 28.68954761, 96.53289331,  99.9
 56,  42, 28.68441456, 96.53537282,  99.9
 57,  42, 28.67921162, 96.53788582,  99.9
 58,  42, 28.67393783, 96.54043276,  99.9
 59,  42, 28.66859222, 96.54301410,  99.9
 60,  42, 28.66317383, 96.54563030,  99.9
 61,  42, 28.65768166, 96.54828182,  99.9
 62,  42, 28.65211471, 96.55096914,  99.9
 63,  42, 28.64647194, 96.55369274,  99.9
 64,  42, 28.64075234, 96.55645310,   4.6
 65,  42, 28.63495485, 96.55925072,  99.9
 66,  42, 28.62907842, 96.56208609,   4.6
 67,  42, 28.62312196, 96.56495972,   4.6
 68,  42, 28.61708439, 96.56787212,   4.6
 69,  42, 28.61096460, 96.57082382,   4.6
 70,  42, 28.60476148, 96.57381533,   4.7
 71,  42, 28.59847387, 96.57684718,   4.7
 72,  42, 28.59210064, 96.57991993,   4.8
 73,  42, 28.58564062, 96.58303411,   4.8
 74,  42, 28.57909261, 96.58619027,  99.9
 75,  42, 28.57245544, 96.58938899,  99.9
 76,  42, 28.56572787, 96.59263082,  99.9
 77,  42, 28.55890868, 96.59591634,  99.9
 78,  42, 28.55199661, 96.59924614,  99.9
 79,  42, 28.54499041, 96.60262081,  99.9
 80,  42, 28.53788878, 96.60604094,  99.9
 81,  42, 28.53069043, 96.60950714,  99.9
 82,  42, 28.52339404, 96.61302003,  99.9
 83,  42, 28.51599827, 96.61658023,  99.9
 84,  42, 28.50850177, 96.62018837,  99.9
 85,  42, 28.50090317, 96.62384508,  99.9
 86,  42, 28.49320106, 96.62755102,  99.9
 87,  42, 28.48539405, 96.63130684,  99.9
 88,  42, 28.47748070, 96.63511320,  99.9
 89,  42, 28.46945955, 96.63897078,  99.9
 90,  42, 28.46132915, 96.64288026,  99.9
 91,  42, 28.45308800, 96.64684232,  99.9
 92,  42, 28.44473459, 96.65085767,  99.9
 93,  42, 28.43626739, 96.65492702,  99.9
 94,  42, 28.42768484, 96.65905108,  99.9
 95,  42, 28.41898539, 96.66323058,  99.9
 96,  42, 28.41016742, 96.66746626,  99.9
 97,  42, 28.40122933, 96.67175886,  99.9
 98,  42, 28.39216948, 96.67610914,  99.9
 99,  42, 28.38298620, 96.68051786,  99.9
100,  42, 28.37367781, 96.68498579,  99.9
101,  42, 28.36424261, 96.68951373,  99.9
102,  42, 28.35467887, 96.69410247,  99.9
103,  42, 28.34498483, 96.69875281,   2.9
104,  42, 28.33515871, 96.70346557,   2.8
105,  42, 28.32519872, 96.70824157,   2.7
106,  42, 28.31510303, 96.71308166,   2.6
107,  42, 28.30486979, 96.71798667,   2.6
108,  42, 28.29449712, 96.72295748,   2.5
109,  42, 28.28398311, 96.72799494,   2.5
110,  42, 28.27332585, 96.73309994,   2.5
111,  42, 28.26252337, 96.73827337,   2.5
112,  42, 28.25157369, 96.74351614,   2.6
113,  42, 28.24047482, 96.74882915,   2.7
114,  42, 28.22922470, 96.75421334,   2.7
115,  42, 28.21782128, 96.75966965,   2.8
116,  42, 28.20626247, 96.76519902,   2.9
117,  42, 28.19454614, 96.77080242,   3.0
118,  42, 28.18267014, 96.77648082,   3.1
119,  42, 28.17063231, 96.78223521,   3.1
120,  42, 28.15843042, 96.78806659,   3.1
121,  42, 28.14606224, 96.79397597,   3.2
122,  42, 28.13352550, 96.79996439,   3.3
123,  42, 28.12081790, 96.80603286,  99.9
124,  42, 28.10793711, 96.81218246,  99.9
125,  42, 28.09488076, 96.81841424,  99.9
126,  42, 28.08164646, 96.82472928,   3.7
127,  42, 28.06823178, 96.83112867,   3.7
128,  42, 28.05463425, 96.83761352,   3.7
129,  42, 28.04085139, 96.84418495,   3.7
130,  42, 28.02688065, 96.85084410,   3.6
131,  42, 28.01271948, 96.85759210,   3.6
132,  42, 27.99836528, 96.86443013,   3.6
133,  42, 27.98381541, 96.87135936,   3.6
134,  42, 27.96906719, 96.87838098,   3.5
135,  42, 27.95411793, 96.88549619,   3.5
136,  42, 27.93896487, 96.89270623,   3.5
137,  42, 27.92360524, 96.90001233,   3.4
138,  42, 27.90803621, 96.90741574,   3.4
139,  42, 27.89225493, 96.91491772,   3.4
140,  42, 27.87625848, 96.92251957,   3.4
141,  42, 27.86004395, 96.93022258,   3.3
142,  42, 27.84360834, 96.93802807,   3.3
143,  42, 27.82694865, 96.94593738,   3.3
144,  42, 27.81006180, 96.95395184,   3.3
145,  42, 27.79294470, 96.96207282,   3.3
146,  42, 27.77559421, 96.97030172,   3.3
147,  42, 27.75800712, 96.97863993,   3.3
148,  42, 27.74018022, 96.98708886,   3.2
149,  42, 27.72211023, 96.99564994,   3.2
150,  42, 27.70379382, 97.00432464,   3.2
151,  42, 27.68522763, 97.01311443,   3.2
152,  42, 27.66640825, 97.02202078,   3.2
153,  42, 27.64733222, 97.03104520,   3.2
154,  42, 27.62799604, 97.04018922,   3.2
155,  42, 27.60839614, 97.04945439,   3.2
156,  42, 27.58852892, 97.05884226,   3.2
157,  42, 27.56839074, 97.06835442,   3.2
158,  42, 27.54797789, 97.07799246,   3.2
159,  42, 27.52728662, 97.08775801,   3.2
160,  42, 27.50631312, 97.09765270,   3.1
161,  42, 27.48505354, 97.10767819,   3.1
162,  42, 27.46350397, 97.11783617,   3.1
163,  42, 27.44166044, 97.12812832,   3.1
164,  42, 27.41951894, 97.13855638,   3.1
165,  42, 27.39707539, 97.14912208,   3.1
166,  42, 27.37432568, 97.15982718,   3.1
167,  42, 27.35126560, 97.17067347,   3.1
168,  42, 27.32789093, 97.18166275,   3.1
169,  42, 27.30419735, 97.19279684,   3.1
170,  42, 27.28018052, 97.20407759,   3.1
171,  42, 27.25583601, 97.21550688,   3.1
172,  42, 27.23115935, 97.22708658,   3.2
173,  42, 27.20614600, 97.23881862,   3.2
174,  42, 27.18079134, 97.25070493,   3.2
175,  42, 27.15509072, 97.26274747,   3.2
176,  42, 27.12903941, 97.27494823,   3.2
177,  42, 27.10263261, 97.28730920,   3.3
178,  42, 27.07586547, 97.29983242,   3.3
179,  42, 27.04873305, 97.31251994,   3.3
180,  42, 27.02123037, 97.32537384,   3.3
181,  42, 26.99335235, 97.33839622,   3.4
182,  42, 26.96509388, 97.35158921,   3.4
183,  42, 26.93644974, 97.36495494,   3.4
184,  42, 26.90741467, 97.37849561,   2.2
185,  42, 26.87798331, 97.39221341,   2.2
186,  42, 26.84815026, 97.40611057,   2.2
187,  42, 26.81791002, 97.42018933,   2.2
188,  42, 26.78725702, 97.43445199,   2.2
189,  42, 26.75618561, 97.44890083,   2.2
190,  42, 26.72469009, 97.46353819,   2.2
191,  42, 26.69276464, 97.47836643,  99.9
  1,  43, 28.88389203, 96.43552144,  99.9
  2,  43, 28.88140475, 96.43668302,  99.9
  3,  43, 28.87888361, 96.43786034,  99.9
  4,  43, 28.87632816, 96.43905362,  99.9
  5,  43, 28.87373792, 96.44026309,  99.9
  6,  43, 28.87111243, 96.44148894,  99.9
  7,  43, 28.86845121, 96.44273142,  99.9
  8,  43, 28.86575376, 96.44399073,  99.9
  9,  43, 28.86301959, 96.44526712,  99.9
 10,  43, 28.86024821, 96.44656080,  99.9
 11,  43, 28.85743911, 96.44787202,  99.9
 12,  43, 28.85459177, 96.44920100,  99.9
 13,  43, 28.85170568, 96.45054800,  99.9
 14,  43, 28.84878030, 96.45191325,  99.9
 15,  43, 28.84581510, 96.45329699,  99.9
 16,  43, 28.84280954, 96.45469949,  99.9
 17,  43, 28.83976307, 96.45612099,  99.9
 18,  43, 28.83667513, 96.45756174,  99.9
 19,  43, 28.83354516, 96.45902201,  99.9
 20,  43, 28.83037258, 96.46050207,  99.9
 21,  43, 28.82715682, 96.46200217,  99.9
 22,  43, 28.82389728, 96.46352258,  99.9
 23,  43, 28.82059338, 96.46506359,  99.9
 24,  43, 28.81724450, 96.46662547,  99.9
 25,  43, 28.81385003, 96.46820850,  99.9
 26,  43, 28.81040936, 96.46981296,  99.9
 27,  43, 28.80692185, 96.47143915,  99.9
 28,  43, 28.80338687, 96.47308736,  99.9
 29,  43, 28.79980376, 96.47475787,  99.9
 30,  43, 28.79617188, 96.47645101,  99.9
 31,  43, 28.79249056, 96.47816706,  99.9
 32,  43, 28.78875913, 96.47990634,  99.9
 33,  43, 28.78497690, 96.48166916,  99.9
 34,  43, 28.78114318, 96.48345583,  99.9
 35,  43, 28.77725727, 96.48526669,  99.9
 36,  43, 28.77331846, 96.48710205,  99.9
 37,  43, 28.76932603, 96.48896224,  99.9
 38,  43, 28.76527925, 96.49084759,  99.9
 39,  43, 28.76117737, 96.49275846,  99.9
 40,  43, 28.75701966, 96.49469517,  99.9
 41,  43, 28.75280534, 96.49665808,  99.9
 42,  43, 28.74853365, 96.49864754,  99.9
 43,  43, 28.74420380, 96.50066390,  99.9
 44,  43, 28.73981501, 96.50270753,  99.9
 45,  43, 28.73536647, 96.50477880,  99.9
 46,  43, 28.73085736, 96.50687807,  99.9
 47,  43, 28.72628686, 96.50900572,  99.9
 48,  43, 28.72165414, 96.51116213,  99.9
 49,  43, 28.71695834, 96.51334769,  99.9
 50,  43, 28.71219861, 96.51556280,  99.9
 51,  43, 28.70737408, 96.51780783,  99.9
 52,  43, 28.70248386, 96.52008321,  99.9
 53,  43, 28.69752706, 96.52238934,  99.9
 54,  43, 28.69250278, 96.52472662,   4.7
 55,  43, 28.68741008, 96.52709547,   4.6
 56,  43, 28.68224805, 96.52949633,   4.6
 57,  43, 28.67701573, 96.53192962,   4.6
 58,  43, 28.67171217, 96.53439577,  99.9
 59,  43, 28.66633640, 96.53689522,  99.9
 60,  43, 28.66088743, 96.53942843,  99.9
 61,  43, 28.65536426, 96.54199584,  99.9
 62,  43, 28.64976589, 96.54459791,  99.9
 63,  43, 28.64409129, 96.54723510,  99.9
 64,  43, 28.63833943, 96.54990789,   4.6
 65,  43, 28.63250924, 96.55261675,   4.6
 66,  43, 28.62659966, 96.55536217,   4.6
 67,  43, 28.62060962, 96.55814463,   4.6
 68,  43, 28.61453801, 96.56096463,   4.6
 69,  43, 28.60838371, 96.56382267,   4.6
 70,  43, 28.60214562, 96.56671927,   4.6
 71,  43, 28.59582257, 96.56965493,   4.7
 72,  43, 28.58941343, 96.57263018,   4.7
 73,  43, 28.58291700, 96.57564554,  99.9
 74,  43, 28.57633211, 96.57870156,  99.9
 75,  43, 28.56965754, 96.58179877,  99.9
 76,  43, 28.56289207, 96.58493774,  99.9
 77,  43, 28.55603448, 96.58811900,  99.9
 78,  43, 28.54908349, 96.59134314,  99.9
 79,  43, 28.54203784, 96.59461071,  99.9
 80,  43, 28.53489623, 96.59792230,  99.9
 81,  43, 28.52765736, 96.60127851,  99.9
 82,  43, 28.52031991, 96.60467991,  99.9
 83,  43, 28.51288253, 96.60812712,  99.9
 84,  43, 28.50534385, 96.61162074,  99.9
 85,  43, 28.49770250, 96.61516139,  99.9
 86,  43, 28.48995707, 96.61874971,  99.9
 87,  43, 28.48210615, 96.62238632,  99.9
 88,  43, 28.47414830, 96.62607186,  99.9
 89,  43, 28.46608207, 96.62980699,  99.9
 90,  43, 28.45790596, 96.63359237,  99.9
 91,  43, 28.44961850, 96.63742867,  99.9
 92,  43, 28.44121815, 96.64131656,  99.9
 93,  43, 28.43270338, 96.64525673,  99.9
 94,  43, 28.42407262, 96.64924987,  99.9
 95,  43, 28.41532431, 96.65329668,  99.9
 96,  43, 28.40645683, 96.65739789,  99.9
 97,  43, 28.39746855, 96.66155421,  99.9
 98,  43, 28.38835784, 96.66576637,  99.9
 99,  43, 28.37912302, 96.67003511,  99.9
100,  43, 28.36976241, 96.67436118,  99.9
101,  43, 28.36027427, 96.67874535,  99.9
102,  43, 28.35065689, 96.68318838,  99.9
103,  43, 28.34090848, 96.68769106,   2.9
104,  43, 28.33102727, 96.69225416,   2.8
105,  43, 28.32101145, 96.69687850,   2.7
106,  43, 28.31085917, 96.70156488,   2.6
107,  43, 28.30056859, 96.70631413,   2.6
108,  43, 28.29013780, 96.71112706,   2.6
109,  43, 28.27956490, 96.71600454,   2.6
110,  43, 28.26884796, 96.72094740,   2.6
111,  43, 28.25798500, 96.72595652,   2.6
112,  43, 28.24697403, 96.73103276,   2.7
113,  43, 28.23581304, 96.73617701,   2.7
114,  43, 28.22449997, 96.74139017,   2.8
115,  43, 28.21303276, 96.74667316,   2.9
116,  43, 28.20140930, 96.75202687,   3.0
117,  43, 28.18962746, 96.75745226,   3.1
118,  43, 28.17768508, 96.76295027,   3.2
119,  43, 28.16557997, 96.76852184,   3.1
120,  43, 28.15330990, 96.77416795,   3.1
121,  43, 28.14087263, 96.77988957,  99.9
122,  43, 28.12826588, 96.78568771,  99.9
123,  43, 28.11548733, 96.79156336,  99.9
124,  43, 28.10253464, 96.79751754,   3.7
125,  43, 28.08940543, 96.80355129,   3.7
126,  43, 28.07609729, 96.80966564,   3.7
127,  43, 28.06260779, 96.81586166,   3.7
128,  43, 28.04893444, 96.82214042,   3.6
129,  43, 28.03507474, 96.82850299,   3.6
130,  43, 28.02102614, 96.83495048,   3.6
131,  43, 28.00678607, 96.84148400,   3.5
132,  43, 27.99235192, 96.84810466,   3.5
133,  43, 27.97772102, 96.85481362,   3.5
134,  43, 27.96289071, 96.86161203,   3.4
135,  43, 27.94785825, 96.86850105,   3.4
136,  43, 27.93262089, 96.87548187,   3.4
137,  43, 27.91717583, 96.88255568,   3.4
138,  43, 27.90152023, 96.88972369,   3.3
139,  43, 27.88565122, 96.89698714,   3.3
140,  43, 27.86956589, 96.90434726,   3.3
141,  43, 27.85326129, 96.91180532,   3.3
142,  43, 27.83673441, 96.91936259,   3.3
143,  43, 27.81998223, 96.92702036,   3.3
144,  43, 27.80300166, 96.93477993,   3.3
145,  43, 27.78578960, 96.94264262,   3.2
146,  43, 27.76834288, 96.95060978,   3.2
147,  43, 27.75065829, 96.95868275,   3.2
148,  43, 27.73273259, 96.96686292,   3.2
149,  43, 27.71456248, 96.97515166,   3.2
150,  43, 27.69614463, 96.98355039,   3.2
151,  43, 27.67747565, 96.99206052,   3.2
152,  43, 27.65855212, 97.00068349,   3.2
153,  43, 27.63937056, 97.00942077,   3.1
154,  43, 27.61992744, 97.01827383,   3.1
155,  43, 27.60021919, 97.02724416,   3.1
156,  43, 27.58024218, 97.03633327,   3.1
157,  43, 27.55999276, 97.04554269,   3.1
158,  43, 27.53946720, 97.05487397,   3.1
159,  43, 27.51866172, 97.06432869,   3.1
160,  43, 27.49757250, 97.07390842,   3.1
161,  43, 27.47619567, 97.08361477,   3.1
162,  43, 27.45452730, 97.09344936,   3.1
163,  43, 27.43256340, 97.10341385,   3.1
164,  43, 27.41029994, 97.11350988,   3.1
165,  43, 27.38773282, 97.12373916,   3.1
166,  43, 27.36485790, 97.13410338,   3.1
167,  43, 27.34167096, 97.14460427,   3.1
168,  43, 27.31816776, 97.15524357,   3.1
169,  43, 27.29434396, 97.16602305,   3.1
170,  43, 27.27019519, 97.17694450,   3.1
171,  43, 27.24571700, 97.18800972,   3.1
172,  43, 27.22090490, 97.19922055,   3.1
173,  43, 27.19575432, 97.21057883,   3.1
174,  43, 27.17026063, 97.22208645,   3.1
175,  43, 27.14441916, 97.23374530,   3.2
176,  43, 27.11822513, 97.24555729,   3.2
177,  43, 27.09167375, 97.25752436,   3.2
178,  43, 27.06476012, 97.26964848,   3.2
179,  43, 27.03747929, 97.28193164,   3.2
180,  43, 27.00982625, 97.29437585,   3.3
181,  43, 26.98179590, 97.30698313,   3.3
182,  43, 26.95338310, 97.31975555,   3.3
183,  43, 26.92458261, 97.33269519,   3.3
184,  43, 26.89538914, 97.34580415,   3.4
185,  43, 26.86579732, 97.35908455,   3.4
186,  43, 26.83580169, 97.37253856,   2.2
187,  43, 26.80539675, 97.38616836,   2.3
188,  43, 26.77457690, 97.39997614,   2.2
189,  43, 26.74333646, 97.41396413,   2.2
190,  43, 26.71166969, 97.42813460,   2.2
191,  43, 26.67957077, 97.44248982,   2.4
  1,  44, 28.88289319, 96.43270698,  99.9
  2,  44, 28.88039234, 96.43383032,  99.9
  3,  44, 28.87785745, 96.43496888,  99.9
  4,  44, 28.87528806, 96.43612289,  99.9
  5,  44, 28.87268369, 96.43729253,  99.9
  6,  44, 28.87004389, 96.43847803,  99.9
  7,  44, 28.86736815, 96.43967961,  99.9
  8,  44, 28.86465599, 96.44089747,  99.9
  9,  44, 28.86190692, 96.44213183,  99.9
 10,  44, 28.85912043, 96.44338293,  99.9
 11,  44, 28.85629601, 96.44465098,  99.9
 12,  44, 28.85343315, 96.44593621,  99.9
 13,  44, 28.85053132, 96.44723886,  99.9
 14,  44, 28.84758999, 96.44855916,  99.9
 15,  44, 28.84460863, 96.44989735,  99.9
 16,  44, 28.84158669, 96.45125367,  99.9
 17,  44, 28.83852362, 96.45262837,  99.9
 18,  44, 28.83541885, 96.45402169,  99.9
 19,  44, 28.83227182, 96.45543389,  99.9
 20,  44, 28.82908196, 96.45686521,  99.9
 21,  44, 28.82584867, 96.45831592,  99.9
 22,  44, 28.82257138, 96.45978628,  99.9
 23,  44, 28.81924947, 96.46127655,  99.9
 24,  44, 28.81588235, 96.46278700,  99.9
 25,  44, 28.81246940, 96.46431791,  99.9
 26,  44, 28.80900998, 96.46586955,  99.9
 27,  44, 28.80550348, 96.46744219,  99.9
 28,  44, 28.80194924, 96.46903613,  99.9
 29,  44, 28.79834663, 96.47065164,  99.9
 30,  44, 28.79469497, 96.47228902,  99.9
 31,  44, 28.79099360, 96.47394857,  99.9
 32,  44, 28.78724185, 96.47563058,  99.9
 33,  44, 28.78343903, 96.47733535,  99.9
 34,  44, 28.77958444, 96.47906320,  99.9
 35,  44, 28.77567738, 96.48081442,  99.9
 36,  44, 28.77171713, 96.48258934,  99.9
 37,  44, 28.76770297, 96.48438828,  99.9
 38,  44, 28.76363417, 96.48621155,  99.9
 39,  44, 28.75950998, 96.48805949,  99.9
 40,  44, 28.75532964, 96.48993242,  99.9
 41,  44, 28.75109239, 96.49183069,  99.9
 42,  44, 28.74679746, 96.49375463,  99.9
 43,  44, 28.74244406, 96.49570459,  99.9
 44,  44, 28.73803140, 96.49768092,  99.9
 45,  44, 28.73355866, 96.49968397,  99.9
 46,  44, 28.72902503, 96.50171411,  99.9
 47,  44, 28.72442968, 96.50377169,  99.9
 48,  44, 28.71977177, 96.50585708,  99.9
 49,  44, 28.71505044, 96.50797066,  99.9
 50,  44, 28.71026484, 96.51011281,  99.9
 51,  44, 28.70541408, 96.51228391,  99.9
 52,  44, 28.70049729, 96.51448434,  99.9
 53,  44, 28.69551355, 96.51671451,  99.9
 54,  44, 28.69046196, 96.51897481,  99.9
 55,  44, 28.68534159, 96.52126564,  99.9
 56,  44, 28.68015151, 96.52358742,  99.9
 57,  44, 28.67489077, 96.52594055,   4.6
 58,  44, 28.66955840, 96.52832547,   4.6
 59,  44, 28.66415343, 96.53074260,   4.6
 60,  44, 28.65867487, 96.53319236,  99.9
 61,  44, 28.65312171, 96.53567519,  99.9
 62,  44, 28.64749295, 96.53819155,  99.9
 63,  44, 28.64178755, 96.54074187,   4.6
 64,  44, 28.63600446, 96.54332661,   4.6
 65,  44, 28.63014263, 96.54594623,   4.6
 66,  44, 28.62420098, 96.54860120,   4.5
 67,  44, 28.61817843, 96.55129200,   4.5
 68,  44, 28.61207387, 96.55401910,   4.5
 69,  44, 28.60588620, 96.55678298,   4.6
 70,  44, 28.59961426, 96.55958414,   4.6
 71,  44, 28.59325692, 96.56242308,   4.6
 72,  44, 28.58681302, 96.56530031,   4.6
 73,  44, 28.58028137, 96.56821632,  99.9
 74,  44, 28.57366077, 96.57117165,  99.9
 75,  44, 28.56695002, 96.57416682,  99.9
 76,  44, 28.56014789, 96.57720235,  99.9
 77,  44, 28.55325313, 96.58027879,  99.9
 78,  44, 28.54626448, 96.58339669,  99.9
 79,  44, 28.53918065, 96.58655659,  99.9
 80,  44, 28.53200036, 96.58975906,  99.9
 81,  44, 28.52472229, 96.59300467,  99.9
 82,  44, 28.51734510, 96.59629398,  99.9
 83,  44, 28.50986744, 96.59962759,  99.9
 84,  44, 28.50228795, 96.60300608,  99.9
 85,  44, 28.49460524, 96.60643005,  99.9
 86,  44, 28.48681789, 96.60990010,  99.9
 87,  44, 28.47892449, 96.61341686,  99.9
 88,  44, 28.47092358, 96.61698094,  99.9
 89,  44, 28.46281371, 96.62059296,  99.9
 90,  44, 28.45459338, 96.62425358,  99.9
 91,  44, 28.44626110, 96.62796343,  99.9
 92,  44, 28.43781533, 96.63172317,  99.9
 93,  44, 28.42925452, 96.63553346,  99.9
 94,  44, 28.42057712, 96.63939498,  99.9
 95,  44, 28.41178152, 96.64330840,  99.9
 96,  44, 28.40286613, 96.64727441,  99.9
 97,  44, 28.39382930, 96.65129371,  99.9
 98,  44, 28.38466938, 96.65536701,  99.9
 99,  44, 28.37538469, 96.65949503,  99.9
100,  44, 28.36597353, 96.66367848,  99.9
101,  44, 28.35643417, 96.66791811,  99.9
102,  44, 28.34676488, 96.67221466,  99.9
103,  44, 28.33696387, 96.67656887,   2.9
104,  44, 28.32702934, 96.68098153,   2.8
105,  44, 28.31695949, 96.68545339,   2.7
106,  44, 28.30675246, 96.68998525,   2.7
107,  44, 28.29640639, 96.69457789,   2.7
108,  44, 28.28591937, 96.69923212,   2.6
109,  44, 28.27528949, 96.70394875,   2.6
110,  44, 28.26451479, 96.70872861,   2.7
111,  44, 28.25359330, 96.71357254,   2.7
112,  44, 28.24252303, 96.71848137,   2.8
113,  44, 28.23130193, 96.72345596,   2.9
114,  44, 28.21992795, 96.72849719,   2.9
115,  44, 28.20839902, 96.73360593,   3.0
116,  44, 28.19671300, 96.73878306,   3.1
117,  44, 28.18486777, 96.74402950,   3.1
118,  44, 28.17286115, 96.74934614,   3.2
119,  44, 28.16069094, 96.75473393,  99.9
120,  44, 28.14835490, 96.76019378,  99.9
121,  44, 28.13585078, 96.76572666,  99.9
122,  44, 28.12317628, 96.77133351,   3.7
123,  44, 28.11032907, 96.77701532,   3.7
124,  44, 28.09730681, 96.78277306,   3.7
125,  44, 28.08410709, 96.78860773,   3.7
126,  44, 28.07072751, 96.79452035,   3.6
127,  44, 28.05716561, 96.80051192,   3.6
128,  44, 28.04341889, 96.80658349,   3.6
129,  44, 28.02948485, 96.81273611,   3.5
130,  44, 28.01536091, 96.81897083,   3.5
131,  44, 28.00104450, 96.82528874,   3.5
132,  44, 27.98653298, 96.83169091,   3.4
133,  44, 27.97182369, 96.83817845,   3.4
134,  44, 27.95691393, 96.84475247,   3.4
135,  44, 27.94180097, 96.85141411,   3.4
136,  44, 27.92648203, 96.85816451,   3.3
137,  44, 27.91095431, 96.86500482,   3.3
138,  44, 27.89521495, 96.87193621,   3.3
139,  44, 27.87926106, 96.87895988,   3.3
140,  44, 27.86308972, 96.88607702,   3.3
141,  44, 27.84669796, 96.89328886,   3.3
142,  44, 27.83008276, 96.90059661,   3.2
143,  44, 27.81324109, 96.90800154,   3.2
144,  44, 27.79616985, 96.91550489,   3.2
145,  44, 27.77886590, 96.92310796,   3.2
146,  44, 27.76132607, 96.93081202,   3.2
147,  44, 27.74354713, 96.93861840,   3.2
148,  44, 27.72552583, 96.94652841,   3.2
149,  44, 27.70725886, 96.95454340,   3.1
150,  44, 27.68874285, 96.96266473,   3.1
151,  44, 27.66997442, 96.97089377,   3.1
152,  44, 27.65095011, 96.97923191,   3.1
153,  44, 27.63166643, 96.98768057,   3.1
154,  44, 27.61211984, 96.99624116,   3.1
155,  44, 27.59230675, 97.00491514,   3.1
156,  44, 27.57222352, 97.01370396,   3.1
157,  44, 27.55186646, 97.02260910,   3.1
158,  44, 27.53123184, 97.03163206,   3.1
159,  44, 27.51031585, 97.04077436,   3.1
160,  44, 27.48911467, 97.05003752,   3.1
161,  44, 27.46762439, 97.05942310,   3.1
162,  44, 27.44584107, 97.06893267,   3.1
163,  44, 27.42376070, 97.07856781,   3.0
164,  44, 27.40137923, 97.08833015,   3.0
165,  44, 27.37869255, 97.09822130,   3.0
166,  44, 27.35569648, 97.10824291,   3.0
167,  44, 27.33238681, 97.11839665,   3.0
168,  44, 27.30875924, 97.12868421,   3.0
169,  44, 27.28480944, 97.13910730,   3.0
170,  44, 27.26053301, 97.14966763,   3.1
171,  44, 27.23592548, 97.16036696,   3.1
172,  44, 27.21098233, 97.17120706,   3.1
173,  44, 27.18569897, 97.18218972,   3.1
174,  44, 27.16007077, 97.19331675,   3.1
175,  44, 27.13409300, 97.20458998,   3.1
176,  44, 27.10776090, 97.21601126,   3.1
177,  44, 27.08106962, 97.22758247,   3.1
178,  44, 27.05401426, 97.23930552,   3.2
179,  44, 27.02658984, 97.25118230,   3.2
180,  44, 26.99879132, 97.26321478,   3.2
181,  44, 26.97061359, 97.27540491,   3.2
182,  44, 26.94205146, 97.28775469,   3.2
183,  44, 26.91309970, 97.30026612,   3.3
184,  44, 26.88375298, 97.31294123,   3.3
185,  44, 26.85400589, 97.32578209,   3.3
186,  44, 26.82385297, 97.33879078,   3.4
187,  44, 26.79328868, 97.35196940,   3.4
188,  44, 26.76230739, 97.36532008,   2.1
189,  44, 26.73090341, 97.37884497,   2.2
190,  44, 26.69907097, 97.39254626,   2.2
191,  44, 26.66680420, 97.40642615,   2.4
  1,  45, 28.88192785, 96.42987749,  99.9
  2,  45, 28.87941389, 96.43096239,  99.9
  3,  45, 28.87686571, 96.43206199,  99.9
  4,  45, 28.87428285, 96.43317650,  99.9
  5,  45, 28.87166483, 96.43430612,  99.9
  6,  45, 28.86901119, 96.43545106,  99.9
  7,  45, 28.86632142, 96.43661151,  99.9
  8,  45, 28.86359505, 96.43778769,  99.9
  9,  45, 28.86083157, 96.43897981,  99.9
 10,  45, 28.85803048, 96.44018809,  99.9
 11,  45, 28.85519126, 96.44141275,  99.9
 12,  45, 28.85231339, 96.44265400,  99.9
 13,  45, 28.84939636, 96.44391207,  99.9
 14,  45, 28.84643962, 96.44518719,  99.9
 15,  45, 28.84344264, 96.44647958,  99.9
 16,  45, 28.84040487, 96.44778948,  99.9
 17,  45, 28.83732575, 96.44911713,  99.9
 18,  45, 28.83420472, 96.45046277,  99.9
 19,  45, 28.83104121, 96.45182663,  99.9
 20,  45, 28.82783464, 96.45320897,  99.9
 21,  45, 28.82458442, 96.45461003,  99.9
 22,  45, 28.82128996, 96.45603006,  99.9
 23,  45, 28.81795066, 96.45746933,  99.9
 24,  45, 28.81456591, 96.45892809,  99.9
 25,  45, 28.81113508, 96.46040659,  99.9
 26,  45, 28.80765755, 96.46190512,  99.9
 27,  45, 28.80413269, 96.46342394,  99.9
 28,  45, 28.80055985, 96.46496332,  99.9
 29,  45, 28.79693838, 96.46652354,  99.9
 30,  45, 28.79326761, 96.46810488,  99.9
 31,  45, 28.78954687, 96.46970762,  99.9
 32,  45, 28.78577549, 96.47133206,  99.9
 33,  45, 28.78195276, 96.47297848,  99.9
 34,  45, 28.77807801, 96.47464718,  99.9
 35,  45, 28.77415050, 96.47633846,  99.9
 36,  45, 28.77016954, 96.47805262,  99.9
 37,  45, 28.76613438, 96.47978998,  99.9
 38,  45, 28.76204429, 96.48155084,  99.9
 39,  45, 28.75789853, 96.48333552,  99.9
 40,  45, 28.75369633, 96.48514434,  99.9
 41,  45, 28.74943692, 96.48697763,  99.9
 42,  45, 28.74511953, 96.48883571,  99.9
 43,  45, 28.74074337, 96.49071892,  99.9
 44,  45, 28.73630764, 96.49262759,  99.9
 45,  45, 28.73181152, 96.49456207,  99.9
 46,  45, 28.72725419, 96.49652270,  99.9
 47,  45, 28.72263482, 96.49850984,  99.9
 48,  45, 28.71795256, 96.50052384,  99.9
 49,  45, 28.71320656, 96.50256506,  99.9
 50,  45, 28.70839596, 96.50463387,  99.9
 51,  45, 28.70351986, 96.50673064,  99.9
 52,  45, 28.69857737, 96.50885574,  99.9
 53,  45, 28.69356760, 96.51100955,  99.9
 54,  45, 28.68848963, 96.51319246,  99.9
 55,  45, 28.68334252, 96.51540486,  99.9
 56,  45, 28.67812533, 96.51764714,  99.9
 57,  45, 28.67283712, 96.51991971,  99.9
 58,  45, 28.66747691, 96.52222297,  99.9
 59,  45, 28.66204373, 96.52455733,   4.6
 60,  45, 28.65653657, 96.52692321,  99.9
 61,  45, 28.65095443, 96.52932103,  99.9
 62,  45, 28.64529629, 96.53175122,  99.9
 63,  45, 28.63956111, 96.53421421,   4.5
 64,  45, 28.63374785, 96.53671044,   4.5
 65,  45, 28.62785544, 96.53924036,   4.5
 66,  45, 28.62188279, 96.54180442,   4.5
 67,  45, 28.61582883, 96.54440307,   4.5
 68,  45, 28.60969244, 96.54703678,   4.5
 69,  45, 28.60347250, 96.54970601,   4.5
 70,  45, 28.59716786, 96.55241125,   4.5
 71,  45, 28.59077738, 96.55515296,   4.6
 72,  45, 28.58429989, 96.55793165,   4.6
 73,  45, 28.57773420, 96.56074780,   4.6
 74,  45, 28.57107910, 96.56360191,  99.9
 75,  45, 28.56433339, 96.56649449,  99.9
 76,  45, 28.55749581, 96.56942606,  99.9
 77,  45, 28.55056514, 96.57239713,  99.9
 78,  45, 28.54354009, 96.57540824,  99.9
 79,  45, 28.53641937, 96.57845991,  99.9
 80,  45, 28.52920169, 96.58155269,  99.9
 81,  45, 28.52188573, 96.58468712,  99.9
 82,  45, 28.51447014, 96.58786376,  99.9
 83,  45, 28.50695356, 96.59108318,  99.9
 84,  45, 28.49933463, 96.59434594,  99.9
 85,  45, 28.49161194, 96.59765262,  99.9
 86,  45, 28.48378408, 96.60100380,  99.9
 87,  45, 28.47584962, 96.60440008,  99.9
 88,  45, 28.46780711, 96.60784206,  99.9
 89,  45, 28.45965506, 96.61133035,  99.9
 90,  45, 28.45139200, 96.61486555,  99.9
 91,  45, 28.44301640, 96.61844830,  99.9
 92,  45, 28.43452674, 96.62207923,  99.9
 93,  45, 28.42592145, 96.62575898,  99.9
 94,  45, 28.41719896, 96.62948819,  99.9
 95,  45, 28.40835768, 96.63326752,  99.9
 96,  45, 28.39939598, 96.63709764,  99.9
 97,  45, 28.39031222, 96.64097922,  99.9
 98,  45, 28.38110474, 96.64491295,  99.9
 99,  45, 28.37177185, 96.64889951,  99.9
100,  45, 28.36231185, 96.65293961,  99.9
101,  45, 28.35272300, 96.65703395,  99.9
102,  45, 28.34300354, 96.66118326,   2.9
103,  45, 28.33315169, 96.66538826,   2.9
104,  45, 28.32316564, 96.66964969,   2.8
105,  45, 28.31304358, 96.67396829,   2.8
106,  45, 28.30278364, 96.67834483,   2.7
107,  45, 28.29238394, 96.68278006,   2.7
108,  45, 28.28184258, 96.68727477,   2.7
109,  45, 28.27115762, 96.69182974,   2.7
110,  45, 28.26032712, 96.69644577,   2.8
111,  45, 28.24934907, 96.70112365,   2.8
112,  45, 28.23822148, 96.70586422,   2.9
113,  45, 28.22694230, 96.71066829,   3.0
114,  45, 28.21550946, 96.71553670,   3.0
115,  45, 28.20392087, 96.72047030,   3.1
116,  45, 28.19217441, 96.72546995,   3.1
117,  45, 28.18026792, 96.73053652,   3.2
118,  45, 28.16819922, 96.73567089,  99.9
119,  45, 28.15596609, 96.74087395,  99.9
120,  45, 28.14356630, 96.74614660,   3.8
121,  45, 28.13099757, 96.75148977,   3.7
122,  45, 28.11825760, 96.75690437,   3.7
123,  45, 28.10534405, 96.76239135,   3.7
124,  45, 28.09225455, 96.76795165,   3.6
125,  45, 28.07898671, 96.77358624,   3.6
126,  45, 28.06553808, 96.77929609,   3.6
127,  45, 28.05190621, 96.78508219,   3.5
128,  45, 28.03808860, 96.79094553,   3.5
129,  45, 28.02408271, 96.79688713,   3.5
130,  45, 28.00988596, 96.80290801,   3.4
131,  45, 27.99549577, 96.80900922,   3.4
132,  45, 27.98090949, 96.81519179,   3.4
133,  45, 27.96612444, 96.82145679,   3.4
134,  45, 27.95113791, 96.82780531,   3.3
135,  45, 27.93594716, 96.83423842,   3.3
136,  45, 27.92054939, 96.84075724,   3.3
137,  45, 27.90494179, 96.84736288,   3.3
138,  45, 27.88912148, 96.85405647,   3.3
139,  45, 27.87308557, 96.86083915,   3.2
140,  45, 27.85683111, 96.86771210,   3.2
141,  45, 27.84035513, 96.87467647,   3.2
142,  45, 27.82365459, 96.88173347,   3.2
143,  45, 27.80672644, 96.88888429,   3.2
144,  45, 27.78956757, 96.89613015,   3.2
145,  45, 27.77217482, 96.90347229,   3.2
146,  45, 27.75454502, 96.91091195,   3.1
147,  45, 27.73667491, 96.91845040,   3.1
148,  45, 27.71856123, 96.92608892,   3.1
149,  45, 27.70020065, 96.93382880,   3.1
150,  45, 27.68158979, 96.94167136,   3.1
151,  45, 27.66272525, 96.94961792,   3.1
152,  45, 27.64360355, 96.95766982,   3.1
153,  45, 27.62422120, 96.96582843,   3.1
154,  45, 27.60457462, 96.97409512,   3.1
155,  45, 27.58466022, 96.98247128,   3.1
156,  45, 27.56447434, 96.99095833,   3.1
157,  45, 27.54401327, 96.99955770,   3.0
158,  45, 27.52327325, 97.00827082,   3.0
159,  45, 27.50225048, 97.01709916,   3.0
160,  45, 27.48094110, 97.02604420,   3.0
161,  45, 27.45934120, 97.03510744,   3.0
162,  45, 27.43744680, 97.04429040,   3.0
163,  45, 27.41525389, 97.05359460,   3.0
164,  45, 27.39275838, 97.06302160,   3.0
165,  45, 27.36995616, 97.07257298,   3.0
166,  45, 27.34684304, 97.08225032,   3.0
167,  45, 27.32341475, 97.09205523,   3.0
168,  45, 27.29966702, 97.10198934,   3.0
169,  45, 27.27559546, 97.11205429,   3.0
170,  45, 27.25119567, 97.12225177,   3.0
171,  45, 27.22646315, 97.13258344,   3.0
172,  45, 27.20139337, 97.14305103,   3.0
173,  45, 27.17598171, 97.15365625,   3.0
174,  45, 27.15022352, 97.16440085,   3.0
175,  45, 27.12411406, 97.17528661,   3.0
176,  45, 27.09764853, 97.18631531,   3.1
177,  45, 27.07082207, 97.19748876,   3.1
178,  45, 27.04362975, 97.20880880,   3.1
179,  45, 27.01606658, 97.22027728,   3.1
180,  45, 26.98812748, 97.23189606,   3.1
181,  45, 26.95980734, 97.24366706,   3.2
182,  45, 26.93110093, 97.25559218,   3.2
183,  45, 26.90200300, 97.26767336,   3.2
184,  45, 26.87250818, 97.27991258,   3.2
185,  45, 26.84261107, 97.29231181,   3.3
186,  45, 26.81230616, 97.30487307,   3.3
187,  45, 26.78158789, 97.31759838,   3.3
188,  45, 26.75045061, 97.33048981,   3.4
189,  45, 26.71888861, 97.34354943,   2.4
190,  45, 26.68689607, 97.35677934,   2.2
191,  45, 26.65446713, 97.37018166,   2.5
  1,  46, 28.88099620, 96.42703349,  99.9
  2,  46, 28.87846958, 96.42807975,  99.9
  3,  46, 28.87590858, 96.42914019,  99.9
  4,  46, 28.87331272, 96.43021501,  99.9
  5,  46, 28.87068153, 96.43130440,  99.9
  6,  46, 28.86801453, 96.43240856,  99.9
  7,  46, 28.86531123, 96.43352768,  99.9
  8,  46, 28.86257114, 96.43466198,  99.9
  9,  46, 28.85979375, 96.43581164,  99.9
 10,  46, 28.85697856, 96.43697689,  99.9
 11,  46, 28.85412506, 96.43815793,  99.9
 12,  46, 28.85123272, 96.43935497,  99.9
 13,  46, 28.84830101, 96.44056823,  99.9
 14,  46, 28.84532940, 96.44179794,  99.9
 15,  46, 28.84231734, 96.44304430,  99.9
 16,  46, 28.83926429, 96.44430755,  99.9
 17,  46, 28.83616969, 96.44558791,  99.9
 18,  46, 28.83303296, 96.44688562,  99.9
 19,  46, 28.82985354, 96.44820090,  99.9
 20,  46, 28.82663084, 96.44953400,  99.9
 21,  46, 28.82336428, 96.45088516,  99.9
 22,  46, 28.82005326, 96.45225462,  99.9
 23,  46, 28.81669717, 96.45364262,  99.9
 24,  46, 28.81329540, 96.45504941,  99.9
 25,  46, 28.80984733, 96.45647526,  99.9
 26,  46, 28.80635233, 96.45792041,  99.9
 27,  46, 28.80280975, 96.45938513,  99.9
 28,  46, 28.79921895, 96.46086968,  99.9
 29,  46, 28.79557928, 96.46237432,  99.9
 30,  46, 28.79189006, 96.46389933,  99.9
 31,  46, 28.78815063, 96.46544498,  99.9
 32,  46, 28.78436030, 96.46701155,  99.9
 33,  46, 28.78051837, 96.46859932,  99.9
 34,  46, 28.77662415, 96.47020858,  99.9
 35,  46, 28.77267691, 96.47183961,  99.9
 36,  46, 28.76867595, 96.47349271,  99.9
 37,  46, 28.76462053, 96.47516818,  99.9
 38,  46, 28.76050990, 96.47686631,  99.9
 39,  46, 28.75634332, 96.47858741,  99.9
 40,  46, 28.75212002, 96.48033180,  99.9
 41,  46, 28.74783923, 96.48209977,  99.9
 42,  46, 28.74350017, 96.48389166,  99.9
 43,  46, 28.73910204, 96.48570778,  99.9
 44,  46, 28.73464404, 96.48754845,  99.9
 45,  46, 28.73012535, 96.48941401,  99.9
 46,  46, 28.72554515, 96.49130479,  99.9
 47,  46, 28.72090260, 96.49322114,  99.9
 48,  46, 28.71619685, 96.49516338,  99.9
 49,  46, 28.71142704, 96.49713188,  99.9
 50,  46, 28.70659230, 96.49912698,  99.9
 51,  46, 28.70169174, 96.50114904,  99.9
 52,  46, 28.69672447, 96.50319842,  99.9
 53,  46, 28.69168957, 96.50527549,  99.9
 54,  46, 28.68658613, 96.50738063,  99.9
 55,  46, 28.68141322, 96.50951420,  99.9
 56,  46, 28.67616988, 96.51167659,  99.9
 57,  46, 28.67085516, 96.51386818,  99.9
 58,  46, 28.66546808, 96.51608937,  99.9
 59,  46, 28.66000766, 96.51834055,   4.5
 60,  46, 28.65447290, 96.52062212,  99.9
 61,  46, 28.64886279, 96.52293450,  99.9
 62,  46, 28.64317630, 96.52527809,  99.9
 63,  46, 28.63741239, 96.52765331,   4.5
 64,  46, 28.63157001, 96.53006059,   4.5
 65,  46, 28.62564808, 96.53250036,   4.5
 66,  46, 28.61964553, 96.53497304,   4.5
 67,  46, 28.61356126, 96.53747909,   4.4
 68,  46, 28.60739414, 96.54001893,   4.4
 69,  46, 28.60114306, 96.54259304,   4.5
 70,  46, 28.59480686, 96.54520187,   4.5
 71,  46, 28.58838440, 96.54784587,   4.5
 72,  46, 28.58187449, 96.55052552,   4.5
 73,  46, 28.57527594, 96.55324130,   4.6
 74,  46, 28.56858755, 96.55599369,   4.6
 75,  46, 28.56180809, 96.55878318,  99.9
 76,  46, 28.55493632, 96.56161026,  99.9
 77,  46, 28.54797098, 96.56447544,  99.9
 78,  46, 28.54091080, 96.56737922,  99.9
 79,  46, 28.53375449, 96.57032212,  99.9
 80,  46, 28.52650073, 96.57330465,  99.9
 81,  46, 28.51914820, 96.57632736,  99.9
 82,  46, 28.51169555, 96.57939077,  99.9
 83,  46, 28.50414141, 96.58249543,  99.9
 84,  46, 28.49648441, 96.58564188,  99.9
 85,  46, 28.48872315, 96.58883068,  99.9
 86,  46, 28.48085619, 96.59206240,  99.9
 87,  46, 28.47288211, 96.59533761,  99.9
 88,  46, 28.46479944, 96.59865688,  99.9
 89,  46, 28.45660670, 96.60202081,  99.9
 90,  46, 28.44830239, 96.60542998,  99.9
 91,  46, 28.43988499, 96.60888500,  99.9
 92,  46, 28.43135297, 96.61238647,  99.9
 93,  46, 28.42270475, 96.61593502,  99.9
 94,  46, 28.41393875, 96.61953127,  99.9
 95,  46, 28.40505337, 96.62317585,  99.9
 96,  46, 28.39604699, 96.62686941,  99.9
 97,  46, 28.38691795, 96.63061259,  99.9
 98,  46, 28.37766457, 96.63440605,  99.9
 99,  46, 28.36828517, 96.63825046,  99.9
100,  46, 28.35877803, 96.64214649,   3.0
101,  46, 28.34914141, 96.64609483,   3.0
102,  46, 28.33937354, 96.65009617,   2.9
103,  46, 28.32947263, 96.65415122,   2.9
104,  46, 28.31943687, 96.65826067,   2.8
105,  46, 28.30926441, 96.66242526,   2.8
106,  46, 28.29895341, 96.66664571,   2.8
107,  46, 28.28850196, 96.67092277,   2.8
108,  46, 28.27790816, 96.67525717,   2.8
109,  46, 28.26717006, 96.67964968,   2.8
110,  46, 28.25628569, 96.68410106,   2.9
111,  46, 28.24525307, 96.68861209,   2.9
112,  46, 28.23407016, 96.69318356,   3.0
113,  46, 28.22273492, 96.69781627,   3.0
114,  46, 28.21124528, 96.70251102,   3.1
115,  46, 28.19959913, 96.70726863,   3.1
116,  46, 28.18779433, 96.71208992,  99.9
117,  46, 28.17582872, 96.71697574,  99.9
118,  46, 28.16370011, 96.72192694,   3.8
119,  46, 28.15140627, 96.72694438,   3.7
120,  46, 28.13894496, 96.73202892,   3.7
121,  46, 28.12631388, 96.73718145,   3.7
122,  46, 28.11351073, 96.74240286,   3.6
123,  46, 28.10053315, 96.74769406,   3.6
124,  46, 28.08737877, 96.75305596,   3.6
125,  46, 28.07404518, 96.75848949,   3.5
126,  46, 28.06052992, 96.76399559,   3.5
127,  46, 28.04683054, 96.76957520,   3.5
128,  46, 28.03294450, 96.77522931,   3.4
129,  46, 28.01886928, 96.78095887,   3.4
130,  46, 28.00460228, 96.78676487,   3.4
131,  46, 27.99014089, 96.79264833,   3.4
132,  46, 27.97548246, 96.79861024,   3.3
133,  46, 27.96062430, 96.80465163,   3.3
134,  46, 27.94556369, 96.81077354,   3.3
135,  46, 27.93029786, 96.81697703,   3.3
136,  46, 27.91482402, 96.82326315,   3.3
137,  46, 27.89913933, 96.82963298,   3.2
138,  46, 27.88324091, 96.83608762,   3.2
139,  46, 27.86712584, 96.84262817,   3.2
140,  46, 27.85079118, 96.84925574,   3.2
141,  46, 27.83423392, 96.85597147,   3.2
142,  46, 27.81745102, 96.86277651,   3.2
143,  46, 27.80043942, 96.86967200,   3.1
144,  46, 27.78319598, 96.87665914,   3.1
145,  46, 27.76571755, 96.88373911,   3.1
146,  46, 27.74800092, 96.89091310,   3.1
147,  46, 27.73004283, 96.89818235,   3.1
148,  46, 27.71184000, 96.90554808,   3.1
149,  46, 27.69338909, 96.91301154,   3.1
150,  46, 27.67468670, 96.92057399,   3.1
151,  46, 27.65572941, 96.92823672,   3.1
152,  46, 27.63651374, 96.93600103,   3.0
153,  46, 27.61703616, 96.94386821,   3.0
154,  46, 27.59729310, 96.95183960,   3.0
155,  46, 27.57728094, 96.95991654,   3.0
156,  46, 27.55699600, 96.96810040,   3.0
157,  46, 27.53643456, 96.97639254,   3.0
158,  46, 27.51559284, 96.98479436,   3.0
159,  46, 27.49446703, 96.99330727,   3.0
160,  46, 27.47305324, 97.00193269,   3.0
161,  46, 27.45134754, 97.01067208,   3.0
162,  46, 27.42934596, 97.01952688,   3.0
163,  46, 27.40704444, 97.02849859,   3.0
164,  46, 27.38443890, 97.03758869,   3.0
165,  46, 27.36152519, 97.04679870,   3.0
166,  46, 27.33829910, 97.05613016,   3.0
167,  46, 27.31475637, 97.06558460,   3.0
168,  46, 27.29089267, 97.07516362,   3.0
169,  46, 27.26670362, 97.08486878,   3.0
170,  46, 27.24218479, 97.09470170,   3.0
171,  46, 27.21733166, 97.10466401,   3.0
172,  46, 27.19213969, 97.11475735,   3.0
173,  46, 27.16660423, 97.12498339,   3.0
174,  46, 27.14072061, 97.13534380,   3.0
175,  46, 27.11448406, 97.14584030,   3.0
176,  46, 27.08788978, 97.15647461,   3.0
177,  46, 27.06093288, 97.16724847,   3.0
178,  46, 27.03360841, 97.17816366,   3.0
179,  46, 27.00591134, 97.18922194,   3.1
180,  46, 26.97783660, 97.20042514,   3.1
181,  46, 26.94937903, 97.21177507,   3.1
182,  46, 26.92053340, 97.22327360,   3.1
183,  46, 26.89129441, 97.23492258,   3.1
184,  46, 26.86165670, 97.24672391,   3.2
185,  46, 26.83161482, 97.25867951,   3.2
186,  46, 26.80116325, 97.27079130,   3.2
187,  46, 26.77029640, 97.28306126,   3.3
188,  46, 26.73900860, 97.29549135,   3.3
189,  46, 26.70729411, 97.30808359,   3.3
190,  46, 26.67514710, 97.32083999,   3.4
191,  46, 26.64256167, 97.33376261,  99.9
  1,  47, 28.88009841, 96.42417549,  99.9
  2,  47, 28.87755960, 96.42518293,  99.9
  3,  47, 28.87498623, 96.42620402,  99.9
  4,  47, 28.87237784, 96.42723895,  99.9
  5,  47, 28.86973396, 96.42828792,  99.9
  6,  47, 28.86705409, 96.42935110,  99.9
  7,  47, 28.86433774, 96.43042869,  99.9
  8,  47, 28.86158443, 96.43152089,  99.9
  9,  47, 28.85879364, 96.43262789,  99.9
 10,  47, 28.85596488, 96.43374989,  99.9
 11,  47, 28.85309761, 96.43488710,  99.9
 12,  47, 28.85019131, 96.43603972,  99.9
 13,  47, 28.84724546, 96.43720796,  99.9
 14,  47, 28.84425952, 96.43839202,  99.9
 15,  47, 28.84123294, 96.43959213,  99.9
 16,  47, 28.83816516, 96.44080850,  99.9
 17,  47, 28.83505563, 96.44204134,  99.9
 18,  47, 28.83190378, 96.44329089,  99.9
 19,  47, 28.82870903, 96.44455736,  99.9
 20,  47, 28.82547080, 96.44584098,  99.9
 21,  47, 28.82218849, 96.44714199,  99.9
 22,  47, 28.81886150, 96.44846062,  99.9
 23,  47, 28.81548924, 96.44979711,  99.9
 24,  47, 28.81207107, 96.45115169,  99.9
 25,  47, 28.80860638, 96.45252462,  99.9
 26,  47, 28.80509453, 96.45391613,  99.9
 27,  47, 28.80153488, 96.45532649,  99.9
 28,  47, 28.79792678, 96.45675593,  99.9
 29,  47, 28.79426957, 96.45820473,  99.9
 30,  47, 28.79056258, 96.45967314,  99.9
 31,  47, 28.78680513, 96.46116142,  99.9
 32,  47, 28.78299654, 96.46266984,  99.9
 33,  47, 28.77913610, 96.46419868,  99.9
 34,  47, 28.77522312, 96.46574821,  99.9
 35,  47, 28.77125688, 96.46731870,  99.9
 36,  47, 28.76723665, 96.46891044,  99.9
 37,  47, 28.76316170, 96.47052371,  99.9
 38,  47, 28.75903128, 96.47215881,  99.9
 39,  47, 28.75484463, 96.47381603,  99.9
 40,  47, 28.75060100, 96.47549566,  99.9
 41,  47, 28.74629960, 96.47719801,  99.9
 42,  47, 28.74193965, 96.47892338,  99.9
 43,  47, 28.73752036, 96.48067208,  99.9
 44,  47, 28.73304090, 96.48244442,  99.9
 45,  47, 28.72850047, 96.48424073,  99.9
 46,  47, 28.72389823, 96.48606132,  99.9
 47,  47, 28.71923335, 96.48790653,  99.9
 48,  47, 28.71450496, 96.48977667,  99.9
 49,  47, 28.70971220, 96.49167209,  99.9
 50,  47, 28.70485421, 96.49359313,  99.9
 51,  47, 28.69993008, 96.49554012,  99.9
 52,  47, 28.69493892, 96.49751342,  99.9
 53,  47, 28.68987981, 96.49951338,  99.9
 54,  47, 28.68475183, 96.50154036,  99.9
 55,  47, 28.67955404, 96.50359472,  99.9
 56,  47, 28.67428550, 96.50567682,  99.9
 57,  47, 28.66894523, 96.50778705,  99.9
 58,  47, 28.66353226, 96.50992577,  99.9
 59,  47, 28.65804560, 96.51209337,   4.5
 60,  47, 28.65248425, 96.51429024,   4.4
 61,  47, 28.64684718, 96.51651676,   4.4
 62,  47, 28.64113338, 96.51877333,   4.4
 63,  47, 28.63534178, 96.52106036,   4.4
 64,  47, 28.62947134, 96.52337826,   4.4
 65,  47, 28.62352097, 96.52572744,   4.4
 66,  47, 28.61748959, 96.52810830,   4.4
 67,  47, 28.61137610, 96.53052129,   4.4
 68,  47, 28.60517938, 96.53296683,   4.4
 69,  47, 28.59889829, 96.53544536,   4.4
 70,  47, 28.59253169, 96.53795731,   4.5
 71,  47, 28.58607840, 96.54050313,   4.5
 72,  47, 28.57953726, 96.54308328,   4.5
 73,  47, 28.57290705, 96.54569821,   4.5
 74,  47, 28.56618658, 96.54834838,   4.5
 75,  47, 28.55937460, 96.55103428,  99.9
 76,  47, 28.55246987, 96.55375637,  99.9
 77,  47, 28.54547114, 96.55651515,  99.9
 78,  47, 28.53837711, 96.55931108,  99.9
 79,  47, 28.53118648, 96.56214469,  99.9
 80,  47, 28.52389796, 96.56501646,  99.9
 81,  47, 28.51651019, 96.56792690,  99.9
 82,  47, 28.50902182, 96.57087653,  99.9
 83,  47, 28.50143150, 96.57386588,  99.9
 84,  47, 28.49373782, 96.57689547,  99.9
 85,  47, 28.48593938, 96.57996583,  99.9
 86,  47, 28.47803475, 96.58307752,  99.9
 87,  47, 28.47002249, 96.58623107,  99.9
 88,  47, 28.46190112, 96.58942705,  99.9
 89,  47, 28.45366917, 96.59266603,  99.9
 90,  47, 28.44532511, 96.59594856,  99.9
 91,  47, 28.43686744, 96.59927524,  99.9
 92,  47, 28.42829459, 96.60264665,  99.9
 93,  47, 28.41960500, 96.60606338,  99.9
 94,  47, 28.41079708, 96.60952603,  99.9
 95,  47, 28.40186922, 96.61303522,  99.9
 96,  47, 28.39281977, 96.61659156,  99.9
 97,  47, 28.38364709, 96.62019567,  99.9
 98,  47, 28.37434949, 96.62384820,  99.9
 99,  47, 28.36492527, 96.62754978,  99.9
100,  47, 28.35537271, 96.63130107,   3.0
101,  47, 28.34569005, 96.63510271,   3.0
102,  47, 28.33587553, 96.63895538,   3.0
103,  47, 28.32592735, 96.64285976,   2.7
104,  47, 28.31584367, 96.64681653,   2.8
105,  47, 28.30562267, 96.65082637,   2.8
106,  47, 28.29526246, 96.65489000,   2.8
107,  47, 28.28476115, 96.65900812,   2.8
108,  47, 28.27411681, 96.66318146,   2.8
109,  47, 28.26332750, 96.66741074,   2.9
110,  47, 28.25239123, 96.67169670,   3.0
111,  47, 28.24130601, 96.67604010,   3.0
112,  47, 28.23006981, 96.68044168,   3.1
113,  47, 28.21868056, 96.68490221,   3.1
114,  47, 28.20713618, 96.68942248,   3.1
115,  47, 28.19543455, 96.69400327,  99.9
116,  47, 28.18357354, 96.69864537,  99.9
117,  47, 28.17155097, 96.70334960,   3.7
118,  47, 28.15936462, 96.70811676,   3.7
119,  47, 28.14701229, 96.71294770,   3.7
120,  47, 28.13449169, 96.71784324,   3.7
121,  47, 28.12180054, 96.72280424,   3.6
122,  47, 28.10893650, 96.72783156,   3.6
123,  47, 28.09589723, 96.73292606,   3.5
124,  47, 28.08268033, 96.73808863,   3.5
125,  47, 28.06928338, 96.74332017,   3.5
126,  47, 28.05570393, 96.74862156,   3.4
127,  47, 28.04193948, 96.75399374,   3.4
128,  47, 28.02798752, 96.75943763,   3.4
129,  47, 28.01384548, 96.76495416,   3.4
130,  47, 27.99951078, 96.77054429,   3.3
131,  47, 27.98498079, 96.77620898,   3.3
132,  47, 27.97025284, 96.78194920,   3.3
133,  47, 27.95532423, 96.78776595,   3.3
134,  47, 27.94019224, 96.79366021,   3.3
135,  47, 27.92485407, 96.79963300,   3.2
136,  47, 27.90930693, 96.80568535,   3.2
137,  47, 27.89354796, 96.81181829,   3.2
138,  47, 27.87757427, 96.81803287,   3.2
139,  47, 27.86138293, 96.82433016,   3.2
140,  47, 27.84497098, 96.83071123,   3.2
141,  47, 27.82833541, 96.83717717,   3.1
142,  47, 27.81147316, 96.84372908,   3.1
143,  47, 27.79438114, 96.85036808,   3.1
144,  47, 27.77705622, 96.85709530,   3.1
145,  47, 27.75949522, 96.86391189,   3.1
146,  47, 27.74169493, 96.87081900,   3.1
147,  47, 27.72365207, 96.87781781,   3.1
148,  47, 27.70536334, 96.88490950,   3.0
149,  47, 27.68682539, 96.89209528,   3.0
150,  47, 27.66803480, 96.89937635,   3.0
151,  47, 27.64898815, 96.90675396,   3.0
152,  47, 27.62968192, 96.91422935,   3.0
153,  47, 27.61011259, 96.92180379,   3.0
154,  47, 27.59027657, 96.92947854,   3.0
155,  47, 27.57017020, 96.93725490,   3.0
156,  47, 27.54978981, 96.94513418,   3.0
157,  47, 27.52913166, 96.95311770,   3.0
158,  47, 27.50819195, 96.96120681,   3.0
159,  47, 27.48696685, 96.96940286,   3.0
160,  47, 27.46545246, 96.97770723,   3.0
161,  47, 27.44364483, 96.98612130,   2.9
162,  47, 27.42153997, 96.99464647,   2.9
163,  47, 27.39913381, 97.00328418,   2.9
164,  47, 27.37642224, 97.01203587,   2.9
165,  47, 27.35340111, 97.02090298,   2.9
166,  47, 27.33006617, 97.02988700,   2.9
167,  47, 27.30641316, 97.03898942,   2.9
168,  47, 27.28243773, 97.04821175,   2.9
169,  47, 27.25813547, 97.05755551,   2.9
170,  47, 27.23350194, 97.06702226,   2.9
171,  47, 27.20853261, 97.07661356,   2.9
172,  47, 27.18322289, 97.08633099,   2.9
173,  47, 27.15756815, 97.09617615,   3.0
174,  47, 27.13156367, 97.10615067,   3.0
175,  47, 27.10520468, 97.11625619,   3.0
176,  47, 27.07848635, 97.12649436,   3.0
177,  47, 27.05140376, 97.13686687,   3.0
178,  47, 27.02395195, 97.14737541,   3.0
179,  47, 26.99612588, 97.15802170,   3.0
180,  47, 26.96792045, 97.16880748,   3.0
181,  47, 26.93933046, 97.17973451,   3.0
182,  47, 26.91035069, 97.19080457,   3.1
183,  47, 26.88097580, 97.20201945,   3.1
184,  47, 26.85120040, 97.21338099,   3.1
185,  47, 26.82101904, 97.22489101,   3.1
186,  47, 26.79042616, 97.23655139,   3.2
187,  47, 26.75941616, 97.24836400,   3.2
188,  47, 26.72798334, 97.26033076,   3.2
189,  47, 26.69612193, 97.27245358,   3.3
190,  47, 26.66382608, 97.28473443,   3.4
191,  47, 26.63108986, 97.29717527,   3.5
  1,  48, 28.87923463, 96.42130402,  99.9
  2,  48, 28.87668409, 96.42227245,  99.9
  3,  48, 28.87409883, 96.42325400,  99.9
  4,  48, 28.87147839, 96.42424886,  99.9
  5,  48, 28.86882229, 96.42525721,  99.9
  6,  48, 28.86613004, 96.42627922,  99.9
  7,  48, 28.86340114, 96.42731509,  99.9
  8,  48, 28.86063511, 96.42836500,  99.9
  9,  48, 28.85783143, 96.42942914,  99.9
 10,  48, 28.85498960, 96.43050769,  99.9
 11,  48, 28.85210909, 96.43160087,  99.9
 12,  48, 28.84918937, 96.43270885,  99.9
 13,  48, 28.84622992, 96.43383185,  99.9
 14,  48, 28.84323018, 96.43497007,  99.9
 15,  48, 28.84018963, 96.43612371,  99.9
 16,  48, 28.83710768, 96.43729297,  99.9
 17,  48, 28.83398380, 96.43847808,  99.9
 18,  48, 28.83081739, 96.43967923,  99.9
 19,  48, 28.82760789, 96.44089666,  99.9
 20,  48, 28.82435471, 96.44213058,  99.9
 21,  48, 28.82105725, 96.44338121,  99.9
 22,  48, 28.81771491, 96.44464878,  99.9
 23,  48, 28.81432708, 96.44593351,  99.9
 24,  48, 28.81089313, 96.44723563,  99.9
 25,  48, 28.80741245, 96.44855539,  99.9
 26,  48, 28.80388440, 96.44989302,  99.9
 27,  48, 28.80030832, 96.45124876,  99.9
 28,  48, 28.79668358, 96.45262284,  99.9
 29,  48, 28.79300949, 96.45401553,  99.9
 30,  48, 28.78928540, 96.45542707,  99.9
 31,  48, 28.78551062, 96.45685772,  99.9
 32,  48, 28.78168446, 96.45830772,  99.9
 33,  48, 28.77780622, 96.45977735,  99.9
 34,  48, 28.77387519, 96.46126687,  99.9
 35,  48, 28.76989066, 96.46277654,  99.9
 36,  48, 28.76585189, 96.46430663,  99.9
 37,  48, 28.76175815, 96.46585742,  99.9
 38,  48, 28.75760869, 96.46742920,  99.9
 39,  48, 28.75340274, 96.46902223,  99.9
 40,  48, 28.74913955, 96.47063681,  99.9
 41,  48, 28.74481832, 96.47227322,  99.9
 42,  48, 28.74043828, 96.47393177,  99.9
 43,  48, 28.73599862, 96.47561274,  99.9
 44,  48, 28.73149852, 96.47731644,  99.9
 45,  48, 28.72693717, 96.47904317,  99.9
 46,  48, 28.72231373, 96.48079325,  99.9
 47,  48, 28.71762735, 96.48256698,  99.9
 48,  48, 28.71287718, 96.48436469,  99.9
 49,  48, 28.70806235, 96.48618669,  99.9
 50,  48, 28.70318198, 96.48803331,  99.9
 51,  48, 28.69823517, 96.48990489,  99.9
 52,  48, 28.69322103, 96.49180176,  99.9
 53,  48, 28.68813863, 96.49372425,  99.9
 54,  48, 28.68298704, 96.49567271,  99.9
 55,  48, 28.67776533, 96.49764749,  99.9
 56,  48, 28.67247254, 96.49964894,  99.9
 57,  48, 28.66710769, 96.50167743,  99.9
 58,  48, 28.66166981, 96.50373330,  99.9
 59,  48, 28.65615791, 96.50581693,  99.9
 60,  48, 28.65057096, 96.50792869,   4.4
 61,  48, 28.64490797, 96.51006896,   4.4
 62,  48, 28.63916788, 96.51223812,   4.4
 63,  48, 28.63334964, 96.51443655,   4.4
 64,  48, 28.62745220, 96.51666465,   4.4
 65,  48, 28.62147448, 96.51892282,   4.4
 66,  48, 28.61541537, 96.52121145,   4.4
 67,  48, 28.60927378, 96.52353096,   4.4
 68,  48, 28.60304857, 96.52588175,   4.4
 69,  48, 28.59673861, 96.52826425,   4.4
 70,  48, 28.59034275, 96.53067888,   4.4
 71,  48, 28.58385981, 96.53312606,   4.4
 72,  48, 28.57728862, 96.53560624,   4.4
 73,  48, 28.57062795, 96.53811986,   4.5
 74,  48, 28.56387661, 96.54066736,   4.5
 75,  48, 28.55703335, 96.54324919,  99.9
 76,  48, 28.55009691, 96.54586581,  99.9
 77,  48, 28.54306604, 96.54851768,  99.9
 78,  48, 28.53593945, 96.55120529,  99.9
 79,  48, 28.52871582, 96.55392909,  99.9
 80,  48, 28.52139384, 96.55668959,  99.9
 81,  48, 28.51397217, 96.55948725,  99.9
 82,  48, 28.50644945, 96.56232259,  99.9
 83,  48, 28.49882431, 96.56519609,  99.9
 84,  48, 28.49109534, 96.56810828,  99.9
 85,  48, 28.48326114, 96.57105966,  99.9
 86,  48, 28.47532026, 96.57405076,  99.9
 87,  48, 28.46727127, 96.57708211,  99.9
 88,  48, 28.45911267, 96.58015423,  99.9
 89,  48, 28.45084299, 96.58326768,  99.9
 90,  48, 28.44246070, 96.58642300,  99.9
 91,  48, 28.43396427, 96.58962075,  99.9
 92,  48, 28.42535216, 96.59286150,  99.9
 93,  48, 28.41662277, 96.59614580,  99.9
 94,  48, 28.40777451, 96.59947425,  99.9
 95,  48, 28.39880577, 96.60284743,  99.9
 96,  48, 28.38971490, 96.60626593,  99.9
 97,  48, 28.38050023, 96.60973035,  99.9
 98,  48, 28.37116009, 96.61324130,  99.9
 99,  48, 28.36169275, 96.61679941,  99.9
100,  48, 28.35209649, 96.62040528,   3.0
101,  48, 28.34236955, 96.62405956,   3.0
102,  48, 28.33251015, 96.62776289,   2.7
103,  48, 28.32251648, 96.63151592,   2.7
104,  48, 28.31238671, 96.63531930,   2.8
105,  48, 28.30211900, 96.63917370,   2.8
106,  48, 28.29171145, 96.64307979,   2.8
107,  48, 28.28116216, 96.64703827,   2.9
108,  48, 28.27046921, 96.65104981,   2.9
109,  48, 28.25963063, 96.65511512,   3.0
110,  48, 28.24864443, 96.65923492,   3.1
111,  48, 28.23750862, 96.66340991,   3.1
112,  48, 28.22622113, 96.66764084,   3.1
113,  48, 28.21477992, 96.67192842,  99.9
114,  48, 28.20318288, 96.67627342,  99.9
115,  48, 28.19142789, 96.68067659,   3.8
116,  48, 28.17951280, 96.68513869,   3.8
117,  48, 28.16743542, 96.68966051,   3.7
118,  48, 28.15519354, 96.69424282,   3.7
119,  48, 28.14278493, 96.69888642,   3.6
120,  48, 28.13020729, 96.70359212,   3.6
121,  48, 28.11745834, 96.70836073,   3.5
122,  48, 28.10453574, 96.71319308,   3.5
123,  48, 28.09143711, 96.71809000,   3.5
124,  48, 28.07816007, 96.72305235,   3.5
125,  48, 28.06470217, 96.72808098,   3.4
126,  48, 28.05106095, 96.73317676,   3.4
127,  48, 28.03723392, 96.73834058,   3.4
128,  48, 28.02321853, 96.74357331,   3.4
129,  48, 28.00901222, 96.74887586,   3.3
130,  48, 27.99461239, 96.75424915,   3.3
131,  48, 27.98001640, 96.75969410,   3.3
132,  48, 27.96522157, 96.76521165,   3.3
133,  48, 27.95022519, 96.77080275,   3.2
134,  48, 27.93502451, 96.77646834,   3.2
135,  48, 27.91961676, 96.78220942,   3.2
136,  48, 27.90399910, 96.78802696,   3.2
137,  48, 27.88816867, 96.79392196,   3.2
138,  48, 27.87212257, 96.79989542,   3.1
139,  48, 27.85585786, 96.80594837,   3.1
140,  48, 27.83937156, 96.81208185,   3.1
141,  48, 27.82266064, 96.81829689,   3.1
142,  48, 27.80572205, 96.82459457,   3.1
143,  48, 27.78855267, 96.83097594,   3.1
144,  48, 27.77114937, 96.83744210,   3.1
145,  48, 27.75350894, 96.84399416,   3.1
146,  48, 27.73562816, 96.85063321,   3.0
147,  48, 27.71750375, 96.85736039,   3.0
148,  48, 27.69913238, 96.86417684,   3.0
149,  48, 27.68051069, 96.87108372,   3.0
150,  48, 27.66163527, 96.87808218,   3.0
151,  48, 27.64250264, 96.88517343,   3.0
152,  48, 27.62310931, 96.89235864,   3.0
153,  48, 27.60345171, 96.89963905,   3.0
154,  48, 27.58352625, 96.90701586,   3.0
155,  48, 27.56332926, 96.91449033,   3.0
156,  48, 27.54285705, 96.92206372,   2.9
157,  48, 27.52210586, 96.92973729,   2.9
158,  48, 27.50107189, 96.93751233,   2.9
159,  48, 27.47975127, 96.94539015,   2.9
160,  48, 27.45814010, 96.95337206,   2.9
161,  48, 27.43623441, 96.96145941,   2.9
162,  48, 27.41403019, 96.96965353,   2.9
163,  48, 27.39152337, 96.97795581,   2.9
164,  48, 27.36870981, 96.98636762,   2.9
165,  48, 27.34558533, 96.99489036,   2.9
166,  48, 27.32214569, 97.00352545,   2.9
167,  48, 27.29838659, 97.01227433,   2.9
168,  48, 27.27430367, 97.02113844,   2.9
169,  48, 27.24989251, 97.03011926,   2.9
170,  48, 27.22514864, 97.03921827,   2.9
171,  48, 27.20006752, 97.04843697,   2.9
172,  48, 27.17464454, 97.05777689,   2.9
173,  48, 27.14887505, 97.06723957,   2.9
174,  48, 27.12275431, 97.07682655,   2.9
175,  48, 27.09627753, 97.08653942,   2.9
176,  48, 27.06943986, 97.09637978,   2.9
177,  48, 27.04223637, 97.10634923,   2.9
178,  48, 27.01466207, 97.11644941,   3.0
179,  48, 26.98671190, 97.12668197,   3.0
180,  48, 26.95838074, 97.13704857,   3.0
181,  48, 26.92966338, 97.14755092,   3.0
182,  48, 26.90055456, 97.15819071,   3.0
183,  48, 26.87104894, 97.16896968,   3.0
184,  48, 26.84114110, 97.17988957,   3.0
185,  48, 26.81082556, 97.19095216,   3.1
186,  48, 26.78009675, 97.20215923,   3.1
187,  48, 26.74894904, 97.21351260,   3.1
188,  48, 26.71737671, 97.22501409,   3.2
189,  48, 26.68537397, 97.23666557,   3.2
190,  48, 26.65293495, 97.24846889,   3.3
191,  48, 26.62005370, 97.26042595,   3.4
  1,  49, 28.87840503, 96.41841960,  99.9
  2,  49, 28.87584322, 96.41934884,  99.9
  3,  49, 28.87324654, 96.42029068,  99.9
  4,  49, 28.87061453, 96.42124529,  99.9
  5,  49, 28.86794669, 96.42221284,  99.9
  6,  49, 28.86524255, 96.42319350,  99.9
  7,  49, 28.86250160, 96.42418745,  99.9
  8,  49, 28.85972335, 96.42519488,  99.9
  9,  49, 28.85690729, 96.42621596,  99.9
 10,  49, 28.85405291, 96.42725088,  99.9
 11,  49, 28.85115968, 96.42829982,  99.9
 12,  49, 28.84822707, 96.42936297,  99.9
 13,  49, 28.84525455, 96.43044053,  99.9
 14,  49, 28.84224157, 96.43153269,  99.9
 15,  49, 28.83918759, 96.43263965,  99.9
 16,  49, 28.83609204, 96.43376160,  99.9
 17,  49, 28.83295437, 96.43489876,  99.9
 18,  49, 28.82977399, 96.43605131,  99.9
 19,  49, 28.82655032, 96.43721948,  99.9
 20,  49, 28.82328278, 96.43840347,  99.9
 21,  49, 28.81997077, 96.43960349,  99.9
 22,  49, 28.81661368, 96.44081976,  99.9
 23,  49, 28.81321090, 96.44205251,  99.9
 24,  49, 28.80976181, 96.44330194,  99.9
 25,  49, 28.80626577, 96.44456830,  99.9
 26,  49, 28.80272215, 96.44585180,  99.9
 27,  49, 28.79913030, 96.44715267,  99.9
 28,  49, 28.79548956, 96.44847115,  99.9
 29,  49, 28.79179927, 96.44980749,  99.9
 30,  49, 28.78805876, 96.45116190,  99.9
 31,  49, 28.78426733, 96.45253465,  99.9
 32,  49, 28.78042430, 96.45392598,  99.9
 33,  49, 28.77652896, 96.45533614,  99.9
 34,  49, 28.77258060, 96.45676537,  99.9
 35,  49, 28.76857850, 96.45821395,  99.9
 36,  49, 28.76452193, 96.45968212,  99.9
 37,  49, 28.76041014, 96.46117016,  99.9
 38,  49, 28.75624239, 96.46267832,  99.9
 39,  49, 28.75201791, 96.46420688,  99.9
 40,  49, 28.74773593, 96.46575612,  99.9
 41,  49, 28.74339566, 96.46732631,  99.9
 42,  49, 28.73899632, 96.46891773,  99.9
 43,  49, 28.73453709, 96.47053067,  99.9
 44,  49, 28.73001717, 96.47216542,  99.9
 45,  49, 28.72543573, 96.47382227,  99.9
 46,  49, 28.72079192, 96.47550151,  99.9
 47,  49, 28.71608490, 96.47720346,  99.9
 48,  49, 28.71131382, 96.47892841,  99.9
 49,  49, 28.70647779, 96.48067667,  99.9
 50,  49, 28.70157593, 96.48244855,  99.9
 51,  49, 28.69660734, 96.48424438,  99.9
 52,  49, 28.69157113, 96.48606447,  99.9
 53,  49, 28.68646635, 96.48790915,  99.9
 54,  49, 28.68129210, 96.48977874,  99.9
 55,  49, 28.67604740, 96.49167359,  99.9
 56,  49, 28.67073132, 96.49359404,  99.9
 57,  49, 28.66534287, 96.49554041,  99.9
 58,  49, 28.65988106, 96.49751307,  99.9
 59,  49, 28.65434491, 96.49951236,  99.9
 60,  49, 28.64873340, 96.50153864,  99.9
 61,  49, 28.64304549, 96.50359228,  99.9
 62,  49, 28.63728016, 96.50567363,   4.4
 63,  49, 28.63143635, 96.50778307,   4.4
 64,  49, 28.62551298, 96.50992098,   4.4
 65,  49, 28.61950897, 96.51208773,   4.3
 66,  49, 28.61342323, 96.51428372,   4.3
 67,  49, 28.60725465, 96.51650933,   4.3
 68,  49, 28.60100208, 96.51876496,   4.3
 69,  49, 28.59466440, 96.52105101,   4.3
 70,  49, 28.58824044, 96.52336789,   4.4
 71,  49, 28.58172903, 96.52571601,   4.4
 72,  49, 28.57512897, 96.52809578,   4.4
 73,  49, 28.56843905, 96.53050763,   4.4
 74,  49, 28.56165806, 96.53295200,   4.4
 75,  49, 28.55478475, 96.53542930,   4.4
 76,  49, 28.54781787, 96.53793999,  99.9
 77,  49, 28.54075614, 96.54048450,  99.9
 78,  49, 28.53359827, 96.54306329,  99.9
 79,  49, 28.52634294, 96.54567682,  99.9
 80,  49, 28.51898884, 96.54832554,  99.9
 81,  49, 28.51153461, 96.55100993,  99.9
 82,  49, 28.50397889, 96.55373047,  99.9
 83,  49, 28.49632031, 96.55648763,  99.9
 84,  49, 28.48855745, 96.55928190,   4.2
 85,  49, 28.48068890, 96.56211378,   4.2
 86,  49, 28.47271321, 96.56498377,   3.5
 87,  49, 28.46462894, 96.56789237,   3.7
 88,  49, 28.45643459, 96.57084009,  99.9
 89,  49, 28.44812867, 96.57382747,  99.9
 90,  49, 28.43970966, 96.57685502,  99.9
 91,  49, 28.43117602, 96.57992328,  99.9
 92,  49, 28.42252619, 96.58303278,  99.9
 93,  49, 28.41375858, 96.58618409,  99.9
 94,  49, 28.40487158, 96.58937775,  99.9
 95,  49, 28.39586358, 96.59261432,  99.9
 96,  49, 28.38673293, 96.59589438,  99.9
 97,  49, 28.37747794, 96.59921850,  99.9
 98,  49, 28.36809693, 96.60258726,  99.9
 99,  49, 28.35858819, 96.60600126,   3.0
100,  49, 28.34894996, 96.60946109,   3.1
101,  49, 28.33918049, 96.61296737,   2.7
102,  49, 28.32927798, 96.61652071,   2.7
103,  49, 28.31924064, 96.62012172,   2.7
104,  49, 28.30906660, 96.62377105,   2.8
105,  49, 28.29875403, 96.62746933,   2.8
106,  49, 28.28830102, 96.63121721,   2.8
107,  49, 28.27770566, 96.63501534,   2.9
108,  49, 28.26696601, 96.63886439,   3.0
109,  49, 28.25608012, 96.64276503,   3.1
110,  49, 28.24504597, 96.64671793,   3.1
111,  49, 28.23386156, 96.65072380,   3.2
112,  49, 28.22252483, 96.65478333,  99.9
113,  49, 28.21103371, 96.65889722,  99.9
114,  49, 28.19938610, 96.66306620,   3.8
115,  49, 28.18757986, 96.66729098,   3.7
116,  49, 28.17561283, 96.67157231,   3.7
117,  49, 28.16348282, 96.67591093,   3.7
118,  49, 28.15118761, 96.68030758,   3.6
119,  49, 28.13872494, 96.68476304,   3.6
120,  49, 28.12609253, 96.68927808,   3.5
121,  49, 28.11328807, 96.69385347,   3.5
122,  49, 28.10030922, 96.69849002,   3.5
123,  49, 28.08715360, 96.70318852,   3.4
124,  49, 28.07381879, 96.70794979,   3.4
125,  49, 28.06030236, 96.71277465,   3.4
126,  49, 28.04660182, 96.71766394,   3.4
127,  49, 28.03271468, 96.72261849,   3.3
128,  49, 28.01863838, 96.72763916,   3.3
129,  49, 28.00437034, 96.73272683,   3.3
130,  49, 27.98990796, 96.73788235,   3.3
131,  49, 27.97524859, 96.74310663,   3.2
132,  49, 27.96038953, 96.74840056,   3.2
133,  49, 27.94532807, 96.75376504,   3.2
134,  49, 27.93006144, 96.75920101,   3.2
135,  49, 27.91458685, 96.76470938,   3.2
136,  49, 27.89890147, 96.77029112,   3.1
137,  49, 27.88300241, 96.77594716,   3.1
138,  49, 27.86688677, 96.78167848,   3.1
139,  49, 27.85055160, 96.78748607,   3.1
140,  49, 27.83399389, 96.79337090,   3.1
141,  49, 27.81721062, 96.79933399,   3.1
142,  49, 27.80019871, 96.80537635,   3.1
143,  49, 27.78295505, 96.81149901,   3.0
144,  49, 27.76547646, 96.81770302,   3.0
145,  49, 27.74775976, 96.82398942,   3.0
146,  49, 27.72980169, 96.83035929,   3.0
147,  49, 27.71159896, 96.83681371,   3.0
148,  49, 27.69314823, 96.84335376,   3.0
149,  49, 27.67444613, 96.84998057,   3.0
150,  49, 27.65548922, 96.85669524,   3.0
151,  49, 27.63627403, 96.86349892,   3.0
152,  49, 27.61679704, 96.87039275,   2.9
153,  49, 27.59705468, 96.87737790,   2.9
154,  49, 27.57704333, 96.88445554,   2.9
155,  49, 27.55675932, 96.89162686,   2.9
156,  49, 27.53619893, 96.89889307,   2.9
157,  49, 27.51535839, 96.90625540,   2.9
158,  49, 27.49423389, 96.91371507,   2.9
159,  49, 27.47282154, 96.92127334,   2.9
160,  49, 27.45111743, 96.92893147,   2.9
161,  49, 27.42911758, 96.93669074,   2.9
162,  49, 27.40681795, 96.94455244,   2.9
163,  49, 27.38421445, 96.95251790,   2.9
164,  49, 27.36130294, 96.96058844,   2.9
165,  49, 27.33807922, 96.96876539,   2.9
166,  49, 27.31453903, 96.97705012,   2.9
167,  49, 27.29067805, 96.98544401,   2.9
168,  49, 27.26649191, 96.99394844,   2.9
169,  49, 27.24197617, 97.00256482,   2.9
170,  49, 27.21712635, 97.01129459,   2.9
171,  49, 27.19193787, 97.02013918,   2.9
172,  49, 27.16640613, 97.02910004,   2.9
173,  49, 27.14052644, 97.03817867,   2.9
174,  49, 27.11429405, 97.04737654,   2.9
175,  49, 27.08770416, 97.05669518,   2.9
176,  49, 27.06075189, 97.06613611,   2.9
177,  49, 27.03343229, 97.07570087,   2.9
178,  49, 27.00574036, 97.08539104,   2.9
179,  49, 26.97767102, 97.09520819,   2.9
180,  49, 26.94921913, 97.10515394,   2.9
181,  49, 26.92037945, 97.11522988,   3.0
182,  49, 26.89114671, 97.12543768,   3.0
183,  49, 26.86151555, 97.13577898,   3.0
184,  49, 26.83148052, 97.14625547,   3.0
185,  49, 26.80103613, 97.15686883,   3.0
186,  49, 26.77017679, 97.16762079,   3.0
187,  49, 26.73889684, 97.17851308,   3.1
188,  49, 26.70719055, 97.18954746,   3.1
189,  49, 26.67505209, 97.20072570,   3.1
190,  49, 26.64247559, 97.21204960,   3.2
191,  49, 26.60945505, 97.22352097,   3.4
  1,  50, 28.87760976, 96.41552274,  99.9
  2,  50, 28.87503714, 96.41641263,  99.9
  3,  50, 28.87242952, 96.41731459,  99.9
  4,  50, 28.86978641, 96.41822877,  99.9
  5,  50, 28.86710732, 96.41915535,  99.9
  6,  50, 28.86439178, 96.42009448,  99.9
  7,  50, 28.86163928, 96.42104635,  99.9
  8,  50, 28.85884932, 96.42201111,  99.9
  9,  50, 28.85602139, 96.42298895,  99.9
 10,  50, 28.85315498, 96.42398004,  99.9
 11,  50, 28.85024955, 96.42498456,  99.9
 12,  50, 28.84730459, 96.42600269,  99.9
 13,  50, 28.84431954, 96.42703462,  99.9
 14,  50, 28.84129387, 96.42808052,  99.9
 15,  50, 28.83822702, 96.42914060,  99.9
 16,  50, 28.83511843, 96.43021504,  99.9
 17,  50, 28.83196753, 96.43130403,  99.9
 18,  50, 28.82877376, 96.43240778,  99.9
 19,  50, 28.82553651, 96.43352647,  99.9
 20,  50, 28.82225521, 96.43466032,  99.9
 21,  50, 28.81892925, 96.43580952,  99.9
 22,  50, 28.81555802, 96.43697428,  99.9
 23,  50, 28.81214091, 96.43815482,  99.9
 24,  50, 28.80867729, 96.43935134,  99.9
 25,  50, 28.80516653, 96.44056406,  99.9
 26,  50, 28.80160799, 96.44179320,  99.9
 27,  50, 28.79800102, 96.44303898,  99.9
 28,  50, 28.79434496, 96.44430162,  99.9
 29,  50, 28.79063913, 96.44558135,  99.9
 30,  50, 28.78688287, 96.44687841,  99.9
 31,  50, 28.78307549, 96.44819301,  99.9
 32,  50, 28.77921628, 96.44952541,  99.9
 33,  50, 28.77530455, 96.45087584,  99.9
 34,  50, 28.77133958, 96.45224455,  99.9
 35,  50, 28.76732064, 96.45363177,  99.9
 36,  50, 28.76324700, 96.45503775,  99.9
 37,  50, 28.75911791, 96.45646276,  99.9
 38,  50, 28.75493263, 96.45790704,  99.9
 39,  50, 28.75069038, 96.45937086,  99.9
 40,  50, 28.74639039, 96.46085448,  99.9
 41,  50, 28.74203187, 96.46235816,  99.9
 42,  50, 28.73761402, 96.46388217,  99.9
 43,  50, 28.73313605, 96.46542679,  99.9
 44,  50, 28.72859712, 96.46699230,  99.9
 45,  50, 28.72399642, 96.46857896,  99.9
 46,  50, 28.71933309, 96.47018708,  99.9
 47,  50, 28.71460629, 96.47181693,  99.9
 48,  50, 28.70981515, 96.47346881,  99.9
 49,  50, 28.70495879, 96.47514302,  99.9
 50,  50, 28.70003634, 96.47683985,  99.9
 51,  50, 28.69504688, 96.47855960,  99.9
 52,  50, 28.68998950, 96.48030259,  99.9
 53,  50, 28.68486328, 96.48206913,   4.1
 54,  50, 28.67966729, 96.48385953,   4.3
 55,  50, 28.67440057, 96.48567411,  99.9
 56,  50, 28.66906216, 96.48751319,  99.9
 57,  50, 28.66365108, 96.48937712,  99.9
 58,  50, 28.65816634, 96.49126621,  99.9
 59,  50, 28.65260695, 96.49318080,  99.9
 60,  50, 28.64697188, 96.49512124,  99.9
 61,  50, 28.64126010, 96.49708787,  99.9
 62,  50, 28.63547057, 96.49908105,   4.3
 63,  50, 28.62960223, 96.50110113,   4.3
 64,  50, 28.62365401, 96.50314846,   4.3
 65,  50, 28.61762481, 96.50522342,  99.9
 66,  50, 28.61151354, 96.50732637,   4.3
 67,  50, 28.60531908, 96.50945769,   4.3
 68,  50, 28.59904030, 96.51161775,   4.3
 69,  50, 28.59267604, 96.51380695,   4.3
 70,  50, 28.58622514, 96.51602566,   4.3
 71,  50, 28.57968643, 96.51827429,   4.3
 72,  50, 28.57305870, 96.52055324,   4.3
 73,  50, 28.56634074, 96.52286290,   4.3
 74,  50, 28.55953134, 96.52520369,   4.4
 75,  50, 28.55262923, 96.52757603,   4.4
 76,  50, 28.54563315, 96.52998034,  99.9
 77,  50, 28.53854184, 96.53241703,  99.9
 78,  50, 28.53135398, 96.53488656,  99.9
 79,  50, 28.52406827, 96.53738934,  99.9
 80,  50, 28.51668338, 96.53992583,  99.9
 81,  50, 28.50919794, 96.54249647,  99.9
 82,  50, 28.50161059, 96.54510173,  99.9
 83,  50, 28.49391995, 96.54774205,  99.9
 84,  50, 28.48612460, 96.55041792,   4.2
 85,  50, 28.47822313, 96.55312979,   4.2
 86,  50, 28.47021408, 96.55587816,   3.7
 87,  50, 28.46209598, 96.55866350,   3.7
 88,  50, 28.45386736, 96.56148631,  99.9
 89,  50, 28.44552671, 96.56434708,  99.9
 90,  50, 28.43707250, 96.56724632,  99.9
 91,  50, 28.42850319, 96.57018455,  99.9
 92,  50, 28.41981720, 96.57316228,  99.9
 93,  50, 28.41101295, 96.57618003,  99.9
 94,  50, 28.40208882, 96.57923833,  99.9
 95,  50, 28.39304319, 96.58233773,  99.9
 96,  50, 28.38387439, 96.58547877,  99.9
 97,  50, 28.37458076, 96.58866200,  99.9
 98,  50, 28.36516058, 96.59188798,   2.9
 99,  50, 28.35561214, 96.59515727,   2.9
100,  50, 28.34593368, 96.59847046,   2.7
101,  50, 28.33612344, 96.60182812,   2.7
102,  50, 28.32617962, 96.60523084,   2.7
103,  50, 28.31610040, 96.60867922,   2.7
104,  50, 28.30588394, 96.61217386,   2.8
105,  50, 28.29552836, 96.61571537,   2.8
106,  50, 28.28503177, 96.61930437,   2.9
107,  50, 28.27439225, 96.62294150,   3.0
108,  50, 28.26360785, 96.62662738,   3.0
109,  50, 28.25267659, 96.63036266,   3.1
110,  50, 28.24159648, 96.63414799,   3.1
111,  50, 28.23036549, 96.63798404,  99.9
112,  50, 28.21898156, 96.64187146,  99.9
113,  50, 28.20744260, 96.64581094,   3.7
114,  50, 28.19574651, 96.64980317,   3.7
115,  50, 28.18389115, 96.65384884,   3.7
116,  50, 28.17187433, 96.65794864,   3.6
117,  50, 28.15969387, 96.66210330,   3.6
118,  50, 28.14734753, 96.66631354,   3.6
119,  50, 28.13483305, 96.67058009,   3.5
120,  50, 28.12214814, 96.67490368,   3.5
121,  50, 28.10929047, 96.67928507,   3.5
122,  50, 28.09625770, 96.68372501,   3.4
123,  50, 28.08304744, 96.68822427,   3.4
124,  50, 28.06965726, 96.69278364,   3.4
125,  50, 28.05608472, 96.69740390,   3.3
126,  50, 28.04232733, 96.70208584,   3.3
127,  50, 28.02838257, 96.70683028,   3.3
128,  50, 28.01424788, 96.71163804,   3.3
129,  50, 27.99992068, 96.71650993,   3.3
130,  50, 27.98539834, 96.72144680,   3.2
131,  50, 27.97067821, 96.72644951,   3.2
132,  50, 27.95575759, 96.73151890,   3.2
133,  50, 27.94063373, 96.73665586,   3.2
134,  50, 27.92530389, 96.74186126,   3.2
135,  50, 27.90976524, 96.74713599,   3.1
136,  50, 27.89401494, 96.75248096,   3.1
137,  50, 27.87805010, 96.75789708,   3.1
138,  50, 27.86186781, 96.76338529,   3.1
139,  50, 27.84546509, 96.76894651,   3.1
140,  50, 27.82883894, 96.77458170,   3.1
141,  50, 27.81198632, 96.78029182,   3.0
142,  50, 27.79490413, 96.78607784,   3.0
143,  50, 27.77758925, 96.79194075,   3.0
144,  50, 27.76003851, 96.79788154,   3.0
145,  50, 27.74224869, 96.80390122,   3.0
146,  50, 27.72421653, 96.81000083,   3.0
147,  50, 27.70593873, 96.81618138,   3.0
148,  50, 27.68741193, 96.82244394,   3.0
149,  50, 27.66863275, 96.82878955,   2.9
150,  50, 27.64959774, 96.83521929,   2.9
151,  50, 27.63030341, 96.84173426,   2.9
152,  50, 27.61074624, 96.84833554,   2.9
153,  50, 27.59092263, 96.85502425,   2.9
154,  50, 27.57082895, 96.86180153,   2.9
155,  50, 27.55046152, 96.86866850,   2.9
156,  50, 27.52981661, 96.87562632,   2.9
157,  50, 27.50889043, 96.88267617,   2.9
158,  50, 27.48767915, 96.88981922,   2.9
159,  50, 27.46617889, 96.89705667,   2.9
160,  50, 27.44438570, 96.90438973,   2.9
161,  50, 27.42229558, 96.91181963,   2.9
162,  50, 27.39990449, 96.91934761,   2.9
163,  50, 27.37720833, 96.92697492,   2.8
164,  50, 27.35420294, 96.93470284,   2.8
165,  50, 27.33088409, 96.94253264,   2.8
166,  50, 27.30724752, 96.95046564,   2.8
167,  50, 27.28328889, 96.95850314,   2.8
168,  50, 27.25900381, 96.96664648,   2.8
169,  50, 27.23438784, 96.97489701,   2.8
170,  50, 27.20943645, 96.98325609,   2.8
171,  50, 27.18414507, 96.99172510,   2.9
172,  50, 27.15850908, 97.00030544,   2.9
173,  50, 27.13252376, 97.00899852,   2.9
174,  50, 27.10618436, 97.01780578,   2.9
175,  50, 27.07948605, 97.02672865,   2.9
176,  50, 27.05242394, 97.03576860,   2.9
177,  50, 27.02499306, 97.04492711,   2.9
178,  50, 26.99718838, 97.05420569,   2.9
179,  50, 26.96900482, 97.06360583,   2.9
180,  50, 26.94043720, 97.07312909,   2.9
181,  50, 26.91148029, 97.08277701,   2.9
182,  50, 26.88212877, 97.09255115,   2.9
183,  50, 26.85237728, 97.10245311,   2.9
184,  50, 26.82222035, 97.11248449,   2.9
185,  50, 26.79165246, 97.12264691,   3.0
186,  50, 26.76066800, 97.13294202,   3.0
187,  50, 26.72926130, 97.14337148,   3.0
188,  50, 26.69742660, 97.15393696,   3.0
189,  50, 26.66515807, 97.16464018,   3.1
190,  50, 26.63244979, 97.17548284,   3.1
191,  50, 26.59929576, 97.18646669,   3.2
  1,  51, 28.87684895, 96.41261398,  99.9
  2,  51, 28.87426600, 96.41346436,  99.9
  3,  51, 28.87164791, 96.41432627,  99.9
  4,  51, 28.86899418, 96.41519987,  99.9
  5,  51, 28.86630434, 96.41608530,  99.9
  6,  51, 28.86357789, 96.41698274,  99.9
  7,  51, 28.86081434, 96.41789234,  99.9
  8,  51, 28.85801317, 96.41881426,  99.9
  9,  51, 28.85517389, 96.41974869,  99.9
 10,  51, 28.85229597, 96.42069577,  99.9
 11,  51, 28.84937888, 96.42165569,  99.9
 12,  51, 28.84642209, 96.42262861,  99.9
 13,  51, 28.84342506, 96.42361472,  99.9
 14,  51, 28.84038724, 96.42461418,  99.9
 15,  51, 28.83730808, 96.42562719,  99.9
 16,  51, 28.83418702, 96.42665392,  99.9
 17,  51, 28.83102348, 96.42769456,  99.9
 18,  51, 28.82781688, 96.42874929,  99.9
 19,  51, 28.82456665, 96.42981831,  99.9
 20,  51, 28.82127218, 96.43090181,  99.9
 21,  51, 28.81793287, 96.43199998,  99.9
 22,  51, 28.81454812, 96.43311303,  99.9
 23,  51, 28.81111730, 96.43424114,  99.9
 24,  51, 28.80763979, 96.43538453,  99.9
 25,  51, 28.80411494, 96.43654340,  99.9
 26,  51, 28.80054213, 96.43771796,  99.9
 27,  51, 28.79692069, 96.43890842,  99.9
 28,  51, 28.79324997, 96.44011499,  99.9
 29,  51, 28.78952928, 96.44133790,  99.9
 30,  51, 28.78575796, 96.44257735,  99.9
 31,  51, 28.78193531, 96.44383358,  99.9
 32,  51, 28.77806063, 96.44510682,  99.9
 33,  51, 28.77413322, 96.44639728,  99.9
 34,  51, 28.77015235, 96.44770520,   4.0
 35,  51, 28.76611730, 96.44903081,   4.0
 36,  51, 28.76202733, 96.45037437,   4.0
 37,  51, 28.75788170, 96.45173609,   4.0
 38,  51, 28.75367964, 96.45311624,   4.0
 39,  51, 28.74942039, 96.45451505,  99.9
 40,  51, 28.74510317, 96.45593278,  99.9
 41,  51, 28.74072719, 96.45736968,  99.9
 42,  51, 28.73629165, 96.45882601,  99.9
 43,  51, 28.73179574, 96.46030203,  99.9
 44,  51, 28.72723864, 96.46179801,  99.9
 45,  51, 28.72261950, 96.46331422,  99.9
 46,  51, 28.71793750, 96.46485091,  99.9
 47,  51, 28.71319177, 96.46640838,  99.9
 48,  51, 28.70838145, 96.46798690,  99.9
 49,  51, 28.70350565, 96.46958675,  99.9
 50,  51, 28.69856349, 96.47120822,  99.9
 51,  51, 28.69355406, 96.47285159,  99.9
 52,  51, 28.68847644, 96.47451717,  99.9
 53,  51, 28.68332971, 96.47620525,  99.9
 54,  51, 28.67811292, 96.47791613,   4.4
 55,  51, 28.67282513, 96.47965011,  99.9
 56,  51, 28.66746536, 96.48140752,  99.9
 57,  51, 28.66203263, 96.48318865,  99.9
 58,  51, 28.65652596, 96.48499384,  99.9
 59,  51, 28.65094433, 96.48682339,  99.9
 60,  51, 28.64528672, 96.48867765,  99.9
 61,  51, 28.63955211, 96.49055693,  99.9
 62,  51, 28.63373943, 96.49246157,  99.9
 63,  51, 28.62784763, 96.49439192,  99.9
 64,  51, 28.62187563, 96.49634832,  99.9
 65,  51, 28.61582234, 96.49833111,   4.3
 66,  51, 28.60968665, 96.50034065,   4.2
 67,  51, 28.60346743, 96.50237730,   4.2
 68,  51, 28.59716356, 96.50444141,   4.2
 69,  51, 28.59077388, 96.50653336,   4.2
 70,  51, 28.58429721, 96.50865352,   4.3
 71,  51, 28.57773238, 96.51080226,   4.3
 72,  51, 28.57107819, 96.51297997,   4.3
 73,  51, 28.56433341, 96.51518704,   4.3
 74,  51, 28.55749682, 96.51742385,   4.3
 75,  51, 28.55056715, 96.51969080,   4.3
 76,  51, 28.54354316, 96.52198830,   4.3
 77,  51, 28.53642354, 96.52431675,   4.3
 78,  51, 28.52920701, 96.52667656,   4.3
 79,  51, 28.52189223, 96.52906816,   4.3
 80,  51, 28.51447787, 96.53149196,  99.9
 81,  51, 28.50696258, 96.53394840,  99.9
 82,  51, 28.49934498, 96.53643792,  99.9
 83,  51, 28.49162367, 96.53896094,   4.1
 84,  51, 28.48379724, 96.54151792,   4.2
 85,  51, 28.47586427, 96.54410931,   4.2
 86,  51, 28.46782330, 96.54673557,  99.9
 87,  51, 28.45967285, 96.54939716,  99.9
 88,  51, 28.45141145, 96.55209455,  99.9
 89,  51, 28.44303757, 96.55482822,  99.9
 90,  51, 28.43454969, 96.55759865,  99.9
 91,  51, 28.42594625, 96.56040633,  99.9
 92,  51, 28.41722567, 96.56325174,  99.9
 93,  51, 28.40838637, 96.56613541,  99.9
 94,  51, 28.39942672, 96.56905782,  99.9
 95,  51, 28.39034509, 96.57201950,  99.9
 96,  51, 28.38113981, 96.57502097,  99.9
 97,  51, 28.37180920, 96.57806275,   2.9
 98,  51, 28.36235155, 96.58114538,   2.9
 99,  51, 28.35276514, 96.58426940,   2.8
100,  51, 28.34304820, 96.58743536,   2.7
101,  51, 28.33319896, 96.59064381,   2.7
102,  51, 28.32321562, 96.59389532,   2.7
103,  51, 28.31309634, 96.59719045,   2.8
104,  51, 28.30283929, 96.60052979,   2.8
105,  51, 28.29244257, 96.60391392,   2.8
106,  51, 28.28190429, 96.60734342,   2.9
107,  51, 28.27122252, 96.61081890,   3.0
108,  51, 28.26039531, 96.61434097,   3.1
109,  51, 28.24942066, 96.61791025,   3.1
110,  51, 28.23829659, 96.62152734,  99.9
111,  51, 28.22702103, 96.62519289,   3.8
112,  51, 28.21559195, 96.62890754,   3.8
113,  51, 28.20400723, 96.63267192,   3.7
114,  51, 28.19226477, 96.63648670,   3.7
115,  51, 28.18036240, 96.64035255,   3.6
116,  51, 28.16829796, 96.64427012,   3.6
117,  51, 28.15606924, 96.64824011,   3.5
118,  51, 28.14367399, 96.65226320,   3.5
119,  51, 28.13110995, 96.65634009,   3.5
120,  51, 28.11837481, 96.66047149,   3.4
121,  51, 28.10546625, 96.66465811,   3.4
122,  51, 28.09238191, 96.66890068,   3.4
123,  51, 28.07911937, 96.67319993,   3.4
124,  51, 28.06567623, 96.67755660,   3.3
125,  51, 28.05205002, 96.68197146,   3.3
126,  51, 28.03823823, 96.68644526,   3.3
127,  51, 28.02423835, 96.69097876,   3.3
128,  51, 28.01004781, 96.69557277,   3.2
129,  51, 27.99566402, 96.70022805,   3.2
130,  51, 27.98108433, 96.70494543,   3.2
131,  51, 27.96630608, 96.70972570,   3.2
132,  51, 27.95132656, 96.71456969,   3.2
133,  51, 27.93614303, 96.71947824,   3.1
134,  51, 27.92075270, 96.72445218,   3.1
135,  51, 27.90515277, 96.72949236,   3.1
136,  51, 27.88934038, 96.73459965,   3.1
137,  51, 27.87331262, 96.73977493,   3.1
138,  51, 27.85706656, 96.74501908,   3.1
139,  51, 27.84059923, 96.75033299,   3.0
140,  51, 27.82390761, 96.75571757,   3.0
141,  51, 27.80698864, 96.76117375,   3.0
142,  51, 27.78983923, 96.76670244,   3.0
143,  51, 27.77245624, 96.77230460,   3.0
144,  51, 27.75483647, 96.77798116,   3.0
145,  51, 27.73697671, 96.78373311,   3.0
146,  51, 27.71887368, 96.78956142,   2.9
147,  51, 27.70052406, 96.79546706,   2.9
148,  51, 27.68192450, 96.80145105,   2.9
149,  51, 27.66307159, 96.80751440,   2.9
150,  51, 27.64396187, 96.81365813,   2.9
151,  51, 27.62459184, 96.81988328,   2.9
152,  51, 27.60495796, 96.82619090,   2.9
153,  51, 27.58505663, 96.83258206,   2.9
154,  51, 27.56488420, 96.83905782,   2.9
155,  51, 27.54443698, 96.84561929,   2.9
156,  51, 27.52371122, 96.85226755,   2.9
157,  51, 27.50270312, 96.85900374,   2.9
158,  51, 27.48140884, 96.86582897,   2.9
159,  51, 27.45982447, 96.87274439,   2.8
160,  51, 27.43794606, 96.87975116,   2.8
161,  51, 27.41576961, 96.88685045,   2.8
162,  51, 27.39329104, 96.89404345,   2.8
163,  51, 27.37050624, 96.90133134,   2.8
164,  51, 27.34741104, 96.90871535,   2.8
165,  51, 27.32400120, 96.91619671,   2.8
166,  51, 27.30027244, 96.92377665,   2.8
167,  51, 27.27622040, 96.93145644,   2.8
168,  51, 27.25184069, 96.93923734,   2.8
169,  51, 27.22712883, 96.94712065,   2.8
170,  51, 27.20208029, 96.95510766,   2.8
171,  51, 27.17669049, 96.96319970,   2.8
172,  51, 27.15095477, 96.97139810,   2.8
173,  51, 27.12486842, 96.97970421,   2.8
174,  51, 27.09842666, 96.98811940,   2.8
175,  51, 27.07162464, 96.99664504,   2.8
176,  51, 27.04445746, 97.00528253,   2.8
177,  51, 27.01692013, 97.01403330,   2.9
178,  51, 26.98900761, 97.02289876,   2.9
179,  51, 26.96071479, 97.03188037,   2.9
180,  51, 26.93203647, 97.04097959,   2.9
181,  51, 26.90296742, 97.05019790,   2.9
182,  51, 26.87350229, 97.05953681,   2.9
183,  51, 26.84363570, 97.06899782,   2.9
184,  51, 26.81336216, 97.07858246,   2.9
185,  51, 26.78267614, 97.08829230,   2.9
186,  51, 26.75157201, 97.09812890,   2.9
187,  51, 26.72004408, 97.10809385,   2.9
188,  51, 26.68808656, 97.11818874,   2.9
189,  51, 26.65569360, 97.12841521,   3.0
190,  51, 26.62285927, 97.13877490,   3.0
191,  51, 26.58957755, 97.14926946,   3.0
  1,  52, 28.87612275, 96.40969385,  99.9
  2,  52, 28.87352994, 96.41050457,  99.9
  3,  52, 28.87090185, 96.41132627,  99.9
  4,  52, 28.86823799, 96.41215912,  99.9
  5,  52, 28.86553788, 96.41300325,  99.9
  6,  52, 28.86280102, 96.41385883,  99.9
  7,  52, 28.86002692, 96.41472600,  99.9
  8,  52, 28.85721506, 96.41560492,  99.9
  9,  52, 28.85436494, 96.41649576,  99.9
 10,  52, 28.85147603, 96.41739867,  99.9
 11,  52, 28.84854781, 96.41831381,  99.9
 12,  52, 28.84557974, 96.41924135,  99.9
 13,  52, 28.84257127, 96.42018146,  99.9
 14,  52, 28.83952186, 96.42113430,  99.9
 15,  52, 28.83643095, 96.42210006,  99.9
 16,  52, 28.83329798, 96.42307890,  99.9
 17,  52, 28.83012236, 96.42407099,  99.9
 18,  52, 28.82690354, 96.42507653,  99.9
 19,  52, 28.82364090, 96.42609568,  99.9
 20,  52, 28.82033386, 96.42712863,  99.9
 21,  52, 28.81698182, 96.42817558,  99.9
 22,  52, 28.81358416, 96.42923670,  99.9
 23,  52, 28.81014025, 96.43031219,  99.9
 24,  52, 28.80664948, 96.43140224,  99.9
 25,  52, 28.80311120, 96.43250705,  99.9
 26,  52, 28.79952476, 96.43362682,  99.9
 27,  52, 28.79588951, 96.43476174,  99.9
 28,  52, 28.79220479, 96.43591203,  99.9
 29,  52, 28.78846992, 96.43707789,  99.9
 30,  52, 28.78468422, 96.43825953,  99.9
 31,  52, 28.78084700, 96.43945716,  99.9
 32,  52, 28.77695755, 96.44067099,  99.9
 33,  52, 28.77301517, 96.44190125,  99.9
 34,  52, 28.76901913, 96.44314816,   4.0
 35,  52, 28.76496871, 96.44441193,   4.0
 36,  52, 28.76086316, 96.44569280,   4.0
 37,  52, 28.75670173, 96.44699100,   4.0
 38,  52, 28.75248366, 96.44830676,   4.0
 39,  52, 28.74820819, 96.44964031,   4.1
 40,  52, 28.74387452, 96.45099190,   4.1
 41,  52, 28.73948187, 96.45236177,  99.9
 42,  52, 28.73502944, 96.45375016,  99.9
 43,  52, 28.73051641, 96.45515732,  99.9
 44,  52, 28.72594195, 96.45658351,  99.9
 45,  52, 28.72130523, 96.45802897,  99.9
 46,  52, 28.71660540, 96.45949398,  99.9
 47,  52, 28.71184161, 96.46097878,  99.9
 48,  52, 28.70701298, 96.46248365,  99.9
 49,  52, 28.70211862, 96.46400886,  99.9
 50,  52, 28.69715765, 96.46555468,  99.9
 51,  52, 28.69212915, 96.46712138,  99.9
 52,  52, 28.68703222, 96.46870925,  99.9
 53,  52, 28.68186590, 96.47031857,  99.9
 54,  52, 28.67662927, 96.47194962,   4.4
 55,  52, 28.67132136, 96.47360270,   4.4
 56,  52, 28.66594121, 96.47527811,  99.9
 57,  52, 28.66048782, 96.47697614,  99.9
 58,  52, 28.65496021, 96.47869710,  99.9
 59,  52, 28.64935736, 96.48044129,  99.9
 60,  52, 28.64367824, 96.48220903,  99.9
 61,  52, 28.63792182, 96.48400062,  99.9
 62,  52, 28.63208705, 96.48581640,  99.9
 63,  52, 28.62617286, 96.48765667,  99.9
 64,  52, 28.62017817, 96.48952178,  99.9
 65,  52, 28.61410187, 96.49141205,   4.2
 66,  52, 28.60794287, 96.49332783,   4.2
 67,  52, 28.60170003, 96.49526944,   4.2
 68,  52, 28.59537222, 96.49723724,   4.2
 69,  52, 28.58895826, 96.49923157,   4.2
 70,  52, 28.58245700, 96.50125280,   4.2
 71,  52, 28.57586725, 96.50330127,   4.2
 72,  52, 28.56918779, 96.50537736,   4.2
 73,  52, 28.56241741, 96.50748143,   4.2
 74,  52, 28.55555487, 96.50961386,   4.2
 75,  52, 28.54859891, 96.51177502,   4.2
 76,  52, 28.54154826, 96.51396531,   4.3
 77,  52, 28.53440163, 96.51618510,   4.3
 78,  52, 28.52715772, 96.51843478,   4.3
 79,  52, 28.51981520, 96.52071477,   4.3
 80,  52, 28.51237272, 96.52302546,  99.9
 81,  52, 28.50482893, 96.52536727,  99.9
 82,  52, 28.49718245, 96.52774060,  99.9
 83,  52, 28.48943187, 96.53014587,   4.1
 84,  52, 28.48157578, 96.53258352,   4.2
 85,  52, 28.47361275, 96.53505397,  99.9
 86,  52, 28.46554131, 96.53755766,  99.9
 87,  52, 28.45735999, 96.54009502,  99.9
 88,  52, 28.44906729, 96.54266652,  99.9
 89,  52, 28.44066169, 96.54527260,  99.9
 90,  52, 28.43214167, 96.54791373,  99.9
 91,  52, 28.42350566, 96.55059036,  99.9
 92,  52, 28.41475207, 96.55330297,  99.9
 93,  52, 28.40587931, 96.55605204,  99.9
 94,  52, 28.39688576, 96.55883805,  99.9
 95,  52, 28.38776977, 96.56166149,  99.9
 96,  52, 28.37852967, 96.56452286,   2.9
 97,  52, 28.36916377, 96.56742266,   2.9
 98,  52, 28.35967036, 96.57036140,   2.8
 99,  52, 28.35004770, 96.57333959,   2.8
100,  52, 28.34029403, 96.57635777,   2.8
101,  52, 28.33040756, 96.57941645,   2.8
102,  52, 28.32038650, 96.58251617,   2.8
103,  52, 28.31022899, 96.58565749,   2.8
104,  52, 28.29993319, 96.58884094,   2.8
105,  52, 28.28949721, 96.59206708,   2.8
106,  52, 28.27891914, 96.59533649,   2.9
107,  52, 28.26819705, 96.59864972,   2.9
108,  52, 28.25732897, 96.60200737,  99.9
109,  52, 28.24631292, 96.60541001,  99.9
110,  52, 28.23514687, 96.60885823,   3.8
111,  52, 28.22382879, 96.61235265,   3.8
112,  52, 28.21235660, 96.61589387,   3.7
113,  52, 28.20072821, 96.61948250,   3.7
114,  52, 28.18894148, 96.62311918,   3.6
115,  52, 28.17699426, 96.62680453,   3.6
116,  52, 28.16488437, 96.63053919,   3.5
117,  52, 28.15260958, 96.63432381,   3.5
118,  52, 28.14016765, 96.63815906,   3.5
119,  52, 28.12755630, 96.64204558,   3.4
120,  52, 28.11477323, 96.64598407,   3.4
121,  52, 28.10181609, 96.64997520,   3.4
122,  52, 28.08868252, 96.65401966,   3.4
123,  52, 28.07537010, 96.65811816,   3.3
124,  52, 28.06187640, 96.66227139,   3.3
125,  52, 28.04819896, 96.66648008,   3.3
126,  52, 28.03433526, 96.67074496,   3.3
127,  52, 28.02028278, 96.67506675,   3.2
128,  52, 28.00603893, 96.67944621,   3.2
129,  52, 27.99160111, 96.68388409,   3.2
130,  52, 27.97696668, 96.68838116,   3.2
131,  52, 27.96213296, 96.69293818,   3.1
132,  52, 27.94709723, 96.69755593,   3.1
133,  52, 27.93185674, 96.70223522,   3.1
134,  52, 27.91640870, 96.70697685,   3.1
135,  52, 27.90075028, 96.71178162,   3.1
136,  52, 27.88487861, 96.71665036,   3.1
137,  52, 27.86879079, 96.72158391,   3.0
138,  52, 27.85248388, 96.72658310,   3.0
139,  52, 27.83595488, 96.73164880,   3.0
140,  52, 27.81920077, 96.73678186,   3.0
141,  52, 27.80221848, 96.74198316,   3.0
142,  52, 27.78500491, 96.74725358,   3.0
143,  52, 27.76755690, 96.75259403,   3.0
144,  52, 27.74987126, 96.75800541,   2.9
145,  52, 27.73194474, 96.76348865,   2.9
146,  52, 27.71377407, 96.76904466,   2.9
147,  52, 27.69535591, 96.77467440,   2.9
148,  52, 27.67668690, 96.78037881,   2.9
149,  52, 27.65776362, 96.78615887,   2.9
150,  52, 27.63858259, 96.79201555,   2.9
151,  52, 27.61914032, 96.79794984,   2.9
152,  52, 27.59943323, 96.80396273,   2.9
153,  52, 27.57945772, 96.81005525,   2.9
154,  52, 27.55921013, 96.81622842,   2.9
155,  52, 27.53868675, 96.82248327,   2.8
156,  52, 27.51788382, 96.82882087,   2.8
157,  52, 27.49679754, 96.83524226,   2.8
158,  52, 27.47542404, 96.84174853,   2.8
159,  52, 27.45375940, 96.84834077,   2.8
160,  52, 27.43179967, 96.85502008,   2.8
161,  52, 27.40954081, 96.86178757,   2.8
162,  52, 27.38697874, 96.86864438,   2.8
163,  52, 27.36410935, 96.87559165,   2.8
164,  52, 27.34092844, 96.88263053,   2.8
165,  52, 27.31743176, 96.88976219,   2.8
166,  52, 27.29361500, 96.89698782,   2.8
167,  52, 27.26947382, 96.90430862,   2.8
168,  52, 27.24500378, 96.91172580,   2.8
169,  52, 27.22020040, 96.91924058,   2.8
170,  52, 27.19505915, 96.92685421,   2.8
171,  52, 27.16957541, 96.93456795,   2.8
172,  52, 27.14374452, 96.94238306,   2.8
173,  52, 27.11756174, 96.95030083,   2.8
174,  52, 27.09102229, 96.95832256,   2.8
175,  52, 27.06412129, 96.96644958,   2.8
176,  52, 27.03685383, 96.97468320,   2.8
177,  52, 27.00921491, 96.98302478,   2.8
178,  52, 26.98119946, 96.99147569,   2.8
179,  52, 26.95280236, 97.00003730,   2.8
180,  52, 26.92401840, 97.00871100,   2.9
181,  52, 26.89484232, 97.01749821,   2.9
182,  52, 26.86526877, 97.02640036,   2.9
183,  52, 26.83529232, 97.03541889,   2.9
184,  52, 26.80490750, 97.04455526,   2.9
185,  52, 26.77410874, 97.05381094,   2.9
186,  52, 26.74289040, 97.06318744,   2.9
187,  52, 26.71124676, 97.07268627,   2.9
188,  52, 26.67917202, 97.08230895,   2.9
189,  52, 26.64666031, 97.09205703,   2.9
190,  52, 26.61370569, 97.10193208,   2.9
191,  52, 26.58030211, 97.11193568,   2.8
  1,  53, 28.87543130, 96.40676288,  99.9
  2,  53, 28.87282910, 96.40753378,  99.9
  3,  53, 28.87019148, 96.40831514,  99.9
  4,  53, 28.86751798, 96.40910708,  99.9
  5,  53, 28.86480809, 96.40990976,  99.9
  6,  53, 28.86206132, 96.41072333,  99.9
  7,  53, 28.85927717, 96.41154791,  99.9
  8,  53, 28.85645513, 96.41238367,  99.9
  9,  53, 28.85359469, 96.41323076,  99.9
 10,  53, 28.85069532, 96.41408933,  99.9
 11,  53, 28.84775650, 96.41495953,  99.9
 12,  53, 28.84477768, 96.41584152,  99.9
 13,  53, 28.84175832, 96.41673546,  99.9
 14,  53, 28.83869788, 96.41764152,  99.9
 15,  53, 28.83559578, 96.41855984,  99.9
 16,  53, 28.83245147, 96.41949061,  99.9
 17,  53, 28.82926436, 96.42043399,  99.9
 18,  53, 28.82603389, 96.42139014,  99.9
 19,  53, 28.82275944, 96.42235924,  99.9
 20,  53, 28.81944044, 96.42334147,  99.9
 21,  53, 28.81607627, 96.42433700,  99.9
 22,  53, 28.81266631, 96.42534601,  99.9
 23,  53, 28.80920995, 96.42636868,  99.9
 24,  53, 28.80570655, 96.42740520,  99.9
 25,  53, 28.80215547, 96.42845575,  99.9
 26,  53, 28.79855606, 96.42952052,  99.9
 27,  53, 28.79490766, 96.43059971,  99.9
 28,  53, 28.79120962, 96.43169351,  99.9
 29,  53, 28.78746124, 96.43280211,  99.9
 30,  53, 28.78366185, 96.43392571,  99.9
 31,  53, 28.77981076, 96.43506452,  99.9
 32,  53, 28.77590725, 96.43621874,  99.9
 33,  53, 28.77195061, 96.43738858,  99.9
 34,  53, 28.76794013, 96.43857424,   4.0
 35,  53, 28.76387507, 96.43977595,  99.9
 36,  53, 28.75975468, 96.44099391,  99.9
 37,  53, 28.75557821, 96.44222835,  99.9
 38,  53, 28.75134490, 96.44347949,  99.9
 39,  53, 28.74705398, 96.44474755,   4.1
 40,  53, 28.74270465, 96.44603275,   4.1
 41,  53, 28.73829614, 96.44733534,  99.9
 42,  53, 28.73382762, 96.44865554,  99.9
 43,  53, 28.72929828, 96.44999358,  99.9
 44,  53, 28.72470730, 96.45134972,  99.9
 45,  53, 28.72005384, 96.45272419,  99.9
 46,  53, 28.71533704, 96.45411724,  99.9
 47,  53, 28.71055604, 96.45552911,  99.9
 48,  53, 28.70570998, 96.45696007,  99.9
 49,  53, 28.70079795, 96.45841036,  99.9
 50,  53, 28.69581907, 96.45988025,  99.9
 51,  53, 28.69077243, 96.46137000,  99.9
 52,  53, 28.68565709, 96.46287988,  99.9
 53,  53, 28.68047214, 96.46441015,  99.9
 54,  53, 28.67521661, 96.46596109,  99.9
 55,  53, 28.66988955, 96.46753297,   4.4
 56,  53, 28.66448998, 96.46912608,  99.9
 57,  53, 28.65901693, 96.47074071,  99.9
 58,  53, 28.65346937, 96.47237713,  99.9
 59,  53, 28.64784631, 96.47403564,  99.9
 60,  53, 28.64214672, 96.47571655,  99.9
 61,  53, 28.63636954, 96.47742014,  99.9
 62,  53, 28.63051374, 96.47914672,  99.9
 63,  53, 28.62457822, 96.48089659,  99.9
 64,  53, 28.61856192, 96.48267008,   4.3
 65,  53, 28.61246373, 96.48446750,   4.3
 66,  53, 28.60628253, 96.48628916,   4.2
 67,  53, 28.60001720, 96.48813539,   4.2
 68,  53, 28.59366658, 96.49000653,   4.1
 69,  53, 28.58722952, 96.49190289,   4.1
 70,  53, 28.58070485, 96.49382482,   4.1
 71,  53, 28.57409136, 96.49577266,   4.2
 72,  53, 28.56738785, 96.49774676,   4.2
 73,  53, 28.56059309, 96.49974747,   4.2
 74,  53, 28.55370584, 96.50177514,   4.2
 75,  53, 28.54672484, 96.50383013,   4.2
 76,  53, 28.53964882, 96.50591281,   4.2
 77,  53, 28.53247647, 96.50802354,   4.3
 78,  53, 28.52520649, 96.51016271,   4.3
 79,  53, 28.51783755, 96.51233068,   4.3
 80,  53, 28.51036831, 96.51452785,   4.2
 81,  53, 28.50279738, 96.51675460,   4.1
 82,  53, 28.49512340, 96.51901133,   4.1
 83,  53, 28.48734495, 96.52129843,   4.1
 84,  53, 28.47946062, 96.52361631,   4.2
 85,  53, 28.47146896, 96.52596538,   4.2
 86,  53, 28.46336851, 96.52834606,  99.9
 87,  53, 28.45515779, 96.53075876,  99.9
 88,  53, 28.44683530, 96.53320391,  99.9
 89,  53, 28.43839951, 96.53568195,  99.9
 90,  53, 28.42984889, 96.53819330,  99.9
 91,  53, 28.42118186, 96.54073841,  99.9
 92,  53, 28.41239684, 96.54331774,  99.9
 93,  53, 28.40349223, 96.54593173,  99.9
 94,  53, 28.39446640, 96.54858084,  99.9
 95,  53, 28.38531769, 96.55126555,   2.9
 96,  53, 28.37604444, 96.55398632,   2.9
 97,  53, 28.36664494, 96.55674362,   2.8
 98,  53, 28.35711747, 96.55953796,   2.8
 99,  53, 28.34746030, 96.56236980,   2.8
100,  53, 28.33767166, 96.56523966,   2.8
101,  53, 28.32774975, 96.56814804,   2.8
102,  53, 28.31769277, 96.57109544,   2.8
103,  53, 28.30749886, 96.57408239,   2.8
104,  53, 28.29716618, 96.57710939,   2.8
105,  53, 28.28669281, 96.58017700,  99.9
106,  53, 28.27607686, 96.58328573,   3.0
107,  53, 28.26531637, 96.58643614,   3.0
108,  53, 28.25440939, 96.58962877,  99.9
109,  53, 28.24335390, 96.59286418,   3.8
110,  53, 28.23214790, 96.59614294,   3.8
111,  53, 28.22078932, 96.59946562,   3.7
112,  53, 28.20927610, 96.60283279,   3.7
113,  53, 28.19760612, 96.60624505,   3.6
114,  53, 28.18577725, 96.60970298,   3.6
115,  53, 28.17378733, 96.61320719,   3.5
116,  53, 28.16163415, 96.61675829,   3.5
117,  53, 28.14931551, 96.62035690,   3.4
118,  53, 28.13682913, 96.62400363,   3.4
119,  53, 28.12417275, 96.62769912,   3.4
120,  53, 28.11134403, 96.63144402,   3.4
121,  53, 28.09834064, 96.63523897,   3.3
122,  53, 28.08516019, 96.63908462,   3.3
123,  53, 28.07180028, 96.64298165,   3.3
124,  53, 28.05825845, 96.64693072,   3.3
125,  53, 28.04453223, 96.65093252,   3.2
126,  53, 28.03061911, 96.65498774,   3.2
127,  53, 28.01651654, 96.65909708,   3.2
128,  53, 28.00222194, 96.66326124,   3.2
129,  53, 27.98773269, 96.66748095,   3.2
130,  53, 27.97304614, 96.67175693,   3.1
131,  53, 27.95815960, 96.67608991,   3.1
132,  53, 27.94307035, 96.68048064,   3.1
133,  53, 27.92777563, 96.68492988,   3.1
134,  53, 27.91227263, 96.68943838,   3.1
135,  53, 27.89655852, 96.69400692,   3.0
136,  53, 27.88063043, 96.69863627,   3.0
137,  53, 27.86448543, 96.70332725,   3.0
138,  53, 27.84812057, 96.70808063,   3.0
139,  53, 27.83153286, 96.71289724,   3.0
140,  53, 27.81471926, 96.71777790,   3.0
141,  53, 27.79767669, 96.72272344,   3.0
142,  53, 27.78040203, 96.72773470,   2.9
143,  53, 27.76289212, 96.73281254,   2.9
144,  53, 27.74514375, 96.73795782,   2.9
145,  53, 27.72715368, 96.74317140,   2.9
146,  53, 27.70891860, 96.74845419,   2.9
147,  53, 27.69043519, 96.75380706,   2.9
148,  53, 27.67170006, 96.75923094,   2.9
149,  53, 27.65270978, 96.76472673,   2.9
150,  53, 27.63346087, 96.77029536,   2.9
151,  53, 27.61394980, 96.77593778,   2.8
152,  53, 27.59417301, 96.78165494,   2.8
153,  53, 27.57412688, 96.78744780,   2.8
154,  53, 27.55380773, 96.79331733,   2.8
155,  53, 27.53321184, 96.79926453,   2.8
156,  53, 27.51233545, 96.80529038,   2.8
157,  53, 27.49117473, 96.81139591,   2.8
158,  53, 27.46972580, 96.81758213,   2.8
159,  53, 27.44798474, 96.82385008,   2.8
160,  53, 27.42594758, 96.83020081,   2.8
161,  53, 27.40361026, 96.83663538,   2.8
162,  53, 27.38096871, 96.84315486,   2.8
163,  53, 27.35801878, 96.84976034,   2.8
164,  53, 27.33475626, 96.85645292,   2.8
165,  53, 27.31117690, 96.86323370,   2.8
166,  53, 27.28727637, 96.87010383,   2.8
167,  53, 27.26305031, 96.87706442,   2.8
168,  53, 27.23849428, 96.88411665,   2.8
169,  53, 27.21360378, 96.89126167,   2.8
170,  53, 27.18837425, 96.89850066,   2.8
171,  53, 27.16280107, 96.90583482,   2.8
172,  53, 27.13687957, 96.91326535,   2.8
173,  53, 27.11060499, 96.92079348,   2.8
174,  53, 27.08397253, 96.92842045,   2.8
175,  53, 27.05697730, 96.93614751,   2.8
176,  53, 27.02961437, 96.94397591,   2.8
177,  53, 27.00187873, 96.95190695,   2.8
178,  53, 26.97376529, 96.95994192,   2.8
179,  53, 26.94526891, 96.96808213,   2.8
180,  53, 26.91638438, 96.97632891,   2.8
181,  53, 26.88710640, 96.98468359,   2.8
182,  53, 26.85742961, 96.99314754,   2.8
183,  53, 26.82734859, 97.00172212,   2.8
184,  53, 26.79685782, 97.01040873,   2.8
185,  53, 26.76595173, 97.01920877,   2.8
186,  53, 26.73462465, 97.02812366,   2.8
187,  53, 26.70287085, 97.03715484,   2.8
188,  53, 26.67068452, 97.04630376,   2.8
189,  53, 26.63805976, 97.05557189,   2.8
190,  53, 26.60499061, 97.06496072,   2.8
191,  53, 26.57147101, 97.07447175,   2.7
  1,  54, 28.87477471, 96.40382159,  99.9
  2,  54, 28.87216359, 96.40455254,  99.9
  3,  54, 28.86951694, 96.40529341,  99.9
  4,  54, 28.86683427, 96.40604431,  99.9
  5,  54, 28.86411509, 96.40680540,  99.9
  6,  54, 28.86135891, 96.40757680,  99.9
  7,  54, 28.85856523, 96.40835865,  99.9
  8,  54, 28.85573352, 96.40915110,  99.9
  9,  54, 28.85286328, 96.40995429,  99.9
 10,  54, 28.84995398, 96.41076836,  99.9
 11,  54, 28.84700509, 96.41159346,  99.9
 12,  54, 28.84401607, 96.41242975,  99.9
 13,  54, 28.84098637, 96.41327736,  99.9
 14,  54, 28.83791544, 96.41413645,  99.9
 15,  54, 28.83480272, 96.41500719,  99.9
 16,  54, 28.83164764, 96.41588972,  99.9
 17,  54, 28.82844963, 96.41678420,  99.9
 18,  54, 28.82520809, 96.41769080,  99.9
 19,  54, 28.82192244, 96.41860968,  99.9
 20,  54, 28.81859207, 96.41954100,  99.9
 21,  54, 28.81521638, 96.42048493,  99.9
 22,  54, 28.81179475, 96.42144165,  99.9
 23,  54, 28.80832656, 96.42241132,  99.9
 24,  54, 28.80481117, 96.42339412,  99.9
 25,  54, 28.80124793, 96.42439022,  99.9
 26,  54, 28.79763621, 96.42539981,  99.9
 27,  54, 28.79397533, 96.42642307,  99.9
 28,  54, 28.79026463, 96.42746017,  99.9
 29,  54, 28.78650343, 96.42851132,  99.9
 30,  54, 28.78269104, 96.42957669,  99.9
 31,  54, 28.77882677, 96.43065647,  99.9
 32,  54, 28.77490991, 96.43175087,  99.9
 33,  54, 28.77093974, 96.43286008,   4.1
 34,  54, 28.76691554, 96.43398429,   4.1
 35,  54, 28.76283657, 96.43512371,  99.9
 36,  54, 28.75870210, 96.43627855,  99.9
 37,  54, 28.75451135, 96.43744901,  99.9
 38,  54, 28.75026356, 96.43863530,  99.9
 39,  54, 28.74595797, 96.43983763,  99.9
 40,  54, 28.74159378, 96.44105622,   4.1
 41,  54, 28.73717019, 96.44229129,  99.9
 42,  54, 28.73268640, 96.44354306,  99.9
 43,  54, 28.72814159, 96.44481176,  99.9
 44,  54, 28.72353492, 96.44609760,  99.9
 45,  54, 28.71886555, 96.44740083,  99.9
 46,  54, 28.71413264, 96.44872167,  99.9
 47,  54, 28.70933531, 96.45006037,  99.9
 48,  54, 28.70447269, 96.45141715,  99.9
 49,  54, 28.69954388, 96.45279227,  99.9
 50,  54, 28.69454800, 96.45418597,  99.9
 51,  54, 28.68948412, 96.45559850,  99.9
 52,  54, 28.68435132, 96.45703011,  99.9
 53,  54, 28.67914866, 96.45848106,  99.9
 54,  54, 28.67387518, 96.45995161,  99.9
 55,  54, 28.66852994, 96.46144201,   4.4
 56,  54, 28.66311194, 96.46295254,   4.4
 57,  54, 28.65762021, 96.46448347,  99.9
 58,  54, 28.65205372, 96.46603507,  99.9
 59,  54, 28.64641147, 96.46760761,  99.9
 60,  54, 28.64069243, 96.46920138,  99.9
 61,  54, 28.63489555, 96.47081666,   4.4
 62,  54, 28.62901977, 96.47245374,   4.4
 63,  54, 28.62306401, 96.47411291,   4.3
 64,  54, 28.61702719, 96.47579446,   4.3
 65,  54, 28.61090820, 96.47749870,   4.2
 66,  54, 28.60470593, 96.47922593,   4.2
 67,  54, 28.59841923, 96.48097645,   4.1
 68,  54, 28.59204697, 96.48275058,   4.1
 69,  54, 28.58558797, 96.48454864,   4.1
 70,  54, 28.57904106, 96.48637094,   4.1
 71,  54, 28.57240503, 96.48821780,   4.1
 72,  54, 28.56567868, 96.49008956,   4.1
 73,  54, 28.55886077, 96.49198655,   4.1
 74,  54, 28.55195007, 96.49390910,   4.1
 75,  54, 28.54494529, 96.49585755,   4.1
 76,  54, 28.53784517, 96.49783226,   4.2
 77,  54, 28.53064840, 96.49983356,   4.2
 78,  54, 28.52335368, 96.50186183,   4.2
 79,  54, 28.51595965, 96.50391740,   4.2
 80,  54, 28.50846498, 96.50600066,   4.1
 81,  54, 28.50086830, 96.50811196,   4.1
 82,  54, 28.49316820, 96.51025169,   4.1
 83,  54, 28.48536329, 96.51242021,   4.2
 84,  54, 28.47745214, 96.51461792,   4.2
 85,  54, 28.46943330, 96.51684520,   4.2
 86,  54, 28.46130531, 96.51910244,  99.9
 87,  54, 28.45306667, 96.52139005,  99.9
 88,  54, 28.44471589, 96.52370842,  99.9
 89,  54, 28.43625143, 96.52605797,  99.9
 90,  54, 28.42767174, 96.52843911,  99.9
 91,  54, 28.41897527, 96.53085226,  99.9
 92,  54, 28.41016041, 96.53329785,  99.9
 93,  54, 28.40122555, 96.53577630,  99.9
 94,  54, 28.39216906, 96.53828805,   2.9
 95,  54, 28.38298929, 96.54083355,   2.9
 96,  54, 28.37368456, 96.54341323,   2.9
 97,  54, 28.36425315, 96.54602757,   2.8
 98,  54, 28.35469335, 96.54867700,   2.8
 99,  54, 28.34500342, 96.55136200,   2.8
100,  54, 28.33518157, 96.55408305,   2.8
101,  54, 28.32522601, 96.55684061,   2.8
102,  54, 28.31513492, 96.55963517,   2.8
103,  54, 28.30490645, 96.56246722,   2.8
104,  54, 28.29453873, 96.56533725,   2.8
105,  54, 28.28402987, 96.56824578,  99.9
106,  54, 28.27337795, 96.57119329,  99.9
107,  54, 28.26258101, 96.57418032,  99.9
108,  54, 28.25163708, 96.57720739,   3.8
109,  54, 28.24054415, 96.58027501,   3.8
110,  54, 28.22930021, 96.58338373,   3.7
111,  54, 28.21790318, 96.58653408,   3.7
112,  54, 28.20635099, 96.58972663,   3.6
113,  54, 28.19464153, 96.59296191,   3.6
114,  54, 28.18277264, 96.59624051,   3.5
115,  54, 28.17074217, 96.59956297,   3.5
116,  54, 28.15854790, 96.60292989,   3.4
117,  54, 28.14618761, 96.60634185,   3.4
118,  54, 28.13365903, 96.60979944,   3.4
119,  54, 28.12095988, 96.61330326,   3.4
120,  54, 28.10808783, 96.61685392,   3.3
121,  54, 28.09504052, 96.62045202,   3.3
122,  54, 28.08181557, 96.62409820,   3.3
123,  54, 28.06841055, 96.62779309,   3.3
124,  54, 28.05482302, 96.63153732,   3.2
125,  54, 28.04105049, 96.63533154,   3.2
126,  54, 28.02709044, 96.63917641,   3.2
127,  54, 28.01294031, 96.64307258,   3.2
128,  54, 27.99859751, 96.64702073,   3.1
129,  54, 27.98405942, 96.65102154,   3.1
130,  54, 27.96932339, 96.65507570,   3.1
131,  54, 27.95438670, 96.65918390,   3.1
132,  54, 27.93924664, 96.66334685,   3.1
133,  54, 27.92390042, 96.66756527,   3.0
134,  54, 27.90834524, 96.67183987,   3.0
135,  54, 27.89257826, 96.67617139,   3.0
136,  54, 27.87659659, 96.68056057,   3.0
137,  54, 27.86039729, 96.68500817,   3.0
138,  54, 27.84397742, 96.68951493,   3.0
139,  54, 27.82733396, 96.69408164,   3.0
140,  54, 27.81046387, 96.69870907,   2.9
141,  54, 27.79336405, 96.70339801,   2.9
142,  54, 27.77603139, 96.70814925,   2.9
143,  54, 27.75846270, 96.71296361,   2.9
144,  54, 27.74065478, 96.71784191,   2.9
145,  54, 27.72260436, 96.72278496,   2.9
146,  54, 27.70430814, 96.72779362,   2.9
147,  54, 27.68576277, 96.73286873,   2.9
148,  54, 27.66696485, 96.73801114,   2.8
149,  54, 27.64791096, 96.74322174,   2.8
150,  54, 27.62859758, 96.74850139,   2.8
151,  54, 27.60902121, 96.75385099,   2.8
152,  54, 27.58917824, 96.75927145,   2.8
153,  54, 27.56906505, 96.76476367,   2.8
154,  54, 27.54867795, 96.77032858,   2.8
155,  54, 27.52801322, 96.77596712,   2.8
156,  54, 27.50706707, 96.78168023,   2.8
157,  54, 27.48583567, 96.78746886,   2.8
158,  54, 27.46431513, 96.79333400,   2.8
159,  54, 27.44250151, 96.79927662,   2.8
160,  54, 27.42039082, 96.80529771,   2.8
161,  54, 27.39797901, 96.81139828,   2.8
162,  54, 27.37526199, 96.81757935,   2.8
163,  54, 27.35223558, 96.82384194,   2.8
164,  54, 27.32889558, 96.83018710,   2.8
165,  54, 27.30523772, 96.83661589,   2.8
166,  54, 27.28125765, 96.84312936,   2.8
167,  54, 27.25695101, 96.84972860,   2.8
168,  54, 27.23231332, 96.85641471,   2.8
169,  54, 27.20734010, 96.86318878,   2.8
170,  54, 27.18202676, 96.87005194,   2.8
171,  54, 27.15636866, 96.87700531,   2.8
172,  54, 27.13036113, 96.88405005,   2.8
173,  54, 27.10399938, 96.89118731,   2.8
174,  54, 27.07727861, 96.89841826,   2.8
175,  54, 27.05019391, 96.90574408,   2.8
176,  54, 27.02274034, 96.91316599,   2.8
177,  54, 26.99491286, 96.92068519,   2.8
178,  54, 26.96670638, 96.92830292,   2.8
179,  54, 26.93811574, 96.93602040,   2.8
180,  54, 26.90913572, 96.94383891,   2.8
181,  54, 26.87976099, 96.95175970,   2.8
182,  54, 26.84998619, 96.95978408,   2.8
183,  54, 26.81980588, 96.96791333,   2.8
184,  54, 26.78921451, 96.97614878,   2.8
185,  54, 26.75820651, 96.98449175,   2.8
186,  54, 26.72677619, 96.99294360,   2.8
187,  54, 26.69491780, 97.00150567,   2.8
188,  54, 26.66262552, 97.01017936,   2.8
189,  54, 26.62989342, 97.01896606,   2.8
190,  54, 26.59671554, 97.02786717,   2.7
191,  54, 26.56308579, 97.03688411,   2.7
  1,  55, 28.87415311, 96.40087053,  99.9
  2,  55, 28.87153354, 96.40156140,  99.9
  3,  55, 28.86887833, 96.40226164,  99.9
  4,  55, 28.86618699, 96.40297137,  99.9
  5,  55, 28.86345903, 96.40369071,  99.9
  6,  55, 28.86069394, 96.40441981,  99.9
  7,  55, 28.85789122, 96.40515879,  99.9
  8,  55, 28.85505036, 96.40590778,  99.9
  9,  55, 28.85217085, 96.40666693,  99.9
 10,  55, 28.84925214, 96.40743636,  99.9
 11,  55, 28.84629372, 96.40821621,  99.9
 12,  55, 28.84329504, 96.40900664,  99.9
 13,  55, 28.84025555, 96.40980777,  99.9
 14,  55, 28.83717470, 96.41061975,  99.9
 15,  55, 28.83405192, 96.41144274,  99.9
 16,  55, 28.83088665, 96.41227687,  99.9
 17,  55, 28.82767830, 96.41312230,  99.9
 18,  55, 28.82442629, 96.41397919,  99.9
 19,  55, 28.82113003, 96.41484767,  99.9
 20,  55, 28.81778890, 96.41572792,  99.9
 21,  55, 28.81440231, 96.41662009,  99.9
 22,  55, 28.81096963, 96.41752434,  99.9
 23,  55, 28.80749024, 96.41844083,  99.9
 24,  55, 28.80396350, 96.41936974,  99.9
 25,  55, 28.80038876, 96.42031121,  99.9
 26,  55, 28.79676537, 96.42126544,  99.9
 27,  55, 28.79309267, 96.42223258,  99.9
 28,  55, 28.78936999, 96.42321281,  99.9
 29,  55, 28.78559665, 96.42420630,  99.9
 30,  55, 28.78177196, 96.42521325,  99.9
 31,  55, 28.77789522, 96.42623382,  99.9
 32,  55, 28.77396571, 96.42726820,   4.2
 33,  55, 28.76998273, 96.42831657,   4.1
 34,  55, 28.76594555, 96.42937913,  99.9
 35,  55, 28.76185342, 96.43045606,  99.9
 36,  55, 28.75770560, 96.43154757,  99.9
 37,  55, 28.75350134, 96.43265383,  99.9
 38,  55, 28.74923985, 96.43377506,  99.9
 39,  55, 28.74492037, 96.43491145,  99.9
 40,  55, 28.74054210, 96.43606321,   4.2
 41,  55, 28.73610425, 96.43723055,  99.9
 42,  55, 28.73160600, 96.43841367,  99.9
 43,  55, 28.72704653, 96.43961278,  99.9
 44,  55, 28.72242501, 96.44082810,  99.9
 45,  55, 28.71774059, 96.44205986,  99.9
 46,  55, 28.71299242, 96.44330826,  99.9
 47,  55, 28.70817962, 96.44457353,  99.9
 48,  55, 28.70330133, 96.44585590,  99.9
 49,  55, 28.69835664, 96.44715560,  99.9
 50,  55, 28.69334466, 96.44847286,  99.9
 51,  55, 28.68826446, 96.44980792,  99.9
 52,  55, 28.68311512, 96.45116101,  99.9
 53,  55, 28.67789570, 96.45253238,  99.9
 54,  55, 28.67260525, 96.45392227,  99.9
 55,  55, 28.66724278, 96.45533093,  99.9
 56,  55, 28.66180734, 96.45675861,   4.3
 57,  55, 28.65629792, 96.45820557,   4.3
 58,  55, 28.65071351, 96.45967206,   4.3
 59,  55, 28.64505310, 96.46115835,   4.3
 60,  55, 28.63931565, 96.46266470,   4.4
 61,  55, 28.63350010, 96.46419138,   4.4
 62,  55, 28.62760541, 96.46573867,   4.3
 63,  55, 28.62163049, 96.46730683,   4.3
 64,  55, 28.61557424, 96.46889615,   4.3
 65,  55, 28.60943557, 96.47050691,   4.2
 66,  55, 28.60321334, 96.47213940,   4.1
 67,  55, 28.59690642, 96.47379390,   4.1
 68,  55, 28.59051367, 96.47547072,  99.9
 69,  55, 28.58403390, 96.47717015,  99.9
 70,  55, 28.57746593, 96.47889249,   4.1
 71,  55, 28.57080857, 96.48063804,   4.1
 72,  55, 28.56406060, 96.48240713,   4.1
 73,  55, 28.55722078, 96.48420006,   4.1
 74,  55, 28.55028786, 96.48601715,   4.1
 75,  55, 28.54326058, 96.48785872,   4.1
 76,  55, 28.53613765, 96.48972511,   4.1
 77,  55, 28.52891776, 96.49161663,   4.1
 78,  55, 28.52159960, 96.49353363,   4.2
 79,  55, 28.51418183, 96.49547644,   4.2
 80,  55, 28.50666310, 96.49744542,   4.1
 81,  55, 28.49904202, 96.49944090,   4.1
 82,  55, 28.49131721, 96.50146325,  99.9
 83,  55, 28.48348725, 96.50351281,  99.9
 84,  55, 28.47555071, 96.50558995,  99.9
 85,  55, 28.46750614, 96.50769504,   4.1
 86,  55, 28.45935207, 96.50982846,  99.9
 87,  55, 28.45108700, 96.51199057,  99.9
 88,  55, 28.44270943, 96.51418175,  99.9
 89,  55, 28.43421783, 96.51640240,  99.9
 90,  55, 28.42561064, 96.51865291,  99.9
 91,  55, 28.41688628, 96.52093367,  99.9
 92,  55, 28.40804317, 96.52324509,  99.9
 93,  55, 28.39907968, 96.52558756,   2.9
 94,  55, 28.38999417, 96.52796151,   2.9
 95,  55, 28.38078499, 96.53036735,   2.9
 96,  55, 28.37145045, 96.53280551,   2.9
 97,  55, 28.36198884, 96.53527641,   2.9
 98,  55, 28.35239844, 96.53778048,   2.9
 99,  55, 28.34267748, 96.54031817,   2.9
100,  55, 28.33282419, 96.54288992,   2.9
101,  55, 28.32283677, 96.54549618,   2.9
102,  55, 28.31271340, 96.54813741,   2.9
103,  55, 28.30245221, 96.55081407,   2.9
104,  55, 28.29205133, 96.55352663,   2.9
105,  55, 28.28150887, 96.55627556,  99.9
106,  55, 28.27082289, 96.55906135,  99.9
107,  55, 28.25999144, 96.56188448,   3.8
108,  55, 28.24901253, 96.56474544,   3.8
109,  55, 28.23788416, 96.56764474,   3.7
110,  55, 28.22660430, 96.57058288,   3.7
111,  55, 28.21517088, 96.57356037,   3.6
112,  55, 28.20358180, 96.57657772,   3.6
113,  55, 28.19183496, 96.57963548,   3.5
114,  55, 28.17992819, 96.58273416,   3.5
115,  55, 28.16785932, 96.58587430,   3.4
116,  55, 28.15562615, 96.58905646,   3.4
117,  55, 28.14322644, 96.59228118,   3.4
118,  55, 28.13065791, 96.59554903,   3.4
119,  55, 28.11791827, 96.59886056,   3.3
120,  55, 28.10500519, 96.60221636,   3.3
121,  55, 28.09191631, 96.60561701,   3.3
122,  55, 28.07864923, 96.60906309,   3.3
123,  55, 28.06520152, 96.61255519,   3.2
124,  55, 28.05157072, 96.61609393,   3.2
125,  55, 28.03775435, 96.61967992,   3.2
126,  55, 28.02374987, 96.62331377,   3.2
127,  55, 28.00955472, 96.62699610,   3.1
128,  55, 27.99516630, 96.63072756,   3.1
129,  55, 27.98058198, 96.63450879,   3.1
130,  55, 27.96579909, 96.63834043,   3.1
131,  55, 27.95081494, 96.64222314,   3.1
132,  55, 27.93562677, 96.64615760,   3.0
133,  55, 27.92023180, 96.65014447,   3.0
134,  55, 27.90462723, 96.65418444,   3.0
135,  55, 27.88881019, 96.65827821,   3.0
136,  55, 27.87277779, 96.66242646,   3.0
137,  55, 27.85652710, 96.66662992,   3.0
138,  55, 27.84005515, 96.67088930,   2.9
139,  55, 27.82335891, 96.67520532,   2.9
140,  55, 27.80643534, 96.67957873,   2.9
141,  55, 27.78928134, 96.68401027,   2.9
142,  55, 27.77189377, 96.68850069,   2.9
143,  55, 27.75426944, 96.69305075,   2.9
144,  55, 27.73640514, 96.69766124,   2.9
145,  55, 27.71829760, 96.70233292,   2.9
146,  55, 27.69994349, 96.70706661,   2.8
147,  55, 27.68133946, 96.71186309,   2.8
148,  55, 27.66248212, 96.71672317,   2.8
149,  55, 27.64336800, 96.72164769,   2.8
150,  55, 27.62399360, 96.72663747,   2.8
151,  55, 27.60435540, 96.73169336,   2.8
152,  55, 27.58444978, 96.73681620,   2.8
153,  55, 27.56427311, 96.74200686,   2.8
154,  55, 27.54382169, 96.74726621,   2.8
155,  55, 27.52309179, 96.75259514,   2.8
156,  55, 27.50207961, 96.75799454,   2.8
157,  55, 27.48078130, 96.76346532,   2.8
158,  55, 27.45919296, 96.76900839,   2.8
159,  55, 27.43731066, 96.77462468,   2.8
160,  55, 27.41513037, 96.78031513,   2.8
161,  55, 27.39264805, 96.78608068,   2.8
162,  55, 27.36985957, 96.79192231,   2.8
163,  55, 27.34676078, 96.79784097,   2.8
164,  55, 27.32334743, 96.80383767,   2.8
165,  55, 27.29961525, 96.80991338,   2.8
166,  55, 27.27555990, 96.81606913,   2.8
167,  55, 27.25117696, 96.82230593,   2.8
168,  55, 27.22646199, 96.82862481,   2.8
169,  55, 27.20141045, 96.83502681,   2.8
170,  55, 27.17601777, 96.84151300,   2.8
171,  55, 27.15027929, 96.84808445,   2.8
172,  55, 27.12419032, 96.85474223,   2.8
173,  55, 27.09774606, 96.86148744,   2.8
174,  55, 27.07094169, 96.86832118,   2.8
175,  55, 27.04377230, 96.87524459,   2.8
176,  55, 27.01623292, 96.88225878,   2.8
177,  55, 26.98831851, 96.88936492,   2.8
178,  55, 26.96002396, 96.89656415,   2.8
179,  55, 26.93134409, 96.90385765,   2.8
180,  55, 26.90227367, 96.91124662,   2.8
181,  55, 26.87280736, 96.91873224,   2.8
182,  55, 26.84293979, 96.92631574,   2.8
183,  55, 26.81266548, 96.93399835,   2.8
184,  55, 26.78197889, 96.94178130,   2.8
185,  55, 26.75087442, 96.94966586,   2.8
186,  55, 26.71934637, 96.95765330,   2.8
187,  55, 26.68738898, 96.96574490,   2.8
188,  55, 26.65499640, 96.97394196,   2.8
189,  55, 26.62216270, 96.98224581,   2.7
190,  55, 26.58888189, 96.99065777,   2.7
191,  55, 26.55514786, 96.99917919,   2.7
  1,  56, 28.87356660, 96.39791023,  99.9
  2,  56, 28.87093907, 96.39856089,  99.9
  3,  56, 28.86827579, 96.39922037,  99.9
  4,  56, 28.86557626, 96.39988880,  99.9
  5,  56, 28.86284000, 96.40056628,  99.9
  6,  56, 28.86006651, 96.40125295,  99.9
  7,  56, 28.85725527, 96.40194892,  99.9
  8,  56, 28.85440578, 96.40265432,  99.9
  9,  56, 28.85151751, 96.40336928,  99.9
 10,  56, 28.84858993, 96.40409393,  99.9
 11,  56, 28.84562252, 96.40482840,  99.9
 12,  56, 28.84261473, 96.40557282,  99.9
 13,  56, 28.83956600, 96.40632733,  99.9
 14,  56, 28.83647579, 96.40709205,  99.9
 15,  56, 28.83334352, 96.40786714,  99.9
 16,  56, 28.83016863, 96.40865273,  99.9
 17,  56, 28.82695053, 96.40944895,  99.9
 18,  56, 28.82368864, 96.41025597,  99.9
 19,  56, 28.82038236, 96.41107391,  99.9
 20,  56, 28.81703109, 96.41190292,  99.9
 21,  56, 28.81363421, 96.41274317,  99.9
 22,  56, 28.81019111, 96.41359479,  99.9
 23,  56, 28.80670115, 96.41445794,  99.9
 24,  56, 28.80316369, 96.41533278,  99.9
 25,  56, 28.79957810, 96.41621946,  99.9
 26,  56, 28.79594371, 96.41711814,  99.9
 27,  56, 28.79225986, 96.41802899,  99.9
 28,  56, 28.78852588, 96.41895217,  99.9
 29,  56, 28.78474108, 96.41988785,  99.9
 30,  56, 28.78090477, 96.42083618,  99.9
 31,  56, 28.77701626, 96.42179735,  99.9
 32,  56, 28.77307483, 96.42277152,   4.2
 33,  56, 28.76907977, 96.42375888,  99.9
 34,  56, 28.76503033, 96.42475959,  99.9
 35,  56, 28.76092578, 96.42577385,  99.9
 36,  56, 28.75676538, 96.42680182,  99.9
 37,  56, 28.75254836, 96.42784369,  99.9
 38,  56, 28.74827394, 96.42889966,  99.9
 39,  56, 28.74394136, 96.42996991,  99.9
 40,  56, 28.73954981, 96.43105463,   4.2
 41,  56, 28.73509850, 96.43215402,   4.2
 42,  56, 28.73058660, 96.43326828,   4.3
 43,  56, 28.72601331, 96.43439759,   4.3
 44,  56, 28.72137777, 96.43554218,   4.4
 45,  56, 28.71667915, 96.43670223,   4.4
 46,  56, 28.71191658, 96.43787797,  99.9
 47,  56, 28.70708920, 96.43906959,  99.9
 48,  56, 28.70219612, 96.44027732,  99.9
 49,  56, 28.69723644, 96.44150137,  99.9
 50,  56, 28.69220927, 96.44274195,  99.9
 51,  56, 28.68711368, 96.44399930,  99.9
 52,  56, 28.68194874, 96.44527363,  99.9
 53,  56, 28.67671350, 96.44656517,  99.9
 54,  56, 28.67140702, 96.44787416,  99.9
 55,  56, 28.66602832, 96.44920082,  99.9
 56,  56, 28.66057641, 96.45054540,  99.9
 57,  56, 28.65505030, 96.45190813,  99.9
 58,  56, 28.64944898, 96.45328926,  99.9
 59,  56, 28.64377143, 96.45468903,  99.9
 60,  56, 28.63801661, 96.45610770,   4.3
 61,  56, 28.63218346, 96.45754551,   4.3
 62,  56, 28.62627092, 96.45900272,   4.3
 63,  56, 28.62027792, 96.46047960,   4.2
 64,  56, 28.61420334, 96.46197640,   4.2
 65,  56, 28.60804609, 96.46349340,   4.1
 66,  56, 28.60180504, 96.46503085,   4.1
 67,  56, 28.59547905, 96.46658904,   4.1
 68,  56, 28.58906695, 96.46816825,   4.0
 69,  56, 28.58256759, 96.46976874,   4.1
 70,  56, 28.57597976, 96.47139082,   4.1
 71,  56, 28.56930227, 96.47303476,   4.0
 72,  56, 28.56253390, 96.47470086,   4.0
 73,  56, 28.55567340, 96.47638941,   4.0
 74,  56, 28.54871953, 96.47810072,   4.0
 75,  56, 28.54167101, 96.47983508,   4.0
 76,  56, 28.53452655, 96.48159281,   4.1
 77,  56, 28.52728485, 96.48337422,   4.1
 78,  56, 28.51994459, 96.48517962,   4.1
 79,  56, 28.51250441, 96.48700933,   4.1
 80,  56, 28.50496297, 96.48886367,   4.1
 81,  56, 28.49731888, 96.49074298,   4.1
 82,  56, 28.48957075, 96.49264759,  99.9
 83,  56, 28.48171715, 96.49457783,  99.9
 84,  56, 28.47375666, 96.49653404,  99.9
 85,  56, 28.46568781, 96.49851657,  99.9
 86,  56, 28.45750913, 96.50052578,  99.9
 87,  56, 28.44921913, 96.50256201,  99.9
 88,  56, 28.44081630, 96.50462562,  99.9
 89,  56, 28.43229908, 96.50671698,  99.9
 90,  56, 28.42366593, 96.50883646,  99.9
 91,  56, 28.41491527, 96.51098443,  99.9
 92,  56, 28.40604550, 96.51316127,  99.9
 93,  56, 28.39705500, 96.51536736,   2.8
 94,  56, 28.38794211, 96.51760309,   2.9
 95,  56, 28.37870519, 96.51986885,   2.9
 96,  56, 28.36934253, 96.52216504,   2.9
 97,  56, 28.35985242, 96.52449207,   2.9
 98,  56, 28.35023314, 96.52685034,   2.9
 99,  56, 28.34048291, 96.52924027,   2.9
100,  56, 28.33059996, 96.53166227,   2.9
101,  56, 28.32058248, 96.53411678,   2.9
102,  56, 28.31042864, 96.53660422,   2.9
103,  56, 28.30013658, 96.53912502,   2.9
104,  56, 28.28970442, 96.54167963,  99.9
105,  56, 28.27913026, 96.54426849,  99.9
106,  56, 28.26841214, 96.54689207,   3.8
107,  56, 28.25754813, 96.54955080,   3.8
108,  56, 28.24653623, 96.55224517,   3.7
109,  56, 28.23537442, 96.55497564,   3.7
110,  56, 28.22406067, 96.55774268,   3.6
111,  56, 28.21259290, 96.56054678,   3.6
112,  56, 28.20096902, 96.56338843,   3.5
113,  56, 28.18918691, 96.56626811,   3.5
114,  56, 28.17724440, 96.56918634,   3.4
115,  56, 28.16513931, 96.57214362,   3.4
116,  56, 28.15286944, 96.57514046,   3.4
117,  56, 28.14043253, 96.57817739,   3.3
118,  56, 28.12782631, 96.58125492,   3.3
119,  56, 28.11504847, 96.58437360,   3.3
120,  56, 28.10209668, 96.58753397,   3.3
121,  56, 28.08896857, 96.59073656,   3.2
122,  56, 28.07566174, 96.59398194,   3.2
123,  56, 28.06217375, 96.59727067,   3.2
124,  56, 28.04850214, 96.60060331,   3.2
125,  56, 28.03464440, 96.60398044,   3.2
126,  56, 28.02059800, 96.60740264,   3.1
127,  56, 28.00636037, 96.61087050,   3.1
128,  56, 27.99192891, 96.61438463,   3.1
129,  56, 27.97730097, 96.61794562,   3.1
130,  56, 27.96247388, 96.62155408,   3.1
131,  56, 27.94744494, 96.62521064,   3.0
132,  56, 27.93221138, 96.62891593,   3.0
133,  56, 27.91677042, 96.63267057,   3.0
134,  56, 27.90111924, 96.63647522,   3.0
135,  56, 27.88525498, 96.64033053,   3.0
136,  56, 27.86917473, 96.64423715,   2.9
137,  56, 27.85287554, 96.64819575,   2.9
138,  56, 27.83635445, 96.65220701,   2.9
139,  56, 27.81960842, 96.65627162,   2.9
140,  56, 27.80263440, 96.66039026,   2.9
141,  56, 27.78542927, 96.66456364,   2.9
142,  56, 27.76798990, 96.66879247,   2.9
143,  56, 27.75031308, 96.67307747,   2.9
144,  56, 27.73239558, 96.67741937,   2.8
145,  56, 27.71423414, 96.68181889,   2.8
146,  56, 27.69582542, 96.68627680,   2.8
147,  56, 27.67716606, 96.69079384,   2.8
148,  56, 27.65825263, 96.69537077,   2.8
149,  56, 27.63908170, 96.70000838,   2.8
150,  56, 27.61964974, 96.70470745,   2.8
151,  56, 27.59995319, 96.70946876,   2.8
152,  56, 27.57998847, 96.71429313,   2.8
153,  56, 27.55975191, 96.71918135,   2.8
154,  56, 27.53923981, 96.72413427,   2.8
155,  56, 27.51844842, 96.72915270,   2.8
156,  56, 27.49737394, 96.73423749,   2.8
157,  56, 27.47601250, 96.73938949,   2.8
158,  56, 27.45436021, 96.74460956,   2.7
159,  56, 27.43241310, 96.74989858,   2.7
160,  56, 27.41016715, 96.75525744,   2.7
161,  56, 27.38761830, 96.76068702,   2.7
162,  56, 27.36476241, 96.76618823,   2.7
163,  56, 27.34159532, 96.77176198,   2.8
164,  56, 27.31811277, 96.77740921,   2.8
165,  56, 27.29431048, 96.78313085,   2.8
166,  56, 27.27018409, 96.78892785,   2.8
167,  56, 27.24572919, 96.79480117,   2.8
168,  56, 27.22094129, 96.80075178,   2.8
169,  56, 27.19581588, 96.80678066,   2.8
170,  56, 27.17034834, 96.81288882,   2.8
171,  56, 27.14453403, 96.81907725,   2.8
172,  56, 27.11836821, 96.82534698,   2.8
173,  56, 27.09184611, 96.83169903,   2.8
174,  56, 27.06496287, 96.83813446,   2.8
175,  56, 27.03771358, 96.84465430,   2.8
176,  56, 27.01009324, 96.85125964,   2.8
177,  56, 26.98209682, 96.85795154,   2.8
178,  56, 26.95371918, 96.86473111,   2.8
179,  56, 26.92495513, 96.87159945,   2.8
180,  56, 26.89579942, 96.87855767,   2.8
181,  56, 26.86624672, 96.88560691,   2.8
182,  56, 26.83629161, 96.89274831,   2.8
183,  56, 26.80592862, 96.89998302,   2.8
184,  56, 26.77515220, 96.90731222,   2.8
185,  56, 26.74395672, 96.91473710,   2.8
186,  56, 26.71233647, 96.92225884,   2.8
187,  56, 26.68028568, 96.92987866,   2.8
188,  56, 26.64779848, 96.93759779,   2.8
189,  56, 26.61486892, 96.94541746,   2.7
190,  56, 26.58149100, 96.95333892,   2.7
191,  56, 26.54765861, 96.96136345,   2.7
  1,  57, 28.87301530, 96.39494122,  99.9
  2,  57, 28.87038028, 96.39555156,  99.9
  3,  57, 28.86770941, 96.39617017,  99.9
  4,  57, 28.86500220, 96.39679717,  99.9
  5,  57, 28.86225814, 96.39743267,  99.9
  6,  57, 28.85947674, 96.39807677,  99.9
  7,  57, 28.85665749, 96.39872961,  99.9
  8,  57, 28.85379988, 96.39939130,  99.9
  9,  57, 28.85090339, 96.40006195,  99.9
 10,  57, 28.84796747, 96.40074169,  99.9
 11,  57, 28.84499161, 96.40143064,  99.9
 12,  57, 28.84197525, 96.40212892,  99.9
 13,  57, 28.83891784, 96.40283666,  99.9
 14,  57, 28.83581882, 96.40355400,  99.9
 15,  57, 28.83267764, 96.40428105,  99.9
 16,  57, 28.82949371, 96.40501794,  99.9
 17,  57, 28.82626645, 96.40576482,  99.9
 18,  57, 28.82299527, 96.40652182,  99.9
 19,  57, 28.81967958, 96.40728906,  99.9
 20,  57, 28.81631877, 96.40806670,  99.9
 21,  57, 28.81291222, 96.40885487,  99.9
 22,  57, 28.80945931, 96.40965370,  99.9
 23,  57, 28.80595942, 96.41046336,  99.9
 24,  57, 28.80241189, 96.41128398,  99.9
 25,  57, 28.79881610, 96.41211570,  99.9
 26,  57, 28.79517136, 96.41295869,  99.9
 27,  57, 28.79147703, 96.41381308,  99.9
 28,  57, 28.78773243, 96.41467904,  99.9
 29,  57, 28.78393686, 96.41555672,  99.9
 30,  57, 28.78008965, 96.41644628,  99.9
 31,  57, 28.77619007, 96.41734788,   4.2
 32,  57, 28.77223743, 96.41826167,   4.2
 33,  57, 28.76823100, 96.41918783,  99.9
 34,  57, 28.76417005, 96.42012652,  99.9
 35,  57, 28.76005383, 96.42107791,  99.9
 36,  57, 28.75588160, 96.42204217,  99.9
 37,  57, 28.75165258, 96.42301947,  99.9
 38,  57, 28.74736602, 96.42400998,  99.9
 39,  57, 28.74302111, 96.42501390,  99.9
 40,  57, 28.73861708, 96.42603138,  99.9
 41,  57, 28.73415312, 96.42706263,  99.9
 42,  57, 28.72962840, 96.42810782,  99.9
 43,  57, 28.72504211, 96.42916714,  99.9
 44,  57, 28.72039340, 96.43024078,  99.9
 45,  57, 28.71568143, 96.43132893,   4.5
 46,  57, 28.71090533, 96.43243179,   4.5
 47,  57, 28.70606423, 96.43354956,  99.9
 48,  57, 28.70115725, 96.43468242,  99.9
 49,  57, 28.69618349, 96.43583060,  99.9
 50,  57, 28.69114204, 96.43699429,  99.9
 51,  57, 28.68603198, 96.43817370,  99.9
 52,  57, 28.68085237, 96.43936904,  99.9
 53,  57, 28.67560227, 96.44058052,  99.9
 54,  57, 28.67028072, 96.44180837,  99.9
 55,  57, 28.66488675, 96.44305280,  99.9
 56,  57, 28.65941937, 96.44431403,  99.9
 57,  57, 28.65387758, 96.44559229,  99.9
 58,  57, 28.64826036, 96.44688781,  99.9
 59,  57, 28.64256670, 96.44820082,  99.9
 60,  57, 28.63679555, 96.44953154,   4.3
 61,  57, 28.63094586, 96.45088023,   4.3
 62,  57, 28.62501655, 96.45224712,   4.2
 63,  57, 28.61900655, 96.45363244,   4.2
 64,  57, 28.61291474, 96.45503646,   4.1
 65,  57, 28.60674004, 96.45645942,   4.1
 66,  57, 28.60048129, 96.45790157,   4.0
 67,  57, 28.59413736, 96.45936317,   4.0
 68,  57, 28.58770709, 96.46084448,   4.0
 69,  57, 28.58118930, 96.46234576,   4.0
 70,  57, 28.57458281, 96.46386729,   4.0
 71,  57, 28.56788640, 96.46540932,   4.0
 72,  57, 28.56109885, 96.46697214,   4.0
 73,  57, 28.55421892, 96.46855601,   4.0
 74,  57, 28.54724535, 96.47016123,   3.9
 75,  57, 28.54017687, 96.47178808,   4.0
 76,  57, 28.53301218, 96.47343685,   4.0
 77,  57, 28.52574998, 96.47510782,   4.0
 78,  57, 28.51838893, 96.47680129,   4.1
 79,  57, 28.51092770, 96.47851757,   4.1
 80,  57, 28.50336491, 96.48025696,   4.1
 81,  57, 28.49569919, 96.48201976,  99.9
 82,  57, 28.48792913, 96.48380630,  99.9
 83,  57, 28.48005332, 96.48561687,  99.9
 84,  57, 28.47207031, 96.48745181,  99.9
 85,  57, 28.46397864, 96.48931143,  99.9
 86,  57, 28.45577684, 96.49119608,  99.9
 87,  57, 28.44746341, 96.49310607,  99.9
 88,  57, 28.43903681, 96.49504174,  99.9
 89,  57, 28.43049553, 96.49700345,  99.9
 90,  57, 28.42183798, 96.49899152,  99.9
 91,  57, 28.41306260, 96.50100632,  99.9
 92,  57, 28.40416777, 96.50304820,   2.8
 93,  57, 28.39515187, 96.50511751,   2.8
 94,  57, 28.38601326, 96.50721463,   2.9
 95,  57, 28.37675025, 96.50933991,   2.9
 96,  57, 28.36736116, 96.51149374,   2.9
 97,  57, 28.35784427, 96.51367649,   2.9
 98,  57, 28.34819783, 96.51588855,   2.9
 99,  57, 28.33842010, 96.51813030,   2.9
100,  57, 28.32850927, 96.52040213,   2.9
101,  57, 28.31846354, 96.52270445,   2.9
102,  57, 28.30828107, 96.52503766,   2.9
103,  57, 28.29795999, 96.52740216,   3.0
104,  57, 28.28749842, 96.52979838,  99.9
105,  57, 28.27689445, 96.53222672,   3.8
106,  57, 28.26614614, 96.53468762,   3.8
107,  57, 28.25525152, 96.53718150,   3.7
108,  57, 28.24420860, 96.53970880,   3.7
109,  57, 28.23301536, 96.54226996,   3.6
110,  57, 28.22166975, 96.54486542,   3.6
111,  57, 28.21016971, 96.54749565,   3.5
112,  57, 28.19851312, 96.55016109,   3.5
113,  57, 28.18669785, 96.55286221,   3.4
114,  57, 28.17472175, 96.55559948,   3.4
115,  57, 28.16258262, 96.55837338,   3.4
116,  57, 28.15027825, 96.56118438,   3.3
117,  57, 28.13780637, 96.56403299,   3.3
118,  57, 28.12516472, 96.56691968,   3.3
119,  57, 28.11235099, 96.56984496,   3.3
120,  57, 28.09936281, 96.57280934,   3.2
121,  57, 28.08619783, 96.57581333,   3.2
122,  57, 28.07285364, 96.57885745,   3.2
123,  57, 28.05932779, 96.58194222,   3.2
124,  57, 28.04561780, 96.58506819,   3.2
125,  57, 28.03172119, 96.58823588,   3.1
126,  57, 28.01763539, 96.59144585,   3.1
127,  57, 28.00335783, 96.59469865,   3.1
128,  57, 27.98888591, 96.59799483,   3.1
129,  57, 27.97421698, 96.60133497,   3.0
130,  57, 27.95934835, 96.60471964,   3.0
131,  57, 27.94427730, 96.60814942,   3.0
132,  57, 27.92900108, 96.61162490,   3.0
133,  57, 27.91351690, 96.61514668,   3.0
134,  57, 27.89782191, 96.61871535,   3.0
135,  57, 27.88191326, 96.62233154,   2.9
136,  57, 27.86578803, 96.62599586,   2.9
137,  57, 27.84944326, 96.62970893,   2.9
138,  57, 27.83287599, 96.63347139,   2.9
139,  57, 27.81608316, 96.63728388,   2.9
140,  57, 27.79906171, 96.64114706,   2.9
141,  57, 27.78180853, 96.64506157,   2.9
142,  57, 27.76432046, 96.64902810,   2.8
143,  57, 27.74659430, 96.65304730,   2.8
144,  57, 27.72862681, 96.65711986,   2.8
145,  57, 27.71041471, 96.66124648,   2.8
146,  57, 27.69195466, 96.66542786,   2.8
147,  57, 27.67324328, 96.66966469,   2.8
148,  57, 27.65427716, 96.67395770,   2.8
149,  57, 27.63505282, 96.67830762,   2.8
150,  57, 27.61556674, 96.68271518,   2.8
151,  57, 27.59581537, 96.68718112,   2.8
152,  57, 27.57579509, 96.69170620,   2.8
153,  57, 27.55550224, 96.69629117,   2.8
154,  57, 27.53493310, 96.70093681,   2.8
155,  57, 27.51408392, 96.70564389,   2.7
156,  57, 27.49295088, 96.71041322,   2.7
157,  57, 27.47153012, 96.71524558,   2.7
158,  57, 27.44981771, 96.72014179,   2.7
159,  57, 27.42780968, 96.72510266,   2.7
160,  57, 27.40550202, 96.73012903,   2.7
161,  57, 27.38289064, 96.73522172,   2.7
162,  57, 27.35997140, 96.74038160,   2.7
163,  57, 27.33674011, 96.74560952,   2.7
164,  57, 27.31319253, 96.75090634,   2.7
165,  57, 27.28932434, 96.75627296,   2.7
166,  57, 27.26513118, 96.76171025,   2.7
167,  57, 27.24060863, 96.76721912,   2.7
168,  57, 27.21575220, 96.77280048,   2.7
169,  57, 27.19055734, 96.77845525,   2.8
170,  57, 27.16501945, 96.78418436,   2.8
171,  57, 27.13913386, 96.78998876,   2.8
172,  57, 27.11289583, 96.79586941,   2.8
173,  57, 27.08630056, 96.80182726,   2.8
174,  57, 27.05934320, 96.80786331,   2.8
175,  57, 27.03201880, 96.81397853,   2.8
176,  57, 27.00432238, 96.82017392,   2.8
177,  57, 26.97624887, 96.82645051,   2.8
178,  57, 26.94779313, 96.83280931,   2.8
179,  57, 26.91894997, 96.83925136,   2.8
180,  57, 26.88971410, 96.84577771,   2.8
181,  57, 26.86008019, 96.85238942,   2.8
182,  57, 26.83004282, 96.85908755,   2.8
183,  57, 26.79959648, 96.86587321,   2.8
184,  57, 26.76873563, 96.87274747,   2.8
185,  57, 26.73745461, 96.87971146,   2.8
186,  57, 26.70574770, 96.88676630,   2.8
187,  57, 26.67360912, 96.89391312,   2.8
188,  57, 26.64103299, 96.90115307,   2.7
189,  57, 26.60801334, 96.90848731,   2.7
190,  57, 26.57454415, 96.91591701,   2.7
191,  57, 26.54061930, 96.92344337,   2.7
  1,  58, 28.87249930, 96.39196405,  99.9
  2,  58, 28.86985728, 96.39253396,  99.9
  3,  58, 28.86717931, 96.39311159,  99.9
  4,  58, 28.86446489, 96.39369705,  99.9
  5,  58, 28.86171354, 96.39429044,  99.9
  6,  58, 28.85892474, 96.39489187,  99.9
  7,  58, 28.85609800, 96.39550146,  99.9
  8,  58, 28.85323279, 96.39611931,  99.9
  9,  58, 28.85032859, 96.39674553,  99.9
 10,  58, 28.84738487, 96.39738023,  99.9
 11,  58, 28.84440110, 96.39802354,  99.9
 12,  58, 28.84137672, 96.39867556,  99.9
 13,  58, 28.83831118, 96.39933641,  99.9
 14,  58, 28.83520393, 96.40000622,  99.9
 15,  58, 28.83205440, 96.40068510,  99.9
 16,  58, 28.82886201, 96.40137318,  99.9
 17,  58, 28.82562617, 96.40207057,  99.9
 18,  58, 28.82234630, 96.40277741,  99.9
 19,  58, 28.81902180, 96.40349383,  99.9
 20,  58, 28.81565206, 96.40421994,  99.9
 21,  58, 28.81223646, 96.40495589,  99.9
 22,  58, 28.80877438, 96.40570181,  99.9
 23,  58, 28.80526519, 96.40645782,  99.9
 24,  58, 28.80170824, 96.40722407,  99.9
 25,  58, 28.79810290, 96.40800069,  99.9
 26,  58, 28.79444848, 96.40878782,  99.9
 27,  58, 28.79074434, 96.40958561,  99.9
 28,  58, 28.78698979, 96.41039420,  99.9
 29,  58, 28.78318415, 96.41121373,  99.9
 30,  58, 28.77932672, 96.41204435,  99.9
 31,  58, 28.77541679, 96.41288621,  99.9
 32,  58, 28.77145366, 96.41373946,  99.9
 33,  58, 28.76743659, 96.41460425,  99.9
 34,  58, 28.76336486, 96.41548075,  99.9
 35,  58, 28.75923772, 96.41636910,  99.9
 36,  58, 28.75505441, 96.41726947,  99.9
 37,  58, 28.75081418, 96.41818202,  99.9
 38,  58, 28.74651624, 96.41910691,  99.9
 39,  58, 28.74215981, 96.42004431,  99.9
 40,  58, 28.73774409, 96.42099438,  99.9
 41,  58, 28.73326828, 96.42195730,  99.9
 42,  58, 28.72873157, 96.42293324,  99.9
 43,  58, 28.72413311, 96.42392237,  99.9
 44,  58, 28.71947207, 96.42492487,  99.9
 45,  58, 28.71474761, 96.42594092,   4.5
 46,  58, 28.70995884, 96.42697071,   4.5
 47,  58, 28.70510491, 96.42801441,  99.9
 48,  58, 28.70018492, 96.42907222,  99.9
 49,  58, 28.69519797, 96.43014432,  99.9
 50,  58, 28.69014316, 96.43123090,  99.9
 51,  58, 28.68501955, 96.43233216,  99.9
 52,  58, 28.67982622, 96.43344830,  99.9
 53,  58, 28.67456221, 96.43457952,  99.9
 54,  58, 28.66922656, 96.43572601,  99.9
 55,  58, 28.66381830, 96.43688798,  99.9
 56,  58, 28.65833643, 96.43806564,  99.9
 57,  58, 28.65277996, 96.43925920,  99.9
 58,  58, 28.64714787, 96.44046888,  99.9
 59,  58, 28.64143913, 96.44169488,  99.9
 60,  58, 28.63565270, 96.44293743,  99.9
 61,  58, 28.62978752, 96.44419675,  99.9
 62,  58, 28.62384251, 96.44547307,   4.2
 63,  58, 28.61781660, 96.44676660,   4.1
 64,  58, 28.61170868, 96.44807758,   4.1
 65,  58, 28.60551762, 96.44940625,   4.0
 66,  58, 28.59924232, 96.45075284,   4.0
 67,  58, 28.59288160, 96.45211759,   3.9
 68,  58, 28.58643432, 96.45350074,   3.9
 69,  58, 28.57989929, 96.45490254,   3.9
 70,  58, 28.57327533, 96.45632324,   3.9
 71,  58, 28.56656121, 96.45776309,   3.9
 72,  58, 28.55975571, 96.45922235,   3.9
 73,  58, 28.55285759, 96.46070127,   3.9
 74,  58, 28.54586558, 96.46220012,   3.9
 75,  58, 28.53877842, 96.46371916,   3.9
 76,  58, 28.53159480, 96.46525867,   3.9
 77,  58, 28.52431340, 96.46681891,   4.0
 78,  58, 28.51693291, 96.46840017,   4.0
 79,  58, 28.50945197, 96.47000271,   4.0
 80,  58, 28.50186920, 96.47162684,   4.1
 81,  58, 28.49418324, 96.47327282,  99.9
 82,  58, 28.48639266, 96.47494096,  99.9
 83,  58, 28.47849606, 96.47663155,  99.9
 84,  58, 28.47049197, 96.47834489,  99.9
 85,  58, 28.46237895, 96.48008128,  99.9
 86,  58, 28.45415550, 96.48184103,  99.9
 87,  58, 28.44582013, 96.48362444,  99.9
 88,  58, 28.43737131, 96.48543184,  99.9
 89,  58, 28.42880749, 96.48726354,  99.9
 90,  58, 28.42012711, 96.48911986,  99.9
 91,  58, 28.41132859, 96.49100113,   2.8
 92,  58, 28.40241031, 96.49290769,   2.8
 93,  58, 28.39337065, 96.49483987,   3.0
 94,  58, 28.38420794, 96.49679800,   3.0
 95,  58, 28.37492053, 96.49878243,   3.0
 96,  58, 28.36550670, 96.50079352,   3.0
 97,  58, 28.35596474, 96.50283161,   3.0
 98,  58, 28.34629290, 96.50489706,   3.0
 99,  58, 28.33648942, 96.50699024,   3.0
100,  58, 28.32655249, 96.50911151,   3.0
101,  58, 28.31648032, 96.51126124,   3.0
102,  58, 28.30627105, 96.51343981,   3.1
103,  58, 28.29592281, 96.51564760,  99.9
104,  58, 28.28543372, 96.51788500,  99.9
105,  58, 28.27480186, 96.52015240,   3.7
106,  58, 28.26402528, 96.52245019,   3.7
107,  58, 28.25310202, 96.52477878,   3.7
108,  58, 28.24203007, 96.52713857,   3.6
109,  58, 28.23080741, 96.52952997,   3.6
110,  58, 28.21943199, 96.53195341,   3.5
111,  58, 28.20790174, 96.53440930,   3.5
112,  58, 28.19621453, 96.53689807,   3.4
113,  58, 28.18436824, 96.53942015,   3.4
114,  58, 28.17236069, 96.54197599,   3.4
115,  58, 28.16018970, 96.54456603,   3.3
116,  58, 28.14785304, 96.54719071,   3.3
117,  58, 28.13534844, 96.54985049,   3.3
118,  58, 28.12267364, 96.55254584,   3.3
119,  58, 28.10982629, 96.55527722,   3.2
120,  58, 28.09680407, 96.55804510,   3.2
121,  58, 28.08360458, 96.56084997,   3.2
122,  58, 28.07022542, 96.56369230,   3.2
123,  58, 28.05666413, 96.56657259,   3.1
124,  58, 28.04291824, 96.56949134,   3.1
125,  58, 28.02898523, 96.57244905,   3.1
126,  58, 28.01486256, 96.57544623,   3.1
127,  58, 28.00054764, 96.57848340,   3.1
128,  58, 27.98603785, 96.58156108,   3.0
129,  58, 27.97133055, 96.58467980,   3.0
130,  58, 27.95642303, 96.58784009,   3.0
131,  58, 27.94131259, 96.59104250,   3.0
132,  58, 27.92599644, 96.59428758,   3.0
133,  58, 27.91047180, 96.59757588,   2.9
134,  58, 27.89473582, 96.60090797,   2.9
135,  58, 27.87878562, 96.60428442,   2.9
136,  58, 27.86261829, 96.60770581,   2.9
137,  58, 27.84623087, 96.61117271,   2.9
138,  58, 27.82962036, 96.61468573,   2.9
139,  58, 27.81278374, 96.61824547,   2.9
140,  58, 27.79571791, 96.62185252,   2.8
141,  58, 27.77841975, 96.62550750,   2.8
142,  58, 27.76088611, 96.62921104,   2.8
143,  58, 27.74311378, 96.63296376,   2.8
144,  58, 27.72509950, 96.63676631,   2.8
145,  58, 27.70683998, 96.64061932,   2.8
146,  58, 27.68833188, 96.64452345,   2.8
147,  58, 27.66957183, 96.64847937,   2.8
148,  58, 27.65055638, 96.65248773,   2.8
149,  58, 27.63128206, 96.65654923,   2.8
150,  58, 27.61174534, 96.66066453,   2.8
151,  58, 27.59194266, 96.66483434,   2.7
152,  58, 27.57187038, 96.66905937,   2.7
153,  58, 27.55152485, 96.67334031,   2.7
154,  58, 27.53090233, 96.67767790,   2.7
155,  58, 27.50999906, 96.68207285,   2.7
156,  58, 27.48881122, 96.68652591,   2.7
157,  58, 27.46733493, 96.69103783,   2.7
158,  58, 27.44556626, 96.69560935,   2.7
159,  58, 27.42350123, 96.70024124,   2.7
160,  58, 27.40113580, 96.70493428,   2.7
161,  58, 27.37846590, 96.70968925,   2.7
162,  58, 27.35548736, 96.71450694,   2.7
163,  58, 27.33219600, 96.71938815,   2.7
164,  58, 27.30858755, 96.72433369,   2.7
165,  58, 27.28465768, 96.72934439,   2.7
166,  58, 27.26040204, 96.73442107,   2.7
167,  58, 27.23581618, 96.73956458,   2.7
168,  58, 27.21089561, 96.74477576,   2.7
169,  58, 27.18563576, 96.75005549,   2.7
170,  58, 27.16003203, 96.75540461,   2.7
171,  58, 27.13407973, 96.76082403,   2.7
172,  58, 27.10777411, 96.76631463,   2.7
173,  58, 27.08111037, 96.77187731,   2.7
174,  58, 27.05408363, 96.77751298,   2.8
175,  58, 27.02668895, 96.78322258,   2.8
176,  58, 26.99892132, 96.78900702,   2.8
177,  58, 26.97077567, 96.79486726,   2.8
178,  58, 26.94224684, 96.80080426,   2.8
179,  58, 26.91332964, 96.80681898,   2.8
180,  58, 26.88401876, 96.81291239,   2.8
181,  58, 26.85430885, 96.81908549,   2.8
182,  58, 26.82419448, 96.82533929,   2.8
183,  58, 26.79367014, 96.83167478,   2.8
184,  58, 26.76273027, 96.83809300,   2.8
185,  58, 26.73136920, 96.84459499,   2.8
186,  58, 26.69958120, 96.85118178,   2.8
187,  58, 26.66736046, 96.85785445,   2.8
188,  58, 26.63470109, 96.86461406,   2.7
189,  58, 26.60159713, 96.87146169,   2.7
190,  58, 26.56804253, 96.87839845,   2.7
191,  58, 26.53403116, 96.88542544,   2.7
  1,  59, 28.87201871, 96.38897927,  99.9
  2,  59, 28.86937016, 96.38950863,  99.9
  3,  59, 28.86668557, 96.39004517,  99.9
  4,  59, 28.86396444, 96.39058899,  99.9
  5,  59, 28.86120629, 96.39114017,  99.9
  6,  59, 28.85841061, 96.39169882,  99.9
  7,  59, 28.85557689, 96.39226505,  99.9
  8,  59, 28.85270460, 96.39283895,  99.9
  9,  59, 28.84979323, 96.39342062,  99.9
 10,  59, 28.84684224, 96.39401018,  99.9
 11,  59, 28.84385110, 96.39460772,  99.9
 12,  59, 28.84081925, 96.39521336,  99.9
 13,  59, 28.83774615, 96.39582721,  99.9
 14,  59, 28.83463123, 96.39644937,  99.9
 15,  59, 28.83147392, 96.39707996,  99.9
 16,  59, 28.82827364, 96.39771909,  99.9
 17,  59, 28.82502982, 96.39836688,  99.9
 18,  59, 28.82174186, 96.39902344,  99.9
 19,  59, 28.81840915, 96.39968889,  99.9
 20,  59, 28.81503109, 96.40036336,  99.9
 21,  59, 28.81160706, 96.40104695,  99.9
 22,  59, 28.80813644, 96.40173981,  99.9
 23,  59, 28.80461859, 96.40244204,  99.9
 24,  59, 28.80105287, 96.40315378,  99.9
 25,  59, 28.79743862, 96.40387516,  99.9
 26,  59, 28.79377520, 96.40460630,  99.9
 27,  59, 28.79006192, 96.40534734,  99.9
 28,  59, 28.78629811, 96.40609840,  99.9
 29,  59, 28.78248308, 96.40685964,  99.9
 30,  59, 28.77861613, 96.40763117,  99.9
 31,  59, 28.77469656, 96.40841314,  99.9
 32,  59, 28.77072366, 96.40920570,  99.9
 33,  59, 28.76669669, 96.41000898,  99.9
 34,  59, 28.76261492, 96.41082312,  99.9
 35,  59, 28.75847760, 96.41164828,  99.9
 36,  59, 28.75428398, 96.41248460,  99.9
 37,  59, 28.75003329, 96.41333223,  99.9
 38,  59, 28.74572476, 96.41419133,  99.9
 39,  59, 28.74135759, 96.41506204,  99.9
 40,  59, 28.73693099, 96.41594453,  99.9
 41,  59, 28.73244416, 96.41683895,  99.9
 42,  59, 28.72789626, 96.41774546,  99.9
 43,  59, 28.72328647, 96.41866422,  99.9
 44,  59, 28.71861395, 96.41959541,   4.7
 45,  59, 28.71387785, 96.42053918,   4.6
 46,  59, 28.70907729, 96.42149571,   4.6
 47,  59, 28.70421140, 96.42246517,  99.9
 48,  59, 28.69927929, 96.42344772,  99.9
 49,  59, 28.69428007, 96.42444355,  99.9
 50,  59, 28.68921281, 96.42545284,  99.9
 51,  59, 28.68407659, 96.42647576,  99.9
 52,  59, 28.67887047, 96.42751249,  99.9
 53,  59, 28.67359350, 96.42856323,  99.9
 54,  59, 28.66824472, 96.42962816,  99.9
 55,  59, 28.66282315, 96.43070747,  99.9
 56,  59, 28.65732779, 96.43180135,  99.9
 57,  59, 28.65175765, 96.43291000,  99.9
 58,  59, 28.64611170, 96.43403362,  99.9
 59,  59, 28.64038892, 96.43517240,  99.9
 60,  59, 28.63458826, 96.43632655,  99.9
 61,  59, 28.62870865, 96.43749628,  99.9
 62,  59, 28.62274902, 96.43868180,  99.9
 63,  59, 28.61670829, 96.43988330,   4.1
 64,  59, 28.61058535, 96.44110102,   4.0
 65,  59, 28.60437908, 96.44233516,   4.0
 66,  59, 28.59808835, 96.44358595,   3.9
 67,  59, 28.59171200, 96.44485361,   3.9
 68,  59, 28.58524888, 96.44613836,   3.9
 69,  59, 28.57869779, 96.44744043,   3.9
 70,  59, 28.57205755, 96.44876005,   3.9
 71,  59, 28.56532694, 96.45009746,   3.9
 72,  59, 28.55850472, 96.45145290,   3.9
 73,  59, 28.55158966, 96.45282660,   3.8
 74,  59, 28.54458049, 96.45421882,   3.8
 75,  59, 28.53747592, 96.45562978,   3.9
 76,  59, 28.53027466, 96.45705976,   3.9
 77,  59, 28.52297540, 96.45850900,   3.9
 78,  59, 28.51557679, 96.45997775,   3.9
 79,  59, 28.50807749, 96.46146628,   4.0
 80,  59, 28.50047612, 96.46297485,   4.0
 81,  59, 28.49277130, 96.46450372,  99.9
 82,  59, 28.48496162, 96.46605318,  99.9
 83,  59, 28.47704564, 96.46762348,  99.9
 84,  59, 28.46902193, 96.46921492,  99.9
 85,  59, 28.46088901, 96.47082777,  99.9
 86,  59, 28.45264541, 96.47246231,  99.9
 87,  59, 28.44428961, 96.47411883,  99.9
 88,  59, 28.43582008, 96.47579763,  99.9
 89,  59, 28.42723528, 96.47749900,  99.9
 90,  59, 28.41853363, 96.47922325,   2.8
 91,  59, 28.40971356, 96.48097067,   2.8
 92,  59, 28.40077344, 96.48274157,   3.0
 93,  59, 28.39171164, 96.48453626,   3.0
 94,  59, 28.38252650, 96.48635507,   3.0
 95,  59, 28.37321635, 96.48819831,   3.0
 96,  59, 28.36377948, 96.49006630,   3.0
 97,  59, 28.35421417, 96.49195937,   3.0
 98,  59, 28.34451867, 96.49387785,   3.0
 99,  59, 28.33469121, 96.49582209,   3.0
100,  59, 28.32472998, 96.49779242,   3.0
101,  59, 28.31463318, 96.49978918,   3.1
102,  59, 28.30439895, 96.50181274,  99.9
103,  59, 28.29402542, 96.50386343,  99.9
104,  59, 28.28351070, 96.50594162,   3.7
105,  59, 28.27285286, 96.50804768,   3.7
106,  59, 28.26204995, 96.51018196,   3.7
107,  59, 28.25110001, 96.51234485,   3.6
108,  59, 28.24000102, 96.51453672,   3.6
109,  59, 28.22875097, 96.51675796,   3.5
110,  59, 28.21734778, 96.51900894,   3.5
111,  59, 28.20578939, 96.52129007,   3.4
112,  59, 28.19407367, 96.52360174,   3.4
113,  59, 28.18219848, 96.52594435,   3.4
114,  59, 28.17016165, 96.52831831,   3.3
115,  59, 28.15796098, 96.53072403,   3.3
116,  59, 28.14559424, 96.53316193,   3.3
117,  59, 28.13305918, 96.53563244,   3.3
118,  59, 28.12035348, 96.53813598,   3.2
119,  59, 28.10747485, 96.54067298,   3.2
120,  59, 28.09442091, 96.54324388,   3.2
121,  59, 28.08118928, 96.54584914,   3.2
122,  59, 28.06777755, 96.54848920,   3.1
123,  59, 28.05418326, 96.55116451,   3.1
124,  59, 28.04040393, 96.55387554,   3.1
125,  59, 28.02643703, 96.55662276,   3.1
126,  59, 28.01228001, 96.55940663,   3.1
127,  59, 27.99793029, 96.56222765,   3.0
128,  59, 27.98338524, 96.56508629,   3.0
129,  59, 27.96864219, 96.56798305,   3.0
130,  59, 27.95369847, 96.57091842,   3.0
131,  59, 27.93855132, 96.57389291,   3.0
132,  59, 27.92319799, 96.57690703,   2.9
133,  59, 27.90763567, 96.57996130,   2.9
134,  59, 27.89186150, 96.58305623,   2.9
135,  59, 27.87587261, 96.58619237,   2.9
136,  59, 27.85966608, 96.58937024,   2.9
137,  59, 27.84323893, 96.59259039,   2.9
138,  59, 27.82658816, 96.59585337,   2.8
139,  59, 27.80971074, 96.59915973,   2.8
140,  59, 27.79260358, 96.60251004,   2.8
141,  59, 27.77526354, 96.60590487,   2.8
142,  59, 27.75768745, 96.60934480,   2.8
143,  59, 27.73987211, 96.61283041,   2.8
144,  59, 27.72181425, 96.61636229,   2.8
145,  59, 27.70351058, 96.61994104,   2.8
146,  59, 27.68495774, 96.62356727,   2.8
147,  59, 27.66615235, 96.62724160,   2.8
148,  59, 27.64709096, 96.63096463,   2.8
149,  59, 27.62777009, 96.63473701,   2.7
150,  59, 27.60818621, 96.63855938,   2.7
151,  59, 27.58833573, 96.64243236,   2.7
152,  59, 27.56821503, 96.64635662,   2.7
153,  59, 27.54782043, 96.65033282,   2.7
154,  59, 27.52714820, 96.65436162,   2.7
155,  59, 27.50619456, 96.65844371,   2.7
156,  59, 27.48495568, 96.66257976,   2.7
157,  59, 27.46342767, 96.66677047,   2.7
158,  59, 27.44160660, 96.67101654,   2.7
159,  59, 27.41948848, 96.67531868,   2.7
160,  59, 27.39706926, 96.67967761,   2.7
161,  59, 27.37434485, 96.68409406,   2.7
162,  59, 27.35131110, 96.68856876,   2.7
163,  59, 27.32796378, 96.69310245,   2.7
164,  59, 27.30429864, 96.69769589,   2.7
165,  59, 27.28031134, 96.70234984,   2.7
166,  59, 27.25599750, 96.70706507,   2.7
167,  59, 27.23135268, 96.71184237,   2.7
168,  59, 27.20637237, 96.71668252,   2.7
169,  59, 27.18105200, 96.72158632,   2.7
170,  59, 27.15538694, 96.72655458,   2.7
171,  59, 27.12937252, 96.73158812,   2.7
172,  59, 27.10300395, 96.73668777,   2.7
173,  59, 27.07627644, 96.74185436,   2.7
174,  59, 27.04918509, 96.74708874,   2.7
175,  59, 27.02172496, 96.75239178,   2.8
176,  59, 26.99389101, 96.75776432,   2.8
177,  59, 26.96567817, 96.76320727,   2.8
178,  59, 26.93708128, 96.76872149,   2.8
179,  59, 26.90809511, 96.77430790,   2.8
180,  59, 26.87871437, 96.77996739,   2.8
181,  59, 26.84893368, 96.78570089,   2.8
182,  59, 26.81874761, 96.79150932,   2.8
183,  59, 26.78815063, 96.79739363,   2.8
184,  59, 26.75713716, 96.80335477,   2.8
185,  59, 26.72570154, 96.80939370,   2.8
186,  59, 26.69383801, 96.81551140,   2.8
187,  59, 26.66154076, 96.82170884,   2.7
188,  59, 26.62880388, 96.82798702,   2.7
189,  59, 26.59562140, 96.83434696,   2.7
190,  59, 26.56198725, 96.84078966,   2.7
191,  59, 26.52789530, 96.84731616,   2.7
  1,  60, 28.87157360, 96.38598740,  99.9
  2,  60, 28.86891900, 96.38647613,  99.9
  3,  60, 28.86622828, 96.38697148,  99.9
  4,  60, 28.86350095, 96.38747355,  99.9
  5,  60, 28.86073651, 96.38798243,  99.9
  6,  60, 28.85793445, 96.38849820,  99.9
  7,  60, 28.85509425, 96.38902096,  99.9
  8,  60, 28.85221542, 96.38955081,  99.9
  9,  60, 28.84929740, 96.39008784,  99.9
 10,  60, 28.84633968, 96.39063214,  99.9
 11,  60, 28.84334171, 96.39118381,  99.9
 12,  60, 28.84030295, 96.39174297,  99.9
 13,  60, 28.83722284, 96.39230969,  99.9
 14,  60, 28.83410081, 96.39288410,  99.9
 15,  60, 28.83093630, 96.39346628,  99.9
 16,  60, 28.82772873, 96.39405635,  99.9
 17,  60, 28.82447750, 96.39465441,  99.9
 18,  60, 28.82118204, 96.39526058,  99.9
 19,  60, 28.81784173, 96.39587495,  99.9
 20,  60, 28.81445597, 96.39649764,  99.9
 21,  60, 28.81102414, 96.39712876,  99.9
 22,  60, 28.80754560, 96.39776843,  99.9
 23,  60, 28.80401973, 96.39841676,  99.9
 24,  60, 28.80044589, 96.39907386,  99.9
 25,  60, 28.79682340, 96.39973987,  99.9
 26,  60, 28.79315163, 96.40041488,  99.9
 27,  60, 28.78942988, 96.40109904,  99.9
 28,  60, 28.78565749, 96.40179245,  99.9
 29,  60, 28.78183377, 96.40249525,  99.9
 30,  60, 28.77795802, 96.40320755,  99.9
 31,  60, 28.77402952, 96.40392950,  99.9
 32,  60, 28.77004756, 96.40466122,  99.9
 33,  60, 28.76601141, 96.40540283,  99.9
 34,  60, 28.76192035, 96.40615448,  99.9
 35,  60, 28.75777360, 96.40691630,  99.9
 36,  60, 28.75357043, 96.40768842,  99.9
 37,  60, 28.74931006, 96.40847098,  99.9
 38,  60, 28.74499172, 96.40926413,  99.9
 39,  60, 28.74061461, 96.41006800,  99.9
 40,  60, 28.73617793, 96.41088274,  99.9
 41,  60, 28.73168088, 96.41170850,   4.9
 42,  60, 28.72712263, 96.41254543,   4.8
 43,  60, 28.72250235, 96.41339366,   4.8
 44,  60, 28.71781920, 96.41425337,   4.7
 45,  60, 28.71307231, 96.41512469,   4.7
 46,  60, 28.70826083, 96.41600779,  99.9
 47,  60, 28.70338387, 96.41690282,  99.9
 48,  60, 28.69844054, 96.41780995,  99.9
 49,  60, 28.69342994, 96.41872933,  99.9
 50,  60, 28.68835116, 96.41966114,  99.9
 51,  60, 28.68320325, 96.42060553,   4.7
 52,  60, 28.67798530, 96.42156268,   4.7
 53,  60, 28.67269633, 96.42253275,  99.9
 54,  60, 28.66733538, 96.42351593,  99.9
 55,  60, 28.66190148, 96.42451238,  99.9
 56,  60, 28.65639363, 96.42552229,  99.9
 57,  60, 28.65081083, 96.42654583,  99.9
 58,  60, 28.64515205, 96.42758319,  99.9
 59,  60, 28.63941626, 96.42863455,  99.9
 60,  60, 28.63360241, 96.42970010,  99.9
 61,  60, 28.62770945, 96.43078003,  99.9
 62,  60, 28.62173628, 96.43187453,  99.9
 63,  60, 28.61568183, 96.43298380,  99.9
 64,  60, 28.60954498, 96.43410803,   3.9
 65,  60, 28.60332461, 96.43524743,   3.9
 66,  60, 28.59701959, 96.43640219,   3.9
 67,  60, 28.59062877, 96.43757253,   3.9
 68,  60, 28.58415097, 96.43875865,   3.9
 69,  60, 28.57758501, 96.43996076,   3.8
 70,  60, 28.57092970, 96.44117907,   3.8
 71,  60, 28.56418381, 96.44241381,   3.8
 72,  60, 28.55734612, 96.44366519,   3.8
 73,  60, 28.55041536, 96.44493343,   3.8
 74,  60, 28.54339029, 96.44621875,   3.8
 75,  60, 28.53626961, 96.44752140,   3.8
 76,  60, 28.52905201, 96.44884159,   3.8
 77,  60, 28.52173620, 96.45017956,   3.8
 78,  60, 28.51432081, 96.45153555,   3.9
 79,  60, 28.50680451, 96.45290980,   3.9
 80,  60, 28.49918591, 96.45430255,   3.9
 81,  60, 28.49146363, 96.45571405,  99.9
 82,  60, 28.48363624, 96.45714454,  99.9
 83,  60, 28.47570233, 96.45859429,  99.9
 84,  60, 28.46766044, 96.46006354,  99.9
 85,  60, 28.45950911, 96.46155256,  99.9
 86,  60, 28.45124683, 96.46306161,  99.9
 87,  60, 28.44287211, 96.46459095,  99.9
 88,  60, 28.43438340, 96.46614086,  99.9
 89,  60, 28.42577917, 96.46771160,  99.9
 90,  60, 28.41705783, 96.46930346,   2.8
 91,  60, 28.40821779, 96.47091672,   3.0
 92,  60, 28.39925744, 96.47255165,   3.0
 93,  60, 28.39017514, 96.47420855,   3.0
 94,  60, 28.38096923, 96.47588771,   3.0
 95,  60, 28.37163802, 96.47758942,   3.1
 96,  60, 28.36217982, 96.47931399,   3.1
 97,  60, 28.35259288, 96.48106171,   3.1
 98,  60, 28.34287547, 96.48283289,   3.1
 99,  60, 28.33302579, 96.48462785,   3.1
100,  60, 28.32304206, 96.48644689,   3.0
101,  60, 28.31292245, 96.48829034,  99.9
102,  60, 28.30266510, 96.49015852,  99.9
103,  60, 28.29226815, 96.49205176,   3.7
104,  60, 28.28172968, 96.49397038,   3.7
105,  60, 28.27104779, 96.49591473,   3.7
106,  60, 28.26022050, 96.49788513,   3.6
107,  60, 28.24924585, 96.49988195,   3.6
108,  60, 28.23812182, 96.50190552,   3.5
109,  60, 28.22684639, 96.50395619,   3.5
110,  60, 28.21541749, 96.50603433,   3.4
111,  60, 28.20383304, 96.50814030,   3.4
112,  60, 28.19209091, 96.51027447,   3.4
113,  60, 28.18018896, 96.51243719,   3.3
114,  60, 28.16812501, 96.51462886,   3.3
115,  60, 28.15589686, 96.51684986,   3.3
116,  60, 28.14350227, 96.51910056,   3.3
117,  60, 28.13093898, 96.52138135,   3.2
118,  60, 28.11820469, 96.52369265,   3.2
119,  60, 28.10529706, 96.52603483,   3.2
120,  60, 28.09221375, 96.52840832,   3.2
121,  60, 28.07895237, 96.53081351,   3.1
122,  60, 28.06551047, 96.53325084,   3.1
123,  60, 28.05188562, 96.53572071,   3.1
124,  60, 28.03807531, 96.53822355,   3.1
125,  60, 28.02407702, 96.54075980,   3.1
126,  60, 28.00988820, 96.54332989,   3.0
127,  60, 27.99550625, 96.54593427,   3.0
128,  60, 27.98092853, 96.54857338,   3.0
129,  60, 27.96615239, 96.55124769,   3.0
130,  60, 27.95117513, 96.55395763,   3.0
131,  60, 27.93599400, 96.55670370,   2.9
132,  60, 27.92060623, 96.55948634,   2.9
133,  60, 27.90500901, 96.56230605,   2.9
134,  60, 27.88919948, 96.56516330,   2.9
135,  60, 27.87317476, 96.56805858,   2.9
136,  60, 27.85693191, 96.57099240,   2.9
137,  60, 27.84046797, 96.57396524,   2.8
138,  60, 27.82377992, 96.57697762,   2.8
139,  60, 27.80686472, 96.58003005,   2.8
140,  60, 27.78971927, 96.58312305,   2.8
141,  60, 27.77234044, 96.58625715,   2.8
142,  60, 27.75472505, 96.58943288,   2.8
143,  60, 27.73686988, 96.59265078,   2.8
144,  60, 27.71877166, 96.59591140,   2.8
145,  60, 27.70042709, 96.59921528,   2.8
146,  60, 27.68183282, 96.60256300,   2.8
147,  60, 27.66298544, 96.60595511,   2.7
148,  60, 27.64388150, 96.60939219,   2.7
149,  60, 27.62451753, 96.61287483,   2.7
150,  60, 27.60488996, 96.61640360,   2.7
151,  60, 27.58499523, 96.61997910,   2.7
152,  60, 27.56482969, 96.62360194,   2.7
153,  60, 27.54438965, 96.62727272,   2.7
154,  60, 27.52367137, 96.63099207,   2.7
155,  60, 27.50267108, 96.63476060,   2.7
156,  60, 27.48138493, 96.63857895,   2.7
157,  60, 27.45980903, 96.64244776,   2.7
158,  60, 27.43793943, 96.64636767,   2.7
159,  60, 27.41577214, 96.65033934,   2.7
160,  60, 27.39330311, 96.65436343,   2.7
161,  60, 27.37052822, 96.65844062,   2.7
162,  60, 27.34744333, 96.66257158,   2.7
163,  60, 27.32404419, 96.66675700,   2.7
164,  60, 27.30032655, 96.67099757,   2.7
165,  60, 27.27628606, 96.67529401,   2.7
166,  60, 27.25191832, 96.67964701,   2.7
167,  60, 27.22721890, 96.68405731,   2.7
168,  60, 27.20218326, 96.68852562,   2.7
169,  60, 27.17680684, 96.69305269,   2.7
170,  60, 27.15108500, 96.69763927,   2.7
171,  60, 27.12501304, 96.70228611,   2.7
172,  60, 27.09858618, 96.70699397,   2.7
173,  60, 27.07179961, 96.71176362,   2.7
174,  60, 27.04464843, 96.71659586,   2.7
175,  60, 27.01712767, 96.72149146,   2.7
176,  60, 26.98923231, 96.72645124,   2.8
177,  60, 26.96095725, 96.73147599,   2.8
178,  60, 26.93229732, 96.73656654,   2.8
179,  60, 26.90324729, 96.74172373,   2.8
180,  60, 26.87380185, 96.74694838,   2.8
181,  60, 26.84395562, 96.75224134,   2.8
182,  60, 26.81370314, 96.75760348,   2.8
183,  60, 26.78303889, 96.76303566,   2.8
184,  60, 26.75195727, 96.76853876,   2.8
185,  60, 26.72045261, 96.77411366,   2.8
186,  60, 26.68851913, 96.77976127,   2.7
187,  60, 26.65615103, 96.78548249,   2.7
188,  60, 26.62334237, 96.79127824,   2.7
189,  60, 26.59008717, 96.79714945,   2.7
190,  60, 26.55637936, 96.80309707,   2.7
191,  60, 26.52221278, 96.80912203,   2.7
  1,  61, 28.87116405, 96.38298899,  99.9
  2,  61, 28.86850389, 96.38343700,  99.9
  3,  61, 28.86580754, 96.38389108,  99.9
  4,  61, 28.86307449, 96.38435132,  99.9
  5,  61, 28.86030426, 96.38481779,  99.9
  6,  61, 28.85749633, 96.38529059,  99.9
  7,  61, 28.85465019, 96.38576979,  99.9
  8,  61, 28.85176532, 96.38625549,  99.9
  9,  61, 28.84884119, 96.38674777,  99.9
 10,  61, 28.84587728, 96.38724672,  99.9
 11,  61, 28.84287303, 96.38775243,  99.9
 12,  61, 28.83982790, 96.38826499,  99.9
 13,  61, 28.83674134, 96.38878450,  99.9
 14,  61, 28.83361277, 96.38931104,  99.9
 15,  61, 28.83044164, 96.38984471,  99.9
 16,  61, 28.82722735, 96.39038562,  99.9
 17,  61, 28.82396932, 96.39093385,  99.9
 18,  61, 28.82066696, 96.39148950,  99.9
 19,  61, 28.81731966, 96.39205268,  99.9
 20,  61, 28.81392681, 96.39262349,  99.9
 21,  61, 28.81048780, 96.39320202,  99.9
 22,  61, 28.80700198, 96.39378839,  99.9
 23,  61, 28.80346873, 96.39438270,  99.9
 24,  61, 28.79988740, 96.39498505,  99.9
 25,  61, 28.79625734, 96.39559556,  99.9
 26,  61, 28.79257788, 96.39621433,  99.9
 27,  61, 28.78884835, 96.39684148,  99.9
 28,  61, 28.78506807, 96.39747711,  99.9
 29,  61, 28.78123635, 96.39812135,  99.9
 30,  61, 28.77735249, 96.39877430,  99.9
 31,  61, 28.77341577, 96.39943609,  99.9
 32,  61, 28.76942549, 96.40010684,  99.9
 33,  61, 28.76538090, 96.40078665,  99.9
 34,  61, 28.76128128, 96.40147567,  99.9
 35,  61, 28.75712586, 96.40217401,  99.9
 36,  61, 28.75291391, 96.40288179,  99.9
 37,  61, 28.74864463, 96.40359914,  99.9
 38,  61, 28.74431726, 96.40432620,  99.9
 39,  61, 28.73993100, 96.40506309,  99.9
 40,  61, 28.73548505, 96.40580994,   4.9
 41,  61, 28.73097860, 96.40656689,   4.9
 42,  61, 28.72641082, 96.40733408,   4.8
 43,  61, 28.72178089, 96.40811163,   4.8
 44,  61, 28.71708795, 96.40889970,  99.9
 45,  61, 28.71233115, 96.40969842,  99.9
 46,  61, 28.70750962, 96.41050793,  99.9
 47,  61, 28.70262247, 96.41132838,  99.9
 48,  61, 28.69766882, 96.41215992,  99.9
 49,  61, 28.69264775, 96.41300269,   4.7
 50,  61, 28.68755836, 96.41385685,   4.7
 51,  61, 28.68239971, 96.41472255,   4.7
 52,  61, 28.67717085, 96.41559994,   4.6
 53,  61, 28.67187084, 96.41648918,   4.6
 54,  61, 28.66649871, 96.41739043,  99.9
 55,  61, 28.66105347, 96.41830385,  99.9
 56,  61, 28.65553412, 96.41922960,  99.9
 57,  61, 28.64993967, 96.42016785,  99.9
 58,  61, 28.64426908, 96.42111876,   4.4
 59,  61, 28.63852133, 96.42208251,   4.4
 60,  61, 28.63269535, 96.42305927,  99.9
 61,  61, 28.62679009, 96.42404921,  99.9
 62,  61, 28.62080447, 96.42505250,  99.9
 63,  61, 28.61473739, 96.42606933,  99.9
 64,  61, 28.60858774, 96.42709988,  99.9
 65,  61, 28.60235441, 96.42814433,  99.9
 66,  61, 28.59603625, 96.42920286,   3.9
 67,  61, 28.58963210, 96.43027567,   3.9
 68,  61, 28.58314080, 96.43136295,   3.8
 69,  61, 28.57656116, 96.43246488,   3.8
 70,  61, 28.56989198, 96.43358167,   3.8
 71,  61, 28.56313203, 96.43471351,   3.8
 72,  61, 28.55628009, 96.43586061,   3.7
 73,  61, 28.54933491, 96.43702316,   3.7
 74,  61, 28.54229520, 96.43820138,   3.7
 75,  61, 28.53515969, 96.43939547,   3.8
 76,  61, 28.52792707, 96.44060564,   3.8
 77,  61, 28.52059602, 96.44183211,   3.8
 78,  61, 28.51316520, 96.44307510,   3.8
 79,  61, 28.50563326, 96.44433483,   3.8
 80,  61, 28.49799880, 96.44561151,   3.8
 81,  61, 28.49026045, 96.44690538,   3.8
 82,  61, 28.48241679, 96.44821666,  99.9
 83,  61, 28.47446637, 96.44954559,  99.9
 84,  61, 28.46640776, 96.45089240,  99.9
 85,  61, 28.45823947, 96.45225732,  99.9
 86,  61, 28.44996002, 96.45364061,  99.9
 87,  61, 28.44156788, 96.45504250,  99.9
 88,  61, 28.43306154, 96.45646324,  99.9
 89,  61, 28.42443942, 96.45790308,   2.8
 90,  61, 28.41569996, 96.45936228,   2.7
 91,  61, 28.40684156, 96.46084109,   3.0
 92,  61, 28.39786260, 96.46233977,   3.0
 93,  61, 28.38876144, 96.46385858,   3.1
 94,  61, 28.37953641, 96.46539780,   3.1
 95,  61, 28.37018583, 96.46695769,   3.1
 96,  61, 28.36070799, 96.46853853,   3.1
 97,  61, 28.35110116, 96.47014059,   3.1
 98,  61, 28.34136358, 96.47176416,   3.1
 99,  61, 28.33149348, 96.47340952,   3.1
100,  61, 28.32148904, 96.47507696,  99.9
101,  61, 28.31134844, 96.47676678,  99.9
102,  61, 28.30106982, 96.47847926,   3.7
103,  61, 28.29065131, 96.48021470,   3.7
104,  61, 28.28009101, 96.48197342,   3.7
105,  61, 28.26938697, 96.48375571,   3.6
106,  61, 28.25853726, 96.48556190,   3.6
107,  61, 28.24753987, 96.48739229,   3.5
108,  61, 28.23639281, 96.48924720,   3.5
109,  61, 28.22509403, 96.49112696,   3.4
110,  61, 28.21364147, 96.49303190,   3.4
111,  61, 28.20203304, 96.49496234,   3.4
112,  61, 28.19026661, 96.49691863,   3.3
113,  61, 28.17834004, 96.49890110,   3.3
114,  61, 28.16625114, 96.50091010,   3.3
115,  61, 28.15399770, 96.50294597,   3.3
116,  61, 28.14157749, 96.50500908,   3.2
117,  61, 28.12898823, 96.50709978,   3.2
118,  61, 28.11622762, 96.50921842,   3.2
119,  61, 28.10329333, 96.51136539,   3.2
120,  61, 28.09018300, 96.51354104,   3.1
121,  61, 28.07689422, 96.51574576,   3.1
122,  61, 28.06342458, 96.51797993,   3.1
123,  61, 28.04977160, 96.52024393,   3.1
124,  61, 28.03593280, 96.52253816,   3.1
125,  61, 28.02190563, 96.52486300,   3.0
126,  61, 28.00768755, 96.52721887,   3.0
127,  61, 27.99327594, 96.52960616,   3.0
128,  61, 27.97866818, 96.53202529,   3.0
129,  61, 27.96386159, 96.53447668,   3.0
130,  61, 27.94885347, 96.53696074,   2.9
131,  61, 27.93364107, 96.53947790,   2.9
132,  61, 27.91822161, 96.54202859,   2.9
133,  61, 27.90259228, 96.54461325,   2.9
134,  61, 27.88675022, 96.54723233,   2.9
135,  61, 27.87069253, 96.54988627,   2.9
136,  61, 27.85441627, 96.55257552,   2.8
137,  61, 27.83791848, 96.55530055,   2.8
138,  61, 27.82119613, 96.55806182,   2.8
139,  61, 27.80424617, 96.56085980,   2.8
140,  61, 27.78706550, 96.56369496,   2.8
141,  61, 27.76965098, 96.56656780,   2.8
142,  61, 27.75199942, 96.56947879,   2.8
143,  61, 27.73410761, 96.57242844,   2.8
144,  61, 27.71597226, 96.57541724,   2.8
145,  61, 27.69759007, 96.57844570,   2.7
146,  61, 27.67895767, 96.58151433,   2.7
147,  61, 27.66007166, 96.58462366,   2.7
148,  61, 27.64092858, 96.58777420,   2.7
149,  61, 27.62152494, 96.59096650,   2.7
150,  61, 27.60185719, 96.59420109,   2.7
151,  61, 27.58192174, 96.59747851,   2.7
152,  61, 27.56171493, 96.60079931,   2.7
153,  61, 27.54123309, 96.60416407,   2.7
154,  61, 27.52047245, 96.60757333,   2.7
155,  61, 27.49942924, 96.61102767,   2.7
156,  61, 27.47809960, 96.61452768,   2.7
157,  61, 27.45647963, 96.61807394,   2.7
158,  61, 27.43456539, 96.62166703,   2.7
159,  61, 27.41235287, 96.62530757,   2.7
160,  61, 27.38983800, 96.62899616,   2.7
161,  61, 27.36701668, 96.63273341,   2.7
162,  61, 27.34388472, 96.63651994,   2.7
163,  61, 27.32043792, 96.64035640,   2.7
164,  61, 27.29667197, 96.64424340,   2.7
165,  61, 27.27258254, 96.64818161,   2.7
166,  61, 27.24816523, 96.65217166,   2.7
167,  61, 27.22341556, 96.65621423,   2.7
168,  61, 27.19832903, 96.66030997,   2.7
169,  61, 27.17290104, 96.66445957,   2.7
170,  61, 27.14712695, 96.66866370,   2.7
171,  61, 27.12100205, 96.67292307,   2.7
172,  61, 27.09452157, 96.67723837,   2.7
173,  61, 27.06768066, 96.68161031,   2.7
174,  61, 27.04047443, 96.68603960,   2.7
175,  61, 27.01289790, 96.69052698,   2.7
176,  61, 26.98494604, 96.69507317,   2.7
177,  61, 26.95661373, 96.69967892,   2.7
178,  61, 26.92789581, 96.70434497,   2.7
179,  61, 26.89878702, 96.70907210,   2.7
180,  61, 26.86928206, 96.71386105,   2.8
181,  61, 26.83937552, 96.71871263,   2.8
182,  61, 26.80906195, 96.72362760,   2.8
183,  61, 26.77833581, 96.72860677,   2.8
184,  61, 26.74719149, 96.73365093,   2.8
185,  61, 26.71562331, 96.73876091,   2.7
186,  61, 26.68362548, 96.74393752,   2.7
187,  61, 26.65119219, 96.74918161,   2.7
188,  61, 26.61831749, 96.75449400,   2.7
189,  61, 26.58499539, 96.75987555,   2.7
190,  61, 26.55121981, 96.76532713,   2.7
191,  61, 26.51698457, 96.77084960,   2.7
  1,  62, 28.87079015, 96.37998459,  99.9
  2,  62, 28.86812491, 96.38039180,  99.9
  3,  62, 28.86542341, 96.38080453,  99.9
  4,  62, 28.86268515, 96.38122285,  99.9
  5,  62, 28.85990963, 96.38164684,  99.9
  6,  62, 28.85709634, 96.38207657,  99.9
  7,  62, 28.85424476, 96.38251213,  99.9
  8,  62, 28.85135439, 96.38295359,  99.9
  9,  62, 28.84842468, 96.38340104,  99.9
 10,  62, 28.84545511, 96.38385454,  99.9
 11,  62, 28.84244513, 96.38431420,  99.9
 12,  62, 28.83939420, 96.38478007,  99.9
 13,  62, 28.83630175, 96.38525226,  99.9
 14,  62, 28.83316721, 96.38573085,  99.9
 15,  62, 28.82999003, 96.38621592,  99.9
 16,  62, 28.82676961, 96.38670756,  99.9
 17,  62, 28.82350536, 96.38720586,  99.9
 18,  62, 28.82019670, 96.38771090,  99.9
 19,  62, 28.81684302, 96.38822279,  99.9
 20,  62, 28.81344370, 96.38874161,  99.9
 21,  62, 28.80999813, 96.38926745,  99.9
 22,  62, 28.80650567, 96.38980041,  99.9
 23,  62, 28.80296568, 96.39034059,  99.9
 24,  62, 28.79937753, 96.39088808,  99.9
 25,  62, 28.79574054, 96.39144299,  99.9
 26,  62, 28.79205407, 96.39200540,  99.9
 27,  62, 28.78831743, 96.39257543,  99.9
 28,  62, 28.78452995, 96.39315317,  99.9
 29,  62, 28.78069092, 96.39373873,  99.9
 30,  62, 28.77679966, 96.39433221,  99.9
 31,  62, 28.77285544, 96.39493373,  99.9
 32,  62, 28.76885755, 96.39554338,  99.9
 33,  62, 28.76480526, 96.39616128,  99.9
 34,  62, 28.76069783, 96.39678754,  99.9
 35,  62, 28.75653450, 96.39742227,  99.9
 36,  62, 28.75231452, 96.39806559,  99.9
 37,  62, 28.74803711, 96.39871761,  99.9
 38,  62, 28.74370149, 96.39937845,  99.9
 39,  62, 28.73930688, 96.40004822,  99.9
 40,  62, 28.73485247, 96.40072705,   4.8
 41,  62, 28.73033744, 96.40141505,   4.8
 42,  62, 28.72576097, 96.40211236,   4.8
 43,  62, 28.72112222, 96.40281910,   4.8
 44,  62, 28.71642034, 96.40353538,   4.7
 45,  62, 28.71165449, 96.40426135,   4.7
 46,  62, 28.70682378, 96.40499713,   4.7
 47,  62, 28.70192733, 96.40574286,   4.7
 48,  62, 28.69696425, 96.40649866,   4.7
 49,  62, 28.69193363, 96.40726467,   4.7
 50,  62, 28.68683456, 96.40804103,   4.6
 51,  62, 28.68166609, 96.40882787,   4.6
 52,  62, 28.67642729, 96.40962535,   4.6
 53,  62, 28.67111720, 96.41043359,   4.6
 54,  62, 28.66573485, 96.41125275,  99.9
 55,  62, 28.66027926, 96.41208298,   4.5
 56,  62, 28.65474942, 96.41292441,   4.4
 57,  62, 28.64914433, 96.41377720,   4.4
 58,  62, 28.64346296, 96.41464150,   4.4
 59,  62, 28.63770428, 96.41551746,   4.3
 60,  62, 28.63186723, 96.41640525,   4.3
 61,  62, 28.62595075, 96.41730502,   4.2
 62,  62, 28.61995375, 96.41821693,  99.9
 63,  62, 28.61387515, 96.41914115,  99.9
 64,  62, 28.60771382, 96.42007783,  99.9
 65,  62, 28.60146864, 96.42102714,   3.9
 66,  62, 28.59513848, 96.42198926,   3.9
 67,  62, 28.58872217, 96.42296435,   3.8
 68,  62, 28.58221855, 96.42395259,   3.8
 69,  62, 28.57562641, 96.42495415,   3.7
 70,  62, 28.56894457, 96.42596922,   3.7
 71,  62, 28.56217180, 96.42699796,   3.7
 72,  62, 28.55530685, 96.42804057,   3.7
 73,  62, 28.54834849, 96.42909723,   3.7
 74,  62, 28.54129542, 96.43016813,   3.7
 75,  62, 28.53414637, 96.43125345,   3.7
 76,  62, 28.52690004, 96.43235339,   3.7
 77,  62, 28.51955508, 96.43346815,   3.7
 78,  62, 28.51211017, 96.43459791,   3.7
 79,  62, 28.50456394, 96.43574289,   3.7
 80,  62, 28.49691502, 96.43690328,   3.7
 81,  62, 28.48916200, 96.43807929,   3.7
 82,  62, 28.48130347, 96.43927113,   3.7
 83,  62, 28.47333799, 96.44047901,  99.9
 84,  62, 28.46526410, 96.44170314,  99.9
 85,  62, 28.45708034, 96.44294373,  99.9
 86,  62, 28.44878520, 96.44420101,  99.9
 87,  62, 28.44037718, 96.44547520,  99.9
 88,  62, 28.43185472, 96.44676653,   2.9
 89,  62, 28.42321628, 96.44807521,   2.8
 90,  62, 28.41446028, 96.44940148,   3.0
 91,  62, 28.40558511, 96.45074558,   3.0
 92,  62, 28.39658916, 96.45210775,   3.1
 93,  62, 28.38747078, 96.45348821,   3.1
 94,  62, 28.37822830, 96.45488721,   3.2
 95,  62, 28.36886003, 96.45630501,   3.2
 96,  62, 28.35936427, 96.45774184,   3.2
 97,  62, 28.34973928, 96.45919797,   3.2
 98,  62, 28.33998329, 96.46067364,   3.2
 99,  62, 28.33009453, 96.46216912,  99.9
100,  62, 28.32007118, 96.46368466,  99.9
101,  62, 28.30991142, 96.46522054,  99.9
102,  62, 28.29961339, 96.46677702,   3.7
103,  62, 28.28917520, 96.46835438,   3.7
104,  62, 28.27859496, 96.46995288,   3.6
105,  62, 28.26787072, 96.47157281,   3.6
106,  62, 28.25700052, 96.47321446,   3.5
107,  62, 28.24598238, 96.47487810,   3.5
108,  62, 28.23481429, 96.47656404,   3.4
109,  62, 28.22349419, 96.47827256,   3.4
110,  62, 28.21202004, 96.48000396,   3.4
111,  62, 28.20038971, 96.48175854,   3.3
112,  62, 28.18860110, 96.48353661,   3.3
113,  62, 28.17665205, 96.48533848,   3.3
114,  62, 28.16454037, 96.48716446,   3.3
115,  62, 28.15226385, 96.48901486,   3.2
116,  62, 28.13982024, 96.49089002,   3.2
117,  62, 28.12720727, 96.49279025,   3.2
118,  62, 28.11442264, 96.49471588,   3.2
119,  62, 28.10146401, 96.49666725,   3.1
120,  62, 28.08832900, 96.49864470,   3.1
121,  62, 28.07501523, 96.50064856,   3.1
122,  62, 28.06152025, 96.50267919,   3.1
123,  62, 28.04784160, 96.50473693,   3.1
124,  62, 28.03397678, 96.50682214,   3.0
125,  62, 28.01992325, 96.50893518,   3.0
126,  62, 28.00567845, 96.51107642,   3.0
127,  62, 27.99123977, 96.51324621,   3.0
128,  62, 27.97660457, 96.51544495,   3.0
129,  62, 27.96177018, 96.51767299,   2.9
130,  62, 27.94673389, 96.51993074,   2.9
131,  62, 27.93149295, 96.52221856,   2.9
132,  62, 27.91604457, 96.52453687,   2.9
133,  62, 27.90038592, 96.52688605,   2.9
134,  62, 27.88451416, 96.52926650,   2.8
135,  62, 27.86842637, 96.53167864,   2.8
136,  62, 27.85211961, 96.53412288,   2.8
137,  62, 27.83559092, 96.53659962,   2.8
138,  62, 27.81883725, 96.53910931,   2.8
139,  62, 27.80185556, 96.54165236,   2.8
140,  62, 27.78464273, 96.54422920,   2.8
141,  62, 27.76719563, 96.54684029,   2.8
142,  62, 27.74951106, 96.54948605,   2.8
143,  62, 27.73158579, 96.55216694,   2.8
144,  62, 27.71341654, 96.55488342,   2.7
145,  62, 27.69500000, 96.55763594,   2.7
146,  62, 27.67633279, 96.56042497,   2.7
147,  62, 27.65741152, 96.56325099,   2.7
148,  62, 27.63823271, 96.56611446,   2.7
149,  62, 27.61879286, 96.56901589,   2.7
150,  62, 27.59908842, 96.57195574,   2.7
151,  62, 27.57911579, 96.57493453,   2.7
152,  62, 27.55887132, 96.57795274,   2.7
153,  62, 27.53835131, 96.58101090,   2.7
154,  62, 27.51755200, 96.58410951,   2.7
155,  62, 27.49646961, 96.58724909,   2.7
156,  62, 27.47510027, 96.59043017,   2.7
157,  62, 27.45344007, 96.59365328,   2.7
158,  62, 27.43148507, 96.59691896,   2.7
159,  62, 27.40923125, 96.60022775,   2.7
160,  62, 27.38667454, 96.60358022,   2.7
161,  62, 27.36381082, 96.60697691,   2.7
162,  62, 27.34063592, 96.61041839,   2.7
163,  62, 27.31714559, 96.61390524,   2.7
164,  62, 27.29333555, 96.61743804,   2.7
165,  62, 27.26920144, 96.62101736,   2.7
166,  62, 27.24473886, 96.62464380,   2.7
167,  62, 27.21994333, 96.62831797,   2.7
168,  62, 27.19481033, 96.63204046,   2.7
169,  62, 27.16933527, 96.63581190,   2.7
170,  62, 27.14351348, 96.63963291,   2.7
171,  62, 27.11734026, 96.64350410,   2.7
172,  62, 27.09081081, 96.64742613,   2.7
173,  62, 27.06392031, 96.65139964,   2.7
174,  62, 27.03666382, 96.65542527,   2.7
175,  62, 27.00903638, 96.65950368,   2.7
176,  62, 26.98103293, 96.66363554,   2.7
177,  62, 26.95264837, 96.66782153,   2.7
178,  62, 26.92387750, 96.67206233,   2.7
179,  62, 26.89471508, 96.67635863,   2.7
180,  62, 26.86515577, 96.68071112,   2.7
181,  62, 26.83519418, 96.68512051,   2.8
182,  62, 26.80482484, 96.68958753,   2.8
183,  62, 26.77404220, 96.69411288,   2.8
184,  62, 26.74284064, 96.69869730,   2.7
185,  62, 26.71121447, 96.70334153,   2.7
186,  62, 26.67915790, 96.70804632,   2.7
187,  62, 26.64666509, 96.71281242,   2.7
188,  62, 26.61373011, 96.71764060,   2.7
189,  62, 26.58034694, 96.72253163,   2.7
190,  62, 26.54650948, 96.72748630,   2.7
191,  62, 26.51221158, 96.73250540,   2.7
  1,  63, 28.87045196, 96.37697475,  99.9
  2,  63, 28.86778213, 96.37734108,  99.9
  3,  63, 28.86507597, 96.37771238,  99.9
  4,  63, 28.86233299, 96.37808870,  99.9
  5,  63, 28.85955268, 96.37847013,  99.9
  6,  63, 28.85673455, 96.37885673,  99.9
  7,  63, 28.85387806, 96.37924857,  99.9
  8,  63, 28.85098271, 96.37964571,  99.9
  9,  63, 28.84804796, 96.38004824,  99.9
 10,  63, 28.84507327, 96.38045622,  99.9
 11,  63, 28.84205811, 96.38086973,  99.9
 12,  63, 28.83900191, 96.38128884,  99.9
 13,  63, 28.83590414, 96.38171363,  99.9
 14,  63, 28.83276420, 96.38214418,  99.9
 15,  63, 28.82958155, 96.38258055,  99.9
 16,  63, 28.82635558, 96.38302284,  99.9
 17,  63, 28.82308572, 96.38347112,  99.9
 18,  63, 28.81977136, 96.38392547,  99.9
 19,  63, 28.81641190, 96.38438597,  99.9
 20,  63, 28.81300673, 96.38485270,  99.9
 21,  63, 28.80955523, 96.38532576,  99.9
 22,  63, 28.80605676, 96.38580522,  99.9
 23,  63, 28.80251068, 96.38629117,  99.9
 24,  63, 28.79891634, 96.38678370,  99.9
 25,  63, 28.79527310, 96.38728290,  99.9
 26,  63, 28.79158029, 96.38778886,  99.9
 27,  63, 28.78783722, 96.38830166,  99.9
 28,  63, 28.78404322, 96.38882141,  99.9
 29,  63, 28.78019759, 96.38934819,  99.9
 30,  63, 28.77629963, 96.38988209,  99.9
 31,  63, 28.77234862, 96.39042322,  99.9
 32,  63, 28.76834386, 96.39097168,  99.9
 33,  63, 28.76428460, 96.39152755,  99.9
 34,  63, 28.76017010, 96.39209094,  99.9
 35,  63, 28.75599961, 96.39266195,  99.9
 36,  63, 28.75177237, 96.39324069,  99.9
 37,  63, 28.74748761, 96.39382726,  99.9
 38,  63, 28.74314454, 96.39442175,  99.9
 39,  63, 28.73874237, 96.39502429,  99.9
 40,  63, 28.73428030, 96.39563497,   4.8
 41,  63, 28.72975751, 96.39625391,   4.8
 42,  63, 28.72517317, 96.39688122,   4.8
 43,  63, 28.72052645, 96.39751701,   4.7
 44,  63, 28.71581650, 96.39816139,   4.7
 45,  63, 28.71104245, 96.39881448,   4.7
 46,  63, 28.70620344, 96.39947639,   4.7
 47,  63, 28.70129858, 96.40014726,   4.7
 48,  63, 28.69632698, 96.40082718,   4.6
 49,  63, 28.69128772, 96.40151629,   4.6
 50,  63, 28.68617989, 96.40221472,   4.6
 51,  63, 28.68100255, 96.40292257,   4.6
 52,  63, 28.67575475, 96.40363999,   4.5
 53,  63, 28.67043554, 96.40436710,   4.5
 54,  63, 28.66504395, 96.40510402,   4.5
 55,  63, 28.65957899, 96.40585090,   4.4
 56,  63, 28.65403966, 96.40660786,   4.4
 57,  63, 28.64842495, 96.40737503,   4.4
 58,  63, 28.64273383, 96.40815257,   4.3
 59,  63, 28.63696527, 96.40894060,   4.3
 60,  63, 28.63111821, 96.40973926,   4.2
 61,  63, 28.62519157, 96.41054870,   4.2
 62,  63, 28.61918429, 96.41136906,  99.9
 63,  63, 28.61309526, 96.41220049,  99.9
 64,  63, 28.60692336, 96.41304314,  99.9
 65,  63, 28.60066748, 96.41389715,   3.9
 66,  63, 28.59432646, 96.41476268,   3.8
 67,  63, 28.58789915, 96.41563988,   3.8
 68,  63, 28.58138438, 96.41652891,   3.7
 69,  63, 28.57478095, 96.41742992,   3.7
 70,  63, 28.56808765, 96.41834308,   3.7
 71,  63, 28.56130327, 96.41926855,   3.7
 72,  63, 28.55442657, 96.42020649,   3.6
 73,  63, 28.54745628, 96.42115707,   3.6
 74,  63, 28.54039113, 96.42212045,   3.6
 75,  63, 28.53322984, 96.42309681,   3.6
 76,  63, 28.52597109, 96.42408633,   3.6
 77,  63, 28.51861356, 96.42508917,   3.7
 78,  63, 28.51115591, 96.42610551,   3.7
 79,  63, 28.50359676, 96.42713554,   3.7
 80,  63, 28.49593474, 96.42817944,   3.7
 81,  63, 28.48816846, 96.42923738,   3.7
 82,  63, 28.48029648, 96.43030957,   3.7
 83,  63, 28.47231737, 96.43139618,  99.9
 84,  63, 28.46422968, 96.43249741,  99.9
 85,  63, 28.45603192, 96.43361345,  99.9
 86,  63, 28.44772260, 96.43474451,  99.9
 87,  63, 28.43930019, 96.43589077,   3.0
 88,  63, 28.43076317, 96.43705245,   2.9
 89,  63, 28.42210997, 96.43822975,   3.0
 90,  63, 28.41333900, 96.43942287,   3.0
 91,  63, 28.40444867, 96.44063202,   3.1
 92,  63, 28.39543735, 96.44185743,   3.1
 93,  63, 28.38630339, 96.44309929,   3.2
 94,  63, 28.37704513, 96.44435784,   3.3
 95,  63, 28.36766087, 96.44563329,   3.3
 96,  63, 28.35814889, 96.44692587,   3.3
 97,  63, 28.34850747, 96.44823580,   3.3
 98,  63, 28.33873483, 96.44956332,   3.2
 99,  63, 28.32882920, 96.45090865,  99.9
100,  63, 28.31878875, 96.45227203,  99.9
101,  63, 28.30861166, 96.45365371,   3.7
102,  63, 28.29829607, 96.45505391,   3.7
103,  63, 28.28784009, 96.45647290,   3.6
104,  63, 28.27724180, 96.45791091,   3.6
105,  63, 28.26649928, 96.45936820,   3.5
106,  63, 28.25561056, 96.46084502,   3.5
107,  63, 28.24457365, 96.46234163,   3.4
108,  63, 28.23338653, 96.46385830,   3.4
109,  63, 28.22204717, 96.46539527,   3.4
110,  63, 28.21055347, 96.46695283,   3.3
111,  63, 28.19890335, 96.46853125,   3.3
112,  63, 28.18709468, 96.47013079,   3.3
113,  63, 28.17512529, 96.47175175,   3.3
114,  63, 28.16299301, 96.47339439,   3.2
115,  63, 28.15069561, 96.47505900,   3.2
116,  63, 28.13823084, 96.47674588,   3.2
117,  63, 28.12559643, 96.47845532,   3.2
118,  63, 28.11279007, 96.48018760,   3.1
119,  63, 28.09980942, 96.48194304,   3.1
120,  63, 28.08665210, 96.48372194,   3.1
121,  63, 28.07331571, 96.48552460,   3.1
122,  63, 28.05979782, 96.48735134,   3.1
123,  63, 28.04609594, 96.48920246,   3.0
124,  63, 28.03220759, 96.49107830,   3.0
125,  63, 28.01813022, 96.49297917,   3.0
126,  63, 28.00386125, 96.49490541,   3.0
127,  63, 27.98939809, 96.49685733,   3.0
128,  63, 27.97473808, 96.49883529,   2.9
129,  63, 27.95987855, 96.50083962,   2.9
130,  63, 27.94481678, 96.50287066,   2.9
131,  63, 27.92955001, 96.50492876,   2.9
132,  63, 27.91407547, 96.50701427,   2.9
133,  63, 27.89839032, 96.50912757,   2.8
134,  63, 27.88249169, 96.51126899,   2.8
135,  63, 27.86637668, 96.51343892,   2.8
136,  63, 27.85004234, 96.51563772,   2.8
137,  63, 27.83348569, 96.51786576,   2.8
138,  63, 27.81670370, 96.52012344,   2.8
139,  63, 27.79969330, 96.52241112,   2.8
140,  63, 27.78245139, 96.52472921,   2.8
141,  63, 27.76497482, 96.52707810,   2.8
142,  63, 27.74726039, 96.52945818,   2.7
143,  63, 27.72930486, 96.53186986,   2.7
144,  63, 27.71110496, 96.53431355,   2.7
145,  63, 27.69265735, 96.53678967,   2.7
146,  63, 27.67395866, 96.53929863,   2.7
147,  63, 27.65500549, 96.54184086,   2.7
148,  63, 27.63579436, 96.54441678,   2.7
149,  63, 27.61632176, 96.54702684,   2.7
150,  63, 27.59658414, 96.54967147,   2.7
151,  63, 27.57657789, 96.55235112,   2.7
152,  63, 27.55629935, 96.55506624,   2.7
153,  63, 27.53574482, 96.55781728,   2.7
154,  63, 27.51491054, 96.56060471,   2.7
155,  63, 27.49379270, 96.56342900,   2.7
156,  63, 27.47238745, 96.56629062,   2.7
157,  63, 27.45069088, 96.56919005,   2.7
158,  63, 27.42869901, 96.57212777,   2.7
159,  63, 27.40640784, 96.57510427,   2.7
160,  63, 27.38381329, 96.57812006,   2.7
161,  63, 27.36091122, 96.58117562,   2.7
162,  63, 27.33769747, 96.58427148,   2.7
163,  63, 27.31416778, 96.58740815,   2.7
164,  63, 27.29031785, 96.59058614,   2.7
165,  63, 27.26614334, 96.59380599,   2.7
166,  63, 27.24163982, 96.59706822,   2.7
167,  63, 27.21680281, 96.60037338,   2.7
168,  63, 27.19162779, 96.60372201,   2.7
169,  63, 27.16611014, 96.60711467,   2.7
170,  63, 27.14024522, 96.61055192,   2.7
171,  63, 27.11402829, 96.61403431,   2.7
172,  63, 27.08745456, 96.61756243,   2.7
173,  63, 27.06051919, 96.62113684,   2.7
174,  63, 27.03321725, 96.62475815,   2.7
175,  63, 27.00554376, 96.62842693,   2.7
176,  63, 26.97749367, 96.63214380,   2.7
177,  63, 26.94906184, 96.63590935,   2.7
178,  63, 26.92024309, 96.63972420,   2.7
179,  63, 26.89103215, 96.64358897,   2.7
180,  63, 26.86142370, 96.64750428,   2.7
181,  63, 26.83141232, 96.65147079,   2.7
182,  63, 26.80099254, 96.65548911,   2.7
183,  63, 26.77015880, 96.65955992,   2.7
184,  63, 26.73890547, 96.66368385,   2.7
185,  63, 26.70722685, 96.66786159,   2.7
186,  63, 26.67511715, 96.67209379,   2.7
187,  63, 26.64257052, 96.67638115,   2.7
188,  63, 26.60958101, 96.68072435,   2.7
189,  63, 26.57614261, 96.68512408,   2.7
190,  63, 26.54224920, 96.68958105,   2.7
191,  63, 26.50789461, 96.69409597,   2.7
  1,  64, 28.87014953, 96.37396001,  99.9
  2,  64, 28.86747560, 96.37428540,  99.9
  3,  64, 28.86476528, 96.37461519,  99.9
  4,  64, 28.86201808, 96.37494946,  99.9
  5,  64, 28.85923350, 96.37528826,  99.9
  6,  64, 28.85641102, 96.37563165,  99.9
  7,  64, 28.85355015, 96.37597969,  99.9
  8,  64, 28.85065034, 96.37633245,  99.9
  9,  64, 28.84771107, 96.37668999,  99.9
 10,  64, 28.84473181, 96.37705238,  99.9
 11,  64, 28.84171201, 96.37741967,  99.9
 12,  64, 28.83865112, 96.37779194,  99.9
 13,  64, 28.83554858, 96.37816925,  99.9
 14,  64, 28.83240382, 96.37855167,  99.9
 15,  64, 28.82921627, 96.37893928,  99.9
 16,  64, 28.82598535, 96.37933213,  99.9
 17,  64, 28.82271046, 96.37973031,  99.9
 18,  64, 28.81939101, 96.38013387,  99.9
 19,  64, 28.81602639, 96.38054291,  99.9
 20,  64, 28.81261598, 96.38095748,  99.9
 21,  64, 28.80915917, 96.38137766,  99.9
 22,  64, 28.80565532, 96.38180354,  99.9
 23,  64, 28.80210380, 96.38223518,  99.9
 24,  64, 28.79850394, 96.38267266,  99.9
 25,  64, 28.79485510, 96.38311606,  99.9
 26,  64, 28.79115661, 96.38356547,  99.9
 27,  64, 28.78740780, 96.38402096,  99.9
 28,  64, 28.78360797, 96.38448261,  99.9
 29,  64, 28.77975643, 96.38495052,  99.9
 30,  64, 28.77585248, 96.38542475,  99.9
 31,  64, 28.77189541, 96.38590540,  99.9
 32,  64, 28.76788450, 96.38639255,  99.9
 33,  64, 28.76381901, 96.38688630,  99.9
 34,  64, 28.75969819, 96.38738672,  99.9
 35,  64, 28.75552130, 96.38789391,  99.9
 36,  64, 28.75128757, 96.38840796,  99.9
 37,  64, 28.74699623, 96.38892897,  99.9
 38,  64, 28.74264650, 96.38945702,  99.9
 39,  64, 28.73823757, 96.38999221,  99.9
 40,  64, 28.73376865, 96.39053464,  99.9
 41,  64, 28.72923892, 96.39108440,   4.8
 42,  64, 28.72464755, 96.39164160,   4.7
 43,  64, 28.71999370, 96.39220632,   4.7
 44,  64, 28.71527652, 96.39277868,   4.7
 45,  64, 28.71049516, 96.39335878,   4.7
 46,  64, 28.70564872, 96.39394671,   4.7
 47,  64, 28.70073634, 96.39454259,   4.6
 48,  64, 28.69575711, 96.39514652,   4.6
 49,  64, 28.69071013, 96.39575861,   4.6
 50,  64, 28.68559446, 96.39637897,   4.6
 51,  64, 28.68040918, 96.39700771,   4.5
 52,  64, 28.67515334, 96.39764494,   4.5
 53,  64, 28.66982598, 96.39829078,   4.5
 54,  64, 28.66442613, 96.39894534,   4.4
 55,  64, 28.65895279, 96.39960873,   4.4
 56,  64, 28.65340497, 96.40028109,   4.4
 57,  64, 28.64778166, 96.40096252,   4.3
 58,  64, 28.64208183, 96.40165315,   4.3
 59,  64, 28.63630443, 96.40235309,   4.2
 60,  64, 28.63044841, 96.40306249,   4.2
 61,  64, 28.62451270, 96.40378146,  99.9
 62,  64, 28.61849622, 96.40451013,  99.9
 63,  64, 28.61239786, 96.40524863,  99.9
 64,  64, 28.60621652, 96.40599709,   3.8
 65,  64, 28.59995105, 96.40675565,   3.8
 66,  64, 28.59360033, 96.40752443,   3.8
 67,  64, 28.58716319, 96.40830359,   3.7
 68,  64, 28.58063844, 96.40909324,   3.7
 69,  64, 28.57402491, 96.40989355,   3.6
 70,  64, 28.56732137, 96.41070464,   3.6
 71,  64, 28.56052662, 96.41152666,   3.6
 72,  64, 28.55363939, 96.41235977,   3.6
 73,  64, 28.54665844, 96.41320409,   3.6
 74,  64, 28.53958250, 96.41405980,   3.6
 75,  64, 28.53241025, 96.41492703,   3.6
 76,  64, 28.52514041, 96.41580594,   3.6
 77,  64, 28.51777164, 96.41669669,   3.6
 78,  64, 28.51030258, 96.41759943,   3.6
 79,  64, 28.50273188, 96.41851433,   3.6
 80,  64, 28.49505816, 96.41944154,   3.6
 81,  64, 28.48728001, 96.42038123,   3.6
 82,  64, 28.47939601, 96.42133357,   3.6
 83,  64, 28.47140471, 96.42229873,   3.6
 84,  64, 28.46330467, 96.42327686,  99.9
 85,  64, 28.45509440, 96.42426816,  99.9
 86,  64, 28.44677239, 96.42527279,  99.9
 87,  64, 28.43833713, 96.42629093,   3.1
 88,  64, 28.42978708, 96.42732276,   3.0
 89,  64, 28.42112067, 96.42836846,   3.0
 90,  64, 28.41233633, 96.42942822,   3.0
 91,  64, 28.40343244, 96.43050221,   3.1
 92,  64, 28.39440737, 96.43159064,   3.2
 93,  64, 28.38525949, 96.43269370,   3.3
 94,  64, 28.37598711, 96.43381156,   3.3
 95,  64, 28.36658854, 96.43494445,   3.4
 96,  64, 28.35706207, 96.43609254,   3.3
 97,  64, 28.34740596, 96.43725605,   3.3
 98,  64, 28.33761843, 96.43843517,  99.9
 99,  64, 28.32769771, 96.43963012,  99.9
100,  64, 28.31764197, 96.44084111,   3.7
101,  64, 28.30744939, 96.44206834,   3.7
102,  64, 28.29711809, 96.44331203,   3.6
103,  64, 28.28664620, 96.44457240,   3.6
104,  64, 28.27603178, 96.44584967,   3.5
105,  64, 28.26527292, 96.44714406,   3.5
106,  64, 28.25436764, 96.44845580,   3.4
107,  64, 28.24331394, 96.44978511,   3.4
108,  64, 28.23210981, 96.45113224,   3.4
109,  64, 28.22075321, 96.45249741,   3.3
110,  64, 28.20924204, 96.45388086,   3.3
111,  64, 28.19757422, 96.45528283,   3.3
112,  64, 28.18574761, 96.45670357,   3.3
113,  64, 28.17376004, 96.45814332,   3.2
114,  64, 28.16160933, 96.45960234,   3.2
115,  64, 28.14929326, 96.46108088,   3.2
116,  64, 28.13680957, 96.46257919,   3.2
117,  64, 28.12415599, 96.46409753,   3.2
118,  64, 28.11133020, 96.46563617,   3.1
119,  64, 28.09832985, 96.46719538,   3.1
120,  64, 28.08515258, 96.46877542,   3.1
121,  64, 28.07179597, 96.47037656,   3.1
122,  64, 28.05825759, 96.47199909,   3.0
123,  64, 28.04453495, 96.47364328,   3.0
124,  64, 28.03062556, 96.47530942,   3.0
125,  64, 28.01652687, 96.47699780,   3.0
126,  64, 28.00223629, 96.47870870,   3.0
127,  64, 27.98775123, 96.48044242,   2.9
128,  64, 27.97306904, 96.48219926,   2.9
129,  64, 27.95818702, 96.48397952,   2.9
130,  64, 27.94310247, 96.48578351,   2.9
131,  64, 27.92781262, 96.48761154,   2.9
132,  64, 27.91231468, 96.48946391,   2.8
133,  64, 27.89660582, 96.49134095,   2.8
134,  64, 27.88068317, 96.49324298,   2.8
135,  64, 27.86454381, 96.49517032,   2.8
136,  64, 27.84818481, 96.49712331,   2.8
137,  64, 27.83160316, 96.49910227,   2.8
138,  64, 27.81479585, 96.50110755,   2.8
139,  64, 27.79775979, 96.50313948,   2.8
140,  64, 27.78049187, 96.50519842,   2.8
141,  64, 27.76298895, 96.50728471,   2.7
142,  64, 27.74524782, 96.50939871,   2.7
143,  64, 27.72726523, 96.51154077,   2.7
144,  64, 27.70903791, 96.51371127,   2.7
145,  64, 27.69056252, 96.51591056,   2.7
146,  64, 27.67183569, 96.51813902,   2.7
147,  64, 27.65285400, 96.52039703,   2.7
148,  64, 27.63361396, 96.52268497,   2.7
149,  64, 27.61411208, 96.52500322,   2.7
150,  64, 27.59434479, 96.52735218,   2.7
151,  64, 27.57430848, 96.52973224,   2.7
152,  64, 27.55399947, 96.53214380,   2.7
153,  64, 27.53341408, 96.53458728,   2.7
154,  64, 27.51254852, 96.53706307,   2.7
155,  64, 27.49139900, 96.53957159,   2.7
156,  64, 27.46996164, 96.54211327,   2.7
157,  64, 27.44823253, 96.54468853,   2.7
158,  64, 27.42620770, 96.54729780,   2.7
159,  64, 27.40388313, 96.54994151,   2.7
160,  64, 27.38125474, 96.55262011,   2.7
161,  64, 27.35831839, 96.55533405,   2.7
162,  64, 27.33506989, 96.55808376,   2.7
163,  64, 27.31150500, 96.56086972,   2.7
164,  64, 27.28761942, 96.56369239,   2.7
165,  64, 27.26340877, 96.56655223,   2.7
166,  64, 27.23886864, 96.56944971,   2.7
167,  64, 27.21399455, 96.57238532,   2.7
168,  64, 27.18878195, 96.57535954,   2.7
169,  64, 27.16322623, 96.57837286,   2.7
170,  64, 27.13732273, 96.58142578,   2.7
171,  64, 27.11106672, 96.58451879,   2.7
172,  64, 27.08445340, 96.58765242,   2.7
173,  64, 27.05747792, 96.59082716,   2.7
174,  64, 27.03013534, 96.59404355,   2.7
175,  64, 27.00242067, 96.59730211,   2.7
176,  64, 26.97432886, 96.60060336,   2.7
177,  64, 26.94585477, 96.60394786,   2.7
178,  64, 26.91699320, 96.60733614,   2.7
179,  64, 26.88773889, 96.61076876,   2.7
180,  64, 26.85808649, 96.61424627,   2.7
181,  64, 26.82803059, 96.61776923,   2.7
182,  64, 26.79756571, 96.62133823,   2.7
183,  64, 26.76668627, 96.62495383,   2.7
184,  64, 26.73538666, 96.62861661,   2.7
185,  64, 26.70366114, 96.63232718,   2.7
186,  64, 26.67150394, 96.63608612,   2.7
187,  64, 26.63890918, 96.63989405,   2.7
188,  64, 26.60587092, 96.64375156,   2.7
189,  64, 26.57238312, 96.64765929,   2.7
190,  64, 26.53843968, 96.65161784,   2.7
191,  64, 26.50403440, 96.65562787,   2.7
  1,  65, 28.86988294, 96.37094092,  99.9
  2,  65, 28.86720538, 96.37122530,  99.9
  3,  65, 28.86449139, 96.37151354,  99.9
  4,  65, 28.86174047, 96.37180569,  99.9
  5,  65, 28.85895212, 96.37210180,  99.9
  6,  65, 28.85612583, 96.37240192,  99.9
  7,  65, 28.85326107, 96.37270610,  99.9
  8,  65, 28.85035734, 96.37301441,  99.9
  9,  65, 28.84741410, 96.37332690,  99.9
 10,  65, 28.84443081, 96.37364362,  99.9
 11,  65, 28.84140692, 96.37396463,  99.9
 12,  65, 28.83834189, 96.37428999,  99.9
 13,  65, 28.83523515, 96.37461976,  99.9
 14,  65, 28.83208613, 96.37495399,  99.9
 15,  65, 28.82889427, 96.37529275,  99.9
 16,  65, 28.82565897, 96.37563610,  99.9
 17,  65, 28.82237965, 96.37598411,  99.9
 18,  65, 28.81905571, 96.37633682,  99.9
 19,  65, 28.81568654, 96.37669431,  99.9
 20,  65, 28.81227152, 96.37705664,  99.9
 21,  65, 28.80881004, 96.37742388,  99.9
 22,  65, 28.80530145, 96.37779609,  99.9
 23,  65, 28.80174512, 96.37817334,  99.9
 24,  65, 28.79814040, 96.37855569,  99.9
 25,  65, 28.79448662, 96.37894322,  99.9
 26,  65, 28.79078313, 96.37933600,  99.9
 27,  65, 28.78702925, 96.37973409,  99.9
 28,  65, 28.78322428, 96.38013757,  99.9
 29,  65, 28.77936754, 96.38054651,  99.9
 30,  65, 28.77545831, 96.38096099,  99.9
 31,  65, 28.77149589, 96.38138107,  99.9
 32,  65, 28.76747956, 96.38180684,  99.9
 33,  65, 28.76340857, 96.38223837,  99.9
 34,  65, 28.75928219, 96.38267573,  99.9
 35,  65, 28.75509965, 96.38311901,  99.9
 36,  65, 28.75086020, 96.38356829,  99.9
 37,  65, 28.74656307, 96.38402364,  99.9
 38,  65, 28.74220746, 96.38448515,  99.9
 39,  65, 28.73779258, 96.38495290,  99.9
 40,  65, 28.73331762, 96.38542698,  99.9
 41,  65, 28.72878177, 96.38590746,  99.9
 42,  65, 28.72418420, 96.38639444,  99.9
 43,  65, 28.71952406, 96.38688800,  99.9
 44,  65, 28.71480052, 96.38738824,  99.9
 45,  65, 28.71001269, 96.38789524,  99.9
 46,  65, 28.70515972, 96.38840908,   4.6
 47,  65, 28.70024071, 96.38892987,  99.9
 48,  65, 28.69525476, 96.38945770,  99.9
 49,  65, 28.69020096, 96.38999266,  99.9
 50,  65, 28.68507839, 96.39053485,  99.9
 51,  65, 28.67988611, 96.39108436,  99.9
 52,  65, 28.67462318, 96.39164129,   4.5
 53,  65, 28.66928864, 96.39220574,   4.4
 54,  65, 28.66388150, 96.39277781,   4.4
 55,  65, 28.65840078, 96.39335761,   4.4
 56,  65, 28.65284548, 96.39394524,   4.3
 57,  65, 28.64721458, 96.39454080,   4.3
 58,  65, 28.64150706, 96.39514440,   4.2
 59,  65, 28.63572187, 96.39575615,   4.2
 60,  65, 28.62985796, 96.39637615,   4.1
 61,  65, 28.62391425, 96.39700452,   4.1
 62,  65, 28.61788965, 96.39764136,   4.0
 63,  65, 28.61178308, 96.39828680,   3.9
 64,  65, 28.60559341, 96.39894094,   3.8
 65,  65, 28.59931950, 96.39960391,   3.8
 66,  65, 28.59296022, 96.40027582,   3.7
 67,  65, 28.58651441, 96.40095678,   3.7
 68,  65, 28.57998088, 96.40164693,   3.6
 69,  65, 28.57335843, 96.40234639,   3.6
 70,  65, 28.56664587, 96.40305527,   3.6
 71,  65, 28.55984197, 96.40377370,   3.5
 72,  65, 28.55294547, 96.40450182,   3.5
 73,  65, 28.54595513, 96.40523975,   3.5
 74,  65, 28.53886966, 96.40598762,   3.5
 75,  65, 28.53168776, 96.40674556,   3.5
 76,  65, 28.52440814, 96.40751371,   3.5
 77,  65, 28.51702945, 96.40829221,   3.5
 78,  65, 28.50955035, 96.40908119,   3.5
 79,  65, 28.50196947, 96.40988080,   3.5
 80,  65, 28.49428543, 96.41069116,   3.6
 81,  65, 28.48649682, 96.41151244,   3.6
 82,  65, 28.47860221, 96.41234476,   3.6
 83,  65, 28.47060018, 96.41318829,   3.6
 84,  65, 28.46248925, 96.41404316,   3.6
 85,  65, 28.45426794, 96.41490954,  99.9
 86,  65, 28.44593475, 96.41578756,   3.3
 87,  65, 28.43748817, 96.41667740,   3.2
 88,  65, 28.42892663, 96.41757920,   3.0
 89,  65, 28.42024858, 96.41849312,   3.0
 90,  65, 28.41145244, 96.41941932,   3.1
 91,  65, 28.40253660, 96.42035797,   3.2
 92,  65, 28.39349942, 96.42130924,   3.3
 93,  65, 28.38433926, 96.42227328,   3.4
 94,  65, 28.37505444, 96.42325028,   3.4
 95,  65, 28.36564326, 96.42424039,   3.4
 96,  65, 28.35610401, 96.42524380,  99.9
 97,  65, 28.34643495, 96.42626068,  99.9
 98,  65, 28.33663430, 96.42729121,  99.9
 99,  65, 28.32670027, 96.42833557,  99.9
100,  65, 28.31663106, 96.42939394,   3.7
101,  65, 28.30642481, 96.43046651,   3.6
102,  65, 28.29607967, 96.43155346,   3.6
103,  65, 28.28559375, 96.43265500,   3.5
104,  65, 28.27496512, 96.43377130,   3.5
105,  65, 28.26419185, 96.43490256,   3.4
106,  65, 28.25327196, 96.43604899,   3.4
107,  65, 28.24220347, 96.43721078,   3.4
108,  65, 28.23098435, 96.43838813,   3.4
109,  65, 28.21961254, 96.43958126,   3.3
110,  65, 28.20808598, 96.44079036,   3.3
111,  65, 28.19640255, 96.44201564,   3.3
112,  65, 28.18456012, 96.44325733,   3.3
113,  65, 28.17255653, 96.44451564,   3.2
114,  65, 28.16038958, 96.44579078,   3.2
115,  65, 28.14805705, 96.44708298,   3.2
116,  65, 28.13555668, 96.44839246,   3.2
117,  65, 28.12288620, 96.44971945,   3.1
118,  65, 28.11004328, 96.45106418,   3.1
119,  65, 28.09702558, 96.45242688,   3.1
120,  65, 28.08383072, 96.45380779,   3.1
121,  65, 28.07045629, 96.45520714,   3.0
122,  65, 28.05689984, 96.45662518,   3.0
123,  65, 28.04315890, 96.45806216,   3.0
124,  65, 28.02923096, 96.45951832,   3.0
125,  65, 28.01511347, 96.46099390,   3.0
126,  65, 28.00080385, 96.46248918,   2.9
127,  65, 27.98629949, 96.46400439,   2.9
128,  65, 27.97159774, 96.46553982,   2.9
129,  65, 27.95669590, 96.46709571,   2.9
130,  65, 27.94159126, 96.46867233,   2.9
131,  65, 27.92628106, 96.47026996,   2.8
132,  65, 27.91076250, 96.47188888,   2.8
133,  65, 27.89503274, 96.47352935,   2.8
134,  65, 27.87908892, 96.47519165,   2.8
135,  65, 27.86292811, 96.47687608,   2.8
136,  65, 27.84654736, 96.47858293,   2.8
137,  65, 27.82994368, 96.48031247,   2.8
138,  65, 27.81311404, 96.48206501,   2.8
139,  65, 27.79605535, 96.48384085,   2.8
140,  65, 27.77876452, 96.48564028,   2.7
141,  65, 27.76123836, 96.48746362,   2.7
142,  65, 27.74347369, 96.48931117,   2.7
143,  65, 27.72546726, 96.49118325,   2.7
144,  65, 27.70721577, 96.49308018,   2.7
145,  65, 27.68871590, 96.49500228,   2.7
146,  65, 27.66996425, 96.49694986,   2.7
147,  65, 27.65095741, 96.49892327,   2.7
148,  65, 27.63169191, 96.50092284,   2.7
149,  65, 27.61216422, 96.50294889,   2.7
150,  65, 27.59237077, 96.50500179,   2.7
151,  65, 27.57230795, 96.50708186,   2.7
152,  65, 27.55197209, 96.50918946,   2.7
153,  65, 27.53135949, 96.51132495,   2.7
154,  65, 27.51046636, 96.51348869,   2.7
155,  65, 27.48928890, 96.51568103,   2.7
156,  65, 27.46782324, 96.51790234,   2.7
157,  65, 27.44606546, 96.52015300,   2.7
158,  65, 27.42401157, 96.52243338,   2.7
159,  65, 27.40165756, 96.52474386,   2.7
160,  65, 27.37899934, 96.52708483,   2.7
161,  65, 27.35603277, 96.52945668,   2.7
162,  65, 27.33275365, 96.53185981,   2.7
163,  65, 27.30915774, 96.53429460,   2.7
164,  65, 27.28524072, 96.53676147,   2.7
165,  65, 27.26099822, 96.53926083,   2.7
166,  65, 27.23642582, 96.54179308,   2.7
167,  65, 27.21151903, 96.54435865,   2.7
168,  65, 27.18627330, 96.54695797,   2.7
169,  65, 27.16068403, 96.54959145,   2.7
170,  65, 27.13474653, 96.55225954,   2.7
171,  65, 27.10845607, 96.55496267,   2.7
172,  65, 27.08180785, 96.55770129,   2.7
173,  65, 27.05479700, 96.56047584,   2.7
174,  65, 27.02741860, 96.56328679,   2.7
175,  65, 26.99966763, 96.56613458,   2.7
176,  65, 26.97153905, 96.56901969,   2.7
177,  65, 26.94302771, 96.57194259,   2.7
178,  65, 26.91412840, 96.57490375,   2.7
179,  65, 26.88483585, 96.57790366,   2.7
180,  65, 26.85514472, 96.58094279,   2.7
181,  65, 26.82504957, 96.58402165,   2.7
182,  65, 26.79454493, 96.58714074,   2.7
183,  65, 26.76362522, 96.59030055,   2.7
184,  65, 26.73228480, 96.59350160,   2.7
185,  65, 26.70051795, 96.59674440,   2.7
186,  65, 26.66831888, 96.60002947,   2.7
187,  65, 26.63568169, 96.60335735,   2.7
188,  65, 26.60260046, 96.60672857,   2.7
189,  65, 26.56906913, 96.61014366,   2.7
190,  65, 26.53508158, 96.61360318,   2.7
191,  65, 26.50063163, 96.61710767,   2.7
  1,  66, 28.86965222, 96.36791802,  99.9
  2,  66, 28.86697153, 96.36816135,  99.9
  3,  66, 28.86425436, 96.36840798,  99.9
  4,  66, 28.86150022, 96.36865796,  99.9
  5,  66, 28.85870861, 96.36891132,  99.9
  6,  66, 28.85587901, 96.36916811,  99.9
  7,  66, 28.85301090, 96.36942839,  99.9
  8,  66, 28.85010377, 96.36969219,  99.9
  9,  66, 28.84715709, 96.36995957,  99.9
 10,  66, 28.84417030, 96.37023057,  99.9
 11,  66, 28.84114288, 96.37050524,  99.9
 12,  66, 28.83807426, 96.37078363,  99.9
 13,  66, 28.83496389, 96.37106579,  99.9
 14,  66, 28.83181119, 96.37135178,  99.9
 15,  66, 28.82861560, 96.37164164,  99.9
 16,  66, 28.82537652, 96.37193543,  99.9
 17,  66, 28.82209336, 96.37223319,  99.9
 18,  66, 28.81876553, 96.37253499,  99.9
 19,  66, 28.81539242, 96.37284087,  99.9
 20,  66, 28.81197341, 96.37315090,  99.9
 21,  66, 28.80850788, 96.37346512,  99.9
 22,  66, 28.80499519, 96.37378360,  99.9
 23,  66, 28.80143471, 96.37410639,  99.9
 24,  66, 28.79782577, 96.37443355,  99.9
 25,  66, 28.79416773, 96.37476514,  99.9
 26,  66, 28.79045991, 96.37510121,  99.9
 27,  66, 28.78670163, 96.37544184,  99.9
 28,  66, 28.78289222, 96.37578707,  99.9
 29,  66, 28.77903097, 96.37613698,  99.9
 30,  66, 28.77511718, 96.37649162,  99.9
 31,  66, 28.77115014, 96.37685106,  99.9
 32,  66, 28.76712911, 96.37721536,  99.9
 33,  66, 28.76305336, 96.37758460,  99.9
 34,  66, 28.75892216, 96.37795882,  99.9
 35,  66, 28.75473474, 96.37833811,  99.9
 36,  66, 28.75049034, 96.37872253,  99.9
 37,  66, 28.74618819, 96.37911215,  99.9
 38,  66, 28.74182749, 96.37950704,  99.9
 39,  66, 28.73740746, 96.37990726,  99.9
 40,  66, 28.73292728, 96.38031290,  99.9
 41,  66, 28.72838613, 96.38072402,  99.9
 42,  66, 28.72378320, 96.38114070,  99.9
 43,  66, 28.71911762, 96.38156302,  99.9
 44,  66, 28.71438857, 96.38199104,  99.9
 45,  66, 28.70959515, 96.38242484,  99.9
 46,  66, 28.70473652, 96.38286451,  99.9
 47,  66, 28.69981177, 96.38331012,  99.9
 48,  66, 28.69482000, 96.38376175,  99.9
 49,  66, 28.68976031, 96.38421948,  99.9
 50,  66, 28.68463176, 96.38468340,  99.9
 51,  66, 28.67943343, 96.38515358,  99.9
 52,  66, 28.67416437, 96.38563011,  99.9
 53,  66, 28.66882360, 96.38611308,   4.4
 54,  66, 28.66341015, 96.38660257,   4.4
 55,  66, 28.65792305, 96.38709867,   4.3
 56,  66, 28.65236127, 96.38760146,   4.3
 57,  66, 28.64672381, 96.38811105,   4.2
 58,  66, 28.64100964, 96.38862751,   4.2
 59,  66, 28.63521771, 96.38915094,   4.1
 60,  66, 28.62934696, 96.38968144,   4.1
 61,  66, 28.62339633, 96.39021909,   4.0
 62,  66, 28.61736472, 96.39076400,   3.9
 63,  66, 28.61125103, 96.39131626,   3.8
 64,  66, 28.60505415, 96.39187597,   3.8
 65,  66, 28.59877294, 96.39244323,   3.7
 66,  66, 28.59240626, 96.39301814,   3.7
 67,  66, 28.58595293, 96.39360080,   3.6
 68,  66, 28.57941180, 96.39419132,   3.6
 69,  66, 28.57278165, 96.39478979,   3.5
 70,  66, 28.56606128, 96.39539634,   3.5
 71,  66, 28.55924945, 96.39601106,   3.5
 72,  66, 28.55234493, 96.39663406,   3.5
 73,  66, 28.54534645, 96.39726546,   3.5
 74,  66, 28.53825274, 96.39790536,   3.5
 75,  66, 28.53106250, 96.39855389,   3.5
 76,  66, 28.52377441, 96.39921115,   3.5
 77,  66, 28.51638714, 96.39987726,   3.5
 78,  66, 28.50889934, 96.40055233,   3.5
 79,  66, 28.50130965, 96.40123650,   3.5
 80,  66, 28.49361668, 96.40192988,   3.5
 81,  66, 28.48581902, 96.40263259,   3.5
 82,  66, 28.47791524, 96.40334476,   3.5
 83,  66, 28.46990391, 96.40406651,   3.6
 84,  66, 28.46178356, 96.40479797,   3.6
 85,  66, 28.45355270, 96.40553926,   3.6
 86,  66, 28.44520984, 96.40629053,   3.5
 87,  66, 28.43675344, 96.40705190,   3.3
 88,  66, 28.42818197, 96.40782351,   3.2
 89,  66, 28.41949385, 96.40860549,   3.3
 90,  66, 28.41068750, 96.40939798,   3.4
 91,  66, 28.40176131, 96.41020112,   3.5
 92,  66, 28.39271365, 96.41101505,   3.6
 93,  66, 28.38354286, 96.41183992,   3.7
 94,  66, 28.37424727, 96.41267587,   3.8
 95,  66, 28.36482519, 96.41352304,  99.9
 96,  66, 28.35527488, 96.41438159,  99.9
 97,  66, 28.34559461, 96.41525166,  99.9
 98,  66, 28.33578260, 96.41613341,  99.9
 99,  66, 28.32583706, 96.41702700,   3.7
100,  66, 28.31575619, 96.41793257,   3.7
101,  66, 28.30553812, 96.41885029,   3.6
102,  66, 28.29518100, 96.41978033,   3.5
103,  66, 28.28468293, 96.42072283,   3.5
104,  66, 28.27404200, 96.42167797,   3.5
105,  66, 28.26325626, 96.42264591,   3.4
106,  66, 28.25232374, 96.42362683,   3.4
107,  66, 28.24124244, 96.42462089,   3.4
108,  66, 28.23001034, 96.42562826,   3.3
109,  66, 28.21862539, 96.42664913,   3.3
110,  66, 28.20708550, 96.42768367,   3.3
111,  66, 28.19538856, 96.42873206,   3.3
112,  66, 28.18353245, 96.42979448,   3.2
113,  66, 28.17151499, 96.43087112,   3.2
114,  66, 28.15933398, 96.43196217,   3.2
115,  66, 28.14698721, 96.43306780,   3.2
116,  66, 28.13447241, 96.43418823,   3.1
117,  66, 28.12178729, 96.43532364,   3.1
118,  66, 28.10892955, 96.43647422,   3.1
119,  66, 28.09589683, 96.43764018,   3.1
120,  66, 28.08268675, 96.43882172,   3.1
121,  66, 28.06929689, 96.44001904,   3.0
122,  66, 28.05572481, 96.44123235,   3.0
123,  66, 28.04196804, 96.44246185,   3.0
124,  66, 28.02802404, 96.44370777,   3.0
125,  66, 28.01389029, 96.44497032,   2.9
126,  66, 27.99956418, 96.44624971,   2.9
127,  66, 27.98504312, 96.44754616,   2.9
128,  66, 27.97032444, 96.44885990,   2.9
129,  66, 27.95540545, 96.45019115,   2.9
130,  66, 27.94028343, 96.45154015,   2.9
131,  66, 27.92495562, 96.45290711,   2.8
132,  66, 27.90941921, 96.45429229,   2.8
133,  66, 27.89367137, 96.45569590,   2.8
134,  66, 27.87770922, 96.45711821,   2.8
135,  66, 27.86152984, 96.45855944,   2.8
136,  66, 27.84513027, 96.46001984,   2.8
137,  66, 27.82850753, 96.46149967,   2.8
138,  66, 27.81165856, 96.46299917,   2.7
139,  66, 27.79458031, 96.46451861,   2.7
140,  66, 27.77726963, 96.46605824,   2.7
141,  66, 27.75972338, 96.46761831,   2.7
142,  66, 27.74193834, 96.46919911,   2.7
143,  66, 27.72391126, 96.47080089,   2.7
144,  66, 27.70563886, 96.47242393,   2.7
145,  66, 27.68711779, 96.47406850,   2.7
146,  66, 27.66834468, 96.47573489,   2.7
147,  66, 27.64931608, 96.47742336,   2.7
148,  66, 27.63002853, 96.47913422,   2.7
149,  66, 27.61047850, 96.48086774,   2.7
150,  66, 27.59066241, 96.48262422,   2.7
151,  66, 27.57057666, 96.48440395,   2.7
152,  66, 27.55021757, 96.48620724,   2.7
153,  66, 27.52958141, 96.48803439,   2.7
154,  66, 27.50866443, 96.48988570,   2.7
155,  66, 27.48746280, 96.49176149,   2.7
156,  66, 27.46597265, 96.49366206,   2.7
157,  66, 27.44419004, 96.49558775,   2.7
158,  66, 27.42211101, 96.49753886,   2.7
159,  66, 27.39973152, 96.49951573,   2.7
160,  66, 27.37704749, 96.50151868,   2.7
161,  66, 27.35405476, 96.50354805,   2.7
162,  66, 27.33074914, 96.50560417,   2.7
163,  66, 27.30712638, 96.50768740,   2.7
164,  66, 27.28318216, 96.50979806,   2.7
165,  66, 27.25891210, 96.51193652,   2.7
166,  66, 27.23431178, 96.51410313,   2.7
167,  66, 27.20937669, 96.51629824,   2.7
168,  66, 27.18410230, 96.51852222,   2.7
169,  66, 27.15848398, 96.52077544,   2.7
170,  66, 27.13251705, 96.52305826,   2.7
171,  66, 27.10619678, 96.52537106,   2.7
172,  66, 27.07951836, 96.52771422,   2.7
173,  66, 27.05247691, 96.53008813,   2.7
174,  66, 27.02506751, 96.53249317,   2.7
175,  66, 26.99728514, 96.53492974,   2.7
176,  66, 26.96912473, 96.53739824,   2.7
177,  66, 26.94058115, 96.53989906,   2.7
178,  66, 26.91164918, 96.54243262,   2.7
179,  66, 26.88232355, 96.54499932,   2.7
180,  66, 26.85259889, 96.54759960,   2.7
181,  66, 26.82246979, 96.55023385,   2.7
182,  66, 26.79193074, 96.55290252,   2.7
183,  66, 26.76097618, 96.55560603,   2.7
184,  66, 26.72960045, 96.55834483,   2.7
185,  66, 26.69779783, 96.56111934,   2.7
186,  66, 26.66556251, 96.56393002,   2.7
187,  66, 26.63288862, 96.56677732,   2.7
188,  66, 26.59977019, 96.56966170,   2.7
189,  66, 26.56620119, 96.57258362,   2.7
190,  66, 26.53217548, 96.57554354,   2.7
191,  66, 26.49768686, 96.57854193,   2.7
  1,  67, 28.86945741, 96.36489187,  99.9
  2,  67, 28.86677407, 96.36509411,  99.9
  3,  67, 28.86405423, 96.36529908,  99.9
  4,  67, 28.86129737, 96.36550684,  99.9
  5,  67, 28.85850300, 96.36571741,  99.9
  6,  67, 28.85567061, 96.36593083,  99.9
  7,  67, 28.85279967, 96.36614715,  99.9
  8,  67, 28.84988968, 96.36636640,  99.9
  9,  67, 28.84694008, 96.36658862,  99.9
 10,  67, 28.84395035, 96.36681385,  99.9
 11,  67, 28.84091994, 96.36704213,  99.9
 12,  67, 28.83784830, 96.36727350,  99.9
 13,  67, 28.83473486, 96.36750801,  99.9
 14,  67, 28.83157905, 96.36774570,  99.9
 15,  67, 28.82838030, 96.36798660,  99.9
 16,  67, 28.82513803, 96.36823077,  99.9
 17,  67, 28.82185164, 96.36847824,  99.9
 18,  67, 28.81852053, 96.36872907,  99.9
 19,  67, 28.81514409, 96.36898329,  99.9
 20,  67, 28.81172171, 96.36924096,  99.9
 21,  67, 28.80825276, 96.36950211,  99.9
 22,  67, 28.80473661, 96.36976680,  99.9
 23,  67, 28.80117261, 96.37003507,  99.9
 24,  67, 28.79756012, 96.37030698,  99.9
 25,  67, 28.79389847, 96.37058256,  99.9
 26,  67, 28.79018700, 96.37086188,  99.9
 27,  67, 28.78642502, 96.37114497,  99.9
 28,  67, 28.78261186, 96.37143190,  99.9
 29,  67, 28.77874680, 96.37172271,  99.9
 30,  67, 28.77482916, 96.37201745,  99.9
 31,  67, 28.77085820, 96.37231619,  99.9
 32,  67, 28.76683321, 96.37261896,  99.9
 33,  67, 28.76275345, 96.37292583,  99.9
 34,  67, 28.75861818, 96.37323686,  99.9
 35,  67, 28.75442664, 96.37355208,  99.9
 36,  67, 28.75017806, 96.37387158,  99.9
 37,  67, 28.74587167, 96.37419539,  99.9
 38,  67, 28.74150668, 96.37452358,  99.9
 39,  67, 28.73708229, 96.37485621,  99.9
 40,  67, 28.73259770, 96.37519334,  99.9
 41,  67, 28.72805209, 96.37553503,  99.9
 42,  67, 28.72344462, 96.37588133,  99.9
 43,  67, 28.71877445, 96.37623232,  99.9
 44,  67, 28.71404074, 96.37658805,  99.9
 45,  67, 28.70924261, 96.37694859,  99.9
 46,  67, 28.70437920, 96.37731400,  99.9
 47,  67, 28.69944960, 96.37768435,  99.9
 48,  67, 28.69445292, 96.37805970,  99.9
 49,  67, 28.68938825, 96.37844012,  99.9
 50,  67, 28.68425466, 96.37882568,  99.9
 51,  67, 28.67905122, 96.37921645,  99.9
 52,  67, 28.67377697, 96.37961250,  99.9
 53,  67, 28.66843095, 96.38001390,  99.9
 54,  67, 28.66301219, 96.38042071,   4.3
 55,  67, 28.65751968, 96.38083302,   4.3
 56,  67, 28.65195244, 96.38125090,   4.2
 57,  67, 28.64630944, 96.38167442,   4.2
 58,  67, 28.64058965, 96.38210365,   4.1
 59,  67, 28.63479203, 96.38253868,   4.1
 60,  67, 28.62891551, 96.38297957,   4.0
 61,  67, 28.62295903, 96.38342642,   3.9
 62,  67, 28.61692150, 96.38387929,   3.8
 63,  67, 28.61080180, 96.38433828,   3.8
 64,  67, 28.60459884, 96.38480346,   3.7
 65,  67, 28.59831146, 96.38527490,   3.7
 66,  67, 28.59193852, 96.38575271,   3.6
 67,  67, 28.58547887, 96.38623696,   3.6
 68,  67, 28.57893131, 96.38672774,   3.5
 69,  67, 28.57229465, 96.38722514,   3.5
 70,  67, 28.56556768, 96.38772924,   3.5
 71,  67, 28.55874917, 96.38824013,   3.4
 72,  67, 28.55183788, 96.38875791,   3.4
 73,  67, 28.54483254, 96.38928266,   3.4
 74,  67, 28.53773186, 96.38981449,   3.4
 75,  67, 28.53053457, 96.39035348,   3.4
 76,  67, 28.52323933, 96.39089973,   3.4
 77,  67, 28.51584482, 96.39145333,   3.4
 78,  67, 28.50834968, 96.39201439,   3.4
 79,  67, 28.50075255, 96.39258300,   3.4
 80,  67, 28.49305203, 96.39315926,   3.4
 81,  67, 28.48524673, 96.39374329,   3.5
 82,  67, 28.47733521, 96.39433517,   3.5
 83,  67, 28.46931603, 96.39493501,   3.5
 84,  67, 28.46118773, 96.39554293,   3.5
 85,  67, 28.45294881, 96.39615902,   3.5
 86,  67, 28.44459778, 96.39678340,   3.5
 87,  67, 28.43613310, 96.39741617,   3.4
 88,  67, 28.42755323, 96.39805745,   3.4
 89,  67, 28.41885661, 96.39870735,   3.5
 90,  67, 28.41004164, 96.39936599,   3.6
 91,  67, 28.40110672, 96.40003348,   3.8
 92,  67, 28.39205020, 96.40070994,   3.8
 93,  67, 28.38287045, 96.40139548,   3.9
 94,  67, 28.37356577, 96.40209023,   3.9
 95,  67, 28.36413447, 96.40279431,   3.9
 96,  67, 28.35457482, 96.40350785,  99.9
 97,  67, 28.34488509, 96.40423096,  99.9
 98,  67, 28.33506349, 96.40496378,   3.7
 99,  67, 28.32510824, 96.40570644,   3.7
100,  67, 28.31501751, 96.40645906,   3.6
101,  67, 28.30478946, 96.40722177,   3.6
102,  67, 28.29442223, 96.40799471,   3.5
103,  67, 28.28391391, 96.40877802,   3.5
104,  67, 28.27326259, 96.40957183,   3.4
105,  67, 28.26246632, 96.41037629,   3.4
106,  67, 28.25152313, 96.41119152,   3.4
107,  67, 28.24043102, 96.41201767,   3.4
108,  67, 28.22918797, 96.41285490,   3.3
109,  67, 28.21779191, 96.41370333,   3.3
110,  67, 28.20624077, 96.41456313,   3.3
111,  67, 28.19453243, 96.41543444,   3.3
112,  67, 28.18266476, 96.41631741,   3.2
113,  67, 28.17063559, 96.41721220,   3.2
114,  67, 28.15844271, 96.41811895,   3.2
115,  67, 28.14608391, 96.41903784,   3.2
116,  67, 28.13355693, 96.41996902,   3.1
117,  67, 28.12085947, 96.42091264,   3.1
118,  67, 28.10798921, 96.42186888,   3.1
119,  67, 28.09494381, 96.42283790,   3.1
120,  67, 28.08172087, 96.42381986,   3.0
121,  67, 28.06831799, 96.42481494,   3.0
122,  67, 28.05473272, 96.42582331,   3.0
123,  67, 28.04096256, 96.42684514,   3.0
124,  67, 28.02700502, 96.42788061,   2.9
125,  67, 28.01285753, 96.42892989,   2.9
126,  67, 27.99851751, 96.42999318,   2.9
127,  67, 27.98398234, 96.43107064,   2.9
128,  67, 27.96924937, 96.43216247,   2.9
129,  67, 27.95431590, 96.43326886,   2.9
130,  67, 27.93917921, 96.43438999,   2.8
131,  67, 27.92383653, 96.43552606,   2.8
132,  67, 27.90828505, 96.43667725,   2.8
133,  67, 27.89252194, 96.43784378,   2.8
134,  67, 27.87654432, 96.43902583,   2.8
135,  67, 27.86034926, 96.44022362,   2.8
136,  67, 27.84393381, 96.44143733,   2.8
137,  67, 27.82729496, 96.44266719,   2.7
138,  67, 27.81042969, 96.44391341,   2.7
139,  67, 27.79333490, 96.44517618,   2.7
140,  67, 27.77600747, 96.44645574,   2.7
141,  67, 27.75844425, 96.44775229,   2.7
142,  67, 27.74064201, 96.44906606,   2.7
143,  67, 27.72259751, 96.45039727,   2.7
144,  67, 27.70430745, 96.45174615,   2.7
145,  67, 27.68576849, 96.45311292,   2.7
146,  67, 27.66697725, 96.45449782,   2.7
147,  67, 27.64793028, 96.45590107,   2.7
148,  67, 27.62862411, 96.45732293,   2.7
149,  67, 27.60905522, 96.45876362,   2.7
150,  67, 27.58922003, 96.46022339,   2.7
151,  67, 27.56911491, 96.46170249,   2.7
152,  67, 27.54873620, 96.46320116,   2.7
153,  67, 27.52808017, 96.46471966,   2.7
154,  67, 27.50714304, 96.46625824,   2.7
155,  67, 27.48592100, 96.46781716,   2.7
156,  67, 27.46441017, 96.46939668,   2.7
157,  67, 27.44260661, 96.47099707,   2.7
158,  67, 27.42050635, 96.47261859,   2.7
159,  67, 27.39810535, 96.47426151,   2.7
160,  67, 27.37539952, 96.47592611,   2.7
161,  67, 27.35238471, 96.47761266,   2.7
162,  67, 27.32905672, 96.47932145,   2.7
163,  67, 27.30541129, 96.48105275,   2.7
164,  67, 27.28144410, 96.48280687,   2.7
165,  67, 27.25715077, 96.48458408,   2.7
166,  67, 27.23252687, 96.48638468,   2.7
167,  67, 27.20756790, 96.48820897,   2.7
168,  67, 27.18226931, 96.49005725,   2.7
169,  67, 27.15662647, 96.49192982,   2.7
170,  67, 27.13063470, 96.49382700,   2.7
171,  67, 27.10428926, 96.49574909,   2.7
172,  67, 27.07758534, 96.49769641,   2.7
173,  67, 27.05051806, 96.49966929,   2.7
174,  67, 27.02308248, 96.50166803,   2.7
175,  67, 26.99527359, 96.50369298,   2.7
176,  67, 26.96708632, 96.50574445,   2.7
177,  67, 26.93851552, 96.50782279,   2.7
178,  67, 26.90955598, 96.50992834,   2.7
179,  67, 26.88020240, 96.51206143,   2.7
180,  67, 26.85044945, 96.51422241,   2.7
181,  67, 26.82029167, 96.51641164,   2.7
182,  67, 26.78972358, 96.51862946,   2.7
183,  67, 26.75873959, 96.52087624,   2.7
184,  67, 26.72733405, 96.52315233,   2.7
185,  67, 26.69550123, 96.52545812,   2.7
186,  67, 26.66323532, 96.52779395,   2.7
187,  67, 26.63053044, 96.53016022,   2.7
188,  67, 26.59738061, 96.53255730,   2.7
189,  67, 26.56377980, 96.53498557,   2.7
190,  67, 26.52972187, 96.53744542,   2.7
191,  67, 26.49520062, 96.53993725,   2.7
  1,  68, 28.86929855, 96.36186301,  99.9
  2,  68, 28.86661306, 96.36202412,  99.9
  3,  68, 28.86389103, 96.36218740,  99.9
  4,  68, 28.86113195, 96.36235290,  99.9
  5,  68, 28.85833534, 96.36252064,  99.9
  6,  68, 28.85550067, 96.36269066,  99.9
  7,  68, 28.85262743, 96.36286298,  99.9
  8,  68, 28.84971509, 96.36303763,  99.9
  9,  68, 28.84676313, 96.36321466,  99.9
 10,  68, 28.84377100, 96.36339408,  99.9
 11,  68, 28.84073815, 96.36357593,  99.9
 12,  68, 28.83766404, 96.36376024,  99.9
 13,  68, 28.83454809, 96.36394705,  99.9
 14,  68, 28.83138975, 96.36413639,  99.9
 15,  68, 28.82818843, 96.36432830,  99.9
 16,  68, 28.82494356, 96.36452280,  99.9
 17,  68, 28.82165452, 96.36471994,  99.9
 18,  68, 28.81832074, 96.36491975,  99.9
 19,  68, 28.81494159, 96.36512227,  99.9
 20,  68, 28.81151646, 96.36532753,  99.9
 21,  68, 28.80804473, 96.36553556,  99.9
 22,  68, 28.80452575, 96.36574641,  99.9
 23,  68, 28.80095889, 96.36596012,  99.9
 24,  68, 28.79734350, 96.36617672,  99.9
 25,  68, 28.79367891, 96.36639626,  99.9
 26,  68, 28.78996446, 96.36661876,  99.9
 27,  68, 28.78619946, 96.36684428,  99.9
 28,  68, 28.78238323, 96.36707284,  99.9
 29,  68, 28.77851508, 96.36730450,  99.9
 30,  68, 28.77459428, 96.36753930,  99.9
 31,  68, 28.77062014, 96.36777727,  99.9
 32,  68, 28.76659192, 96.36801846,  99.9
 33,  68, 28.76250889, 96.36826292,  99.9
 34,  68, 28.75837030, 96.36851068,  99.9
 35,  68, 28.75417539, 96.36876179,  99.9
 36,  68, 28.74992341, 96.36901630,  99.9
 37,  68, 28.74561356, 96.36927425,  99.9
 38,  68, 28.74124507, 96.36953569,  99.9
 39,  68, 28.73681714, 96.36980067,  99.9
 40,  68, 28.73232895, 96.37006923,  99.9
 41,  68, 28.72777969, 96.37034141,  99.9
 42,  68, 28.72316853, 96.37061728,  99.9
 43,  68, 28.71849462, 96.37089688,  99.9
 44,  68, 28.71375711, 96.37118026,  99.9
 45,  68, 28.70895514, 96.37146746,  99.9
 46,  68, 28.70408782, 96.37175855,  99.9
 47,  68, 28.69915427, 96.37205357,  99.9
 48,  68, 28.69415359, 96.37235258,  99.9
 49,  68, 28.68908486, 96.37265562,  99.9
 50,  68, 28.68394716, 96.37296276,  99.9
 51,  68, 28.67873955, 96.37327405,  99.9
 52,  68, 28.67346107, 96.37358954,  99.9
 53,  68, 28.66811077, 96.37390929,   4.4
 54,  68, 28.66268766, 96.37423337,   4.3
 55,  68, 28.65719076, 96.37456181,   4.2
 56,  68, 28.65161906, 96.37489469,   4.2
 57,  68, 28.64597154, 96.37523207,   4.1
 58,  68, 28.64024717, 96.37557400,   4.1
 59,  68, 28.63444491, 96.37592054,   4.0
 60,  68, 28.62856369, 96.37627176,   3.9
 61,  68, 28.62260244, 96.37662772,   3.9
 62,  68, 28.61656008, 96.37698848,   3.8
 63,  68, 28.61043549, 96.37735410,   3.7
 64,  68, 28.60422755, 96.37772466,   3.7
 65,  68, 28.59793515, 96.37810022,   3.6
 66,  68, 28.59155711, 96.37848084,   3.6
 67,  68, 28.58509229, 96.37886660,   3.5
 68,  68, 28.57853950, 96.37925755,   3.5
 69,  68, 28.57189753, 96.37965378,   3.5
 70,  68, 28.56516518, 96.38005534,   3.4
 71,  68, 28.55834123, 96.38046232,   3.4
 72,  68, 28.55142441, 96.38087478,   3.4
 73,  68, 28.54441346, 96.38129280,   3.3
 74,  68, 28.53730712, 96.38171645,   3.3
 75,  68, 28.53010407, 96.38214581,   3.4
 76,  68, 28.52280300, 96.38258095,   3.4
 77,  68, 28.51540258, 96.38302195,   3.4
 78,  68, 28.50790146, 96.38346889,   3.4
 79,  68, 28.50029826, 96.38392184,   3.4
 80,  68, 28.49259160, 96.38438089,   3.4
 81,  68, 28.48478007, 96.38484612,   3.4
 82,  68, 28.47686223, 96.38531762,   3.4
 83,  68, 28.46883665, 96.38579545,   3.4
 84,  68, 28.46070186, 96.38627971,   3.4
 85,  68, 28.45245637, 96.38677049,   3.5
 86,  68, 28.44409867, 96.38726787,   3.5
 87,  68, 28.43562724, 96.38777193,   3.5
 88,  68, 28.42704054, 96.38828277,   3.5
 89,  68, 28.41833698, 96.38880048,   3.5
 90,  68, 28.40951498, 96.38932515,   3.6
 91,  68, 28.40057294, 96.38985687,   3.7
 92,  68, 28.39150920, 96.39039573,   3.8
 93,  68, 28.38232213, 96.39094183,   3.9
 94,  68, 28.37301004, 96.39149527,   3.9
 95,  68, 28.36357123, 96.39205613,   3.9
 96,  68, 28.35400397, 96.39262453,   3.8
 97,  68, 28.34430652, 96.39320056,   3.7
 98,  68, 28.33447710, 96.39378432,   3.7
 99,  68, 28.32451392, 96.39437591,   3.6
100,  68, 28.31441516, 96.39497544,   3.6
101,  68, 28.30417898, 96.39558302,   3.5
102,  68, 28.29380349, 96.39619874,   3.5
103,  68, 28.28328682, 96.39682272,   3.5
104,  68, 28.27262703, 96.39745506,   3.4
105,  68, 28.26182217, 96.39809588,   3.4
106,  68, 28.25087029, 96.39874529,   3.4
107,  68, 28.23976936, 96.39940340,   3.3
108,  68, 28.22851737, 96.40007032,   3.3
109,  68, 28.21711226, 96.40074618,   3.3
110,  68, 28.20555194, 96.40143108,   3.3
111,  68, 28.19383431, 96.40212516,   3.2
112,  68, 28.18195721, 96.40282852,   3.2
113,  68, 28.16991849, 96.40354130,   3.2
114,  68, 28.15771594, 96.40426362,   3.2
115,  68, 28.14534734, 96.40499559,   3.1
116,  68, 28.13281041, 96.40573735,   3.1
117,  68, 28.12010288, 96.40648903,   3.1
118,  68, 28.10722242, 96.40725076,   3.1
119,  68, 28.09416667, 96.40802267,   3.0
120,  68, 28.08093326, 96.40880489,   3.0
121,  68, 28.06751976, 96.40959755,   3.0
122,  68, 28.05392372, 96.41040081,   3.0
123,  68, 28.04014267, 96.41121478,   3.0
124,  68, 28.02617407, 96.41203962,   2.9
125,  68, 28.01201538, 96.41287547,   2.9
126,  68, 27.99766402, 96.41372247,   2.9
127,  68, 27.98311735, 96.41458076,   2.9
128,  68, 27.96837273, 96.41545049,   2.9
129,  68, 27.95342745, 96.41633182,   2.8
130,  68, 27.93827879, 96.41722490,   2.8
131,  68, 27.92292399, 96.41812987,   2.8
132,  68, 27.90736022, 96.41904689,   2.8
133,  68, 27.89158466, 96.41997612,   2.8
134,  68, 27.87559442, 96.42091773,   2.8
135,  68, 27.85938658, 96.42187186,   2.8
136,  68, 27.84295817, 96.42283869,   2.7
137,  68, 27.82630620, 96.42381837,   2.7
138,  68, 27.80942762, 96.42481108,   2.7
139,  68, 27.79231936, 96.42581698,   2.7
140,  68, 27.77497827, 96.42683625,   2.7
141,  68, 27.75740121, 96.42786905,   2.7
142,  68, 27.73958495, 96.42891557,   2.7
143,  68, 27.72152624, 96.42997599,   2.7
144,  68, 27.70322178, 96.43105047,   2.7
145,  68, 27.68466823, 96.43213921,   2.7
146,  68, 27.66586221, 96.43324239,   2.7
147,  68, 27.64680026, 96.43436019,   2.7
148,  68, 27.62747892, 96.43549280,   2.7
149,  68, 27.60789465, 96.43664042,   2.7
150,  68, 27.58804387, 96.43780324,   2.7
151,  68, 27.56792297, 96.43898145,   2.7
152,  68, 27.54752825, 96.44017525,   2.7
153,  68, 27.52685601, 96.44138485,   2.7
154,  68, 27.50590246, 96.44261044,   2.7
155,  68, 27.48466378, 96.44385223,   2.7
156,  68, 27.46313608, 96.44511043,   2.7
157,  68, 27.44131544, 96.44638525,   2.7
158,  68, 27.41919787, 96.44767691,   2.7
159,  68, 27.39677934, 96.44898561,   2.7
160,  68, 27.37405573, 96.45031158,   2.7
161,  68, 27.35102292, 96.45165504,   2.7
162,  68, 27.32767669, 96.45301620,   2.7
163,  68, 27.30401277, 96.45439531,   2.7
164,  68, 27.28002685, 96.45579257,   2.7
165,  68, 27.25571455, 96.45720824,   2.7
166,  68, 27.23107143, 96.45864254,   2.7
167,  68, 27.20609298, 96.46009570,   2.7
168,  68, 27.18077465, 96.46156798,   2.7
169,  68, 27.15511182, 96.46305960,   2.7
170,  68, 27.12909979, 96.46457082,   2.7
171,  68, 27.10273383, 96.46610189,   2.7
172,  68, 27.07600912, 96.46765305,   2.7
173,  68, 27.04892077, 96.46922457,   2.7
174,  68, 27.02146385, 96.47081669,   2.7
175,  68, 26.99363334, 96.47242968,   2.7
176,  68, 26.96542416, 96.47406380,   2.7
177,  68, 26.93683117, 96.47571933,   2.7
178,  68, 26.90784914, 96.47739651,   2.7
179,  68, 26.87847279, 96.47909564,   2.7
180,  68, 26.84869676, 96.48081699,   2.7
181,  68, 26.81851561, 96.48256083,   2.7
182,  68, 26.78792383, 96.48432745,   2.7
183,  68, 26.75691585, 96.48611713,   2.7
184,  68, 26.72548600, 96.48793016,   2.7
185,  68, 26.69362856, 96.48976684,   2.7
186,  68, 26.66133770, 96.49162745,   2.7
187,  68, 26.62860755, 96.49351230,   2.7
188,  68, 26.59543212, 96.49542170,   2.7
189,  68, 26.56180538, 96.49735594,   2.7
190,  68, 26.52772118, 96.49931533,   2.7
191,  68, 26.49317331, 96.50130019,   2.7
  1,  69, 28.86917568, 96.35883200,  99.9
  2,  69, 28.86648852, 96.35895194,  99.9
  3,  69, 28.86376479, 96.35907351,  99.9
  4,  69, 28.86100400, 96.35919672,  99.9
  5,  69, 28.85820565, 96.35932161,  99.9
  6,  69, 28.85536922, 96.35944818,  99.9
  7,  69, 28.85249420, 96.35957647,  99.9
  8,  69, 28.84958005, 96.35970650,  99.9
  9,  69, 28.84662625, 96.35983830,  99.9
 10,  69, 28.84363226, 96.35997187,  99.9
 11,  69, 28.84059753, 96.36010726,  99.9
 12,  69, 28.83752151, 96.36024448,  99.9
 13,  69, 28.83440363, 96.36038356,  99.9
 14,  69, 28.83124333, 96.36052452,  99.9
 15,  69, 28.82804002, 96.36066740,  99.9
 16,  69, 28.82479313, 96.36081221,  99.9
 17,  69, 28.82150206, 96.36095897,  99.9
 18,  69, 28.81816620, 96.36110773,  99.9
 19,  69, 28.81478495, 96.36125850,  99.9
 20,  69, 28.81135770, 96.36141132,  99.9
 21,  69, 28.80788381, 96.36156620,  99.9
 22,  69, 28.80436265, 96.36172318,  99.9
 23,  69, 28.80079358, 96.36188228,  99.9
 24,  69, 28.79717594, 96.36204354,  99.9
 25,  69, 28.79350908, 96.36220698,  99.9
 26,  69, 28.78979232, 96.36237263,  99.9
 27,  69, 28.78602499, 96.36254053,  99.9
 28,  69, 28.78220639, 96.36271069,  99.9
 29,  69, 28.77833583, 96.36288316,  99.9
 30,  69, 28.77441261, 96.36305797,  99.9
 31,  69, 28.77043600, 96.36323514,  99.9
 32,  69, 28.76640529, 96.36341470,  99.9
 33,  69, 28.76231972, 96.36359670,  99.9
 34,  69, 28.75817857, 96.36378115,  99.9
 35,  69, 28.75398106, 96.36396811,  99.9
 36,  69, 28.74972643, 96.36415759,  99.9
 37,  69, 28.74541392, 96.36434963,  99.9
 38,  69, 28.74104272, 96.36454427,  99.9
 39,  69, 28.73661204, 96.36474154,  99.9
 40,  69, 28.73212107, 96.36494148,  99.9
 41,  69, 28.72756899, 96.36514412,  99.9
 42,  69, 28.72295497, 96.36534950,  99.9
 43,  69, 28.71827816, 96.36555766,  99.9
 44,  69, 28.71353772, 96.36576863,  99.9
 45,  69, 28.70873277, 96.36598245,  99.9
 46,  69, 28.70386244, 96.36619917,  99.9
 47,  69, 28.69892583, 96.36641880,  99.9
 48,  69, 28.69392206, 96.36664141,  99.9
 49,  69, 28.68885019, 96.36686703,  99.9
 50,  69, 28.68370931, 96.36709569,  99.9
 51,  69, 28.67849847, 96.36732744,  99.9
 52,  69, 28.67321672, 96.36756232,  99.9
 53,  69, 28.66786311, 96.36780037,  99.9
 54,  69, 28.66243665, 96.36804164,   4.2
 55,  69, 28.65693634, 96.36828617,   4.2
 56,  69, 28.65136119, 96.36853399,   4.1
 57,  69, 28.64571018, 96.36878517,   4.1
 58,  69, 28.63998227, 96.36903973,   4.0
 59,  69, 28.63417641, 96.36929772,   4.0
 60,  69, 28.62829156, 96.36955920,   3.9
 61,  69, 28.62232662, 96.36982421,   3.8
 62,  69, 28.61628052, 96.37009279,   3.7
 63,  69, 28.61015214, 96.37036500,   3.7
 64,  69, 28.60394037, 96.37064087,   3.6
 65,  69, 28.59764407, 96.37092047,   3.6
 66,  69, 28.59126210, 96.37120384,   3.5
 67,  69, 28.58479328, 96.37149103,   3.5
 68,  69, 28.57823643, 96.37178209,   3.5
 69,  69, 28.57159036, 96.37207707,   3.4
 70,  69, 28.56485385, 96.37237603,   3.4
 71,  69, 28.55802568, 96.37267902,   3.4
 72,  69, 28.55110459, 96.37298610,   3.3
 73,  69, 28.54408931, 96.37329731,   3.3
 74,  69, 28.53697858, 96.37361271,   3.3
 75,  69, 28.52977108, 96.37393236,   3.3
 76,  69, 28.52246551, 96.37425631,   3.3
 77,  69, 28.51506052, 96.37458463,   3.3
 78,  69, 28.50755477, 96.37491737,   3.3
 79,  69, 28.49994688, 96.37525459,   3.3
 80,  69, 28.49223546, 96.37559634,   3.3
 81,  69, 28.48441910, 96.37594270,   3.4
 82,  69, 28.47649638, 96.37629372,   3.4
 83,  69, 28.46846585, 96.37664946,   3.4
 84,  69, 28.46032604, 96.37700998,   3.4
 85,  69, 28.45207547, 96.37737536,   3.4
 86,  69, 28.44371262, 96.37774565,   3.4
 87,  69, 28.43523597, 96.37812092,   3.4
 88,  69, 28.42664397, 96.37850123,   3.4
 89,  69, 28.41793505, 96.37888665,   3.5
 90,  69, 28.40910761, 96.37927726,   3.5
 91,  69, 28.40016006, 96.37967311,   3.7
 92,  69, 28.39109074, 96.38007429,   3.8
 93,  69, 28.38189801, 96.38048085,   3.8
 94,  69, 28.37258019, 96.38089287,   3.8
 95,  69, 28.36313556, 96.38131043,   3.8
 96,  69, 28.35356242, 96.38173359,   3.8
 97,  69, 28.34385900, 96.38216243,   3.7
 98,  69, 28.33402353, 96.38259702,   3.6
 99,  69, 28.32405422, 96.38303745,   3.6
100,  69, 28.31394925, 96.38348379,   3.5
101,  69, 28.30370677, 96.38393612,   3.5
102,  69, 28.29332491, 96.38439451,   3.5
103,  69, 28.28280177, 96.38485905,   3.4
104,  69, 28.27213543, 96.38532981,   3.4
105,  69, 28.26132393, 96.38580689,   3.4
106,  69, 28.25036532, 96.38629036,   3.4
107,  69, 28.23925757, 96.38678030,   3.3
108,  69, 28.22799867, 96.38727681,   3.3
109,  69, 28.21658656, 96.38777997,   3.3
110,  69, 28.20501914, 96.38828987,   3.3
111,  69, 28.19329432, 96.38880659,   3.2
112,  69, 28.18140993, 96.38933023,   3.2
113,  69, 28.16936383, 96.38986087,   3.2
114,  69, 28.15715379, 96.39039861,   3.1
115,  69, 28.14477760, 96.39094355,   3.1
116,  69, 28.13223299, 96.39149577,   3.1
117,  69, 28.11951767, 96.39205538,   3.1
118,  69, 28.10662932, 96.39262246,   3.1
119,  69, 28.09356557, 96.39319713,   3.0
120,  69, 28.08032406, 96.39377947,   3.0
121,  69, 28.06690234, 96.39436959,   3.0
122,  69, 28.05329798, 96.39496758,   3.0
123,  69, 28.03950849, 96.39557356,   2.9
124,  69, 28.02553135, 96.39618763,   2.9
125,  69, 28.01136400, 96.39680990,   2.9
126,  69, 27.99700385, 96.39744046,   2.9
127,  69, 27.98244829, 96.39807943,   2.9
128,  69, 27.96769466, 96.39872692,   2.8
129,  69, 27.95274025, 96.39938304,   2.8
130,  69, 27.93758233, 96.40004791,   2.8
131,  69, 27.92221815, 96.40072163,   2.8
132,  69, 27.90664488, 96.40140432,   2.8
133,  69, 27.89085969, 96.40209610,   2.8
134,  69, 27.87485969, 96.40279709,   2.8
135,  69, 27.85864196, 96.40350741,   2.8
136,  69, 27.84220354, 96.40422718,   2.7
137,  69, 27.82554141, 96.40495652,   2.7
138,  69, 27.80865255, 96.40569555,   2.7
139,  69, 27.79153386, 96.40644441,   2.7
140,  69, 27.77418221, 96.40720322,   2.7
141,  69, 27.75659444, 96.40797210,   2.7
142,  69, 27.73876733, 96.40875120,   2.7
143,  69, 27.72069764, 96.40954063,   2.7
144,  69, 27.70238204, 96.41034054,   2.7
145,  69, 27.68381721, 96.41115106,   2.7
146,  69, 27.66499975, 96.41197233,   2.7
147,  69, 27.64592622, 96.41280449,   2.7
148,  69, 27.62659314, 96.41364767,   2.7
149,  69, 27.60699697, 96.41450203,   2.7
150,  69, 27.58713414, 96.41536769,   2.7
151,  69, 27.56700103, 96.41624482,   2.6
152,  69, 27.54659394, 96.41713355,   2.6
153,  69, 27.52590916, 96.41803404,   2.6
154,  69, 27.50494291, 96.41894644,   2.6
155,  69, 27.48369135, 96.41987090,   2.6
156,  69, 27.46215062, 96.42080757,   2.6
157,  69, 27.44031676, 96.42175661,   2.7
158,  69, 27.41818581, 96.42271818,   2.7
159,  69, 27.39575370, 96.42369245,   2.7
160,  69, 27.37301636, 96.42467957,   2.7
161,  69, 27.34996962, 96.42567970,   2.7
162,  69, 27.32660927, 96.42669302,   2.7
163,  69, 27.30293106, 96.42771969,   2.7
164,  69, 27.27893066, 96.42875988,   2.7
165,  69, 27.25460368, 96.42981377,   2.7
166,  69, 27.22994569, 96.43088153,   2.7
167,  69, 27.20495218, 96.43196333,   2.7
168,  69, 27.17961859, 96.43305936,   2.7
169,  69, 27.15394029, 96.43416979,   2.7
170,  69, 27.12791260, 96.43529481,   2.7
171,  69, 27.10153076, 96.43643460,   2.7
172,  69, 27.07478997, 96.43758935,   2.7
173,  69, 27.04768533, 96.43875924,   2.7
174,  69, 27.02021190, 96.43994448,   2.7
175,  69, 26.99236467, 96.44114526,   2.7
176,  69, 26.96413855, 96.44236176,   2.7
177,  69, 26.93552840, 96.44359419,   2.7
178,  69, 26.90652898, 96.44484275,   2.7
179,  69, 26.87713502, 96.44610764,   2.7
180,  69, 26.84734113, 96.44738907,   2.7
181,  69, 26.81714190, 96.44868724,   2.7
182,  69, 26.78653181, 96.45000237,   2.7
183,  69, 26.75550527, 96.45133467,   2.7
184,  69, 26.72405662, 96.45268434,   2.7
185,  69, 26.69218013, 96.45405162,   2.7
186,  69, 26.65986999, 96.45543671,   2.7
187,  69, 26.62712029, 96.45683985,   2.7
188,  69, 26.59392506, 96.45826125,   2.7
189,  69, 26.56027826, 96.45970115,   2.7
190,  69, 26.52617374, 96.46115977,   2.7
191,  69, 26.49160529, 96.46263735,   2.7
  1,  70, 28.86908881, 96.35579939,  99.9
  2,  70, 28.86640047, 96.35587815,  99.9
  3,  70, 28.86367554, 96.35595797,  99.9
  4,  70, 28.86091354, 96.35603888,  99.9
  5,  70, 28.85811396, 96.35612088,  99.9
  6,  70, 28.85527629, 96.35620399,  99.9
  7,  70, 28.85240000, 96.35628823,  99.9
  8,  70, 28.84948458, 96.35637361,  99.9
  9,  70, 28.84652948, 96.35646015,  99.9
 10,  70, 28.84353418, 96.35654786,  99.9
 11,  70, 28.84049812, 96.35663676,  99.9
 12,  70, 28.83742074, 96.35672686,  99.9
 13,  70, 28.83430150, 96.35681819,  99.9
 14,  70, 28.83113981, 96.35691075,  99.9
 15,  70, 28.82793510, 96.35700456,  99.9
 16,  70, 28.82468678, 96.35709965,  99.9
 17,  70, 28.82139426, 96.35719602,  99.9
 18,  70, 28.81805694, 96.35729370,  99.9
 19,  70, 28.81467421, 96.35739270,  99.9
 20,  70, 28.81124546, 96.35749304,  99.9
 21,  70, 28.80777004, 96.35759474,  99.9
 22,  70, 28.80424734, 96.35769781,  99.9
 23,  70, 28.80067670, 96.35780229,  99.9
 24,  70, 28.79705748, 96.35790817,  99.9
 25,  70, 28.79338901, 96.35801549,  99.9
 26,  70, 28.78967062, 96.35812426,  99.9
 27,  70, 28.78590163, 96.35823451,  99.9
 28,  70, 28.78208136, 96.35834624,  99.9
 29,  70, 28.77820911, 96.35845949,  99.9
 30,  70, 28.77428417, 96.35857427,  99.9
 31,  70, 28.77030582, 96.35869060,  99.9
 32,  70, 28.76627334, 96.35880851,  99.9
 33,  70, 28.76218598, 96.35892801,  99.9
 34,  70, 28.75804301, 96.35904913,  99.9
 35,  70, 28.75384366, 96.35917189,  99.9
 36,  70, 28.74958718, 96.35929631,  99.9
 37,  70, 28.74527277, 96.35942241,  99.9
 38,  70, 28.74089966, 96.35955021,  99.9
 39,  70, 28.73646704, 96.35967975,  99.9
 40,  70, 28.73197410, 96.35981103,  99.9
 41,  70, 28.72742003, 96.35994409,  99.9
 42,  70, 28.72280399, 96.36007895,  99.9
 43,  70, 28.71812513, 96.36021563,  99.9
 44,  70, 28.71338261, 96.36035416,  99.9
 45,  70, 28.70857556, 96.36049456,  99.9
 46,  70, 28.70370310, 96.36063685,  99.9
 47,  70, 28.69876433, 96.36078107,  99.9
 48,  70, 28.69375836, 96.36092724,  99.9
 49,  70, 28.68868428, 96.36107539,  99.9
 50,  70, 28.68354114, 96.36122553,  99.9
 51,  70, 28.67832803, 96.36137770,  99.9
 52,  70, 28.67304397, 96.36153193,  99.9
 53,  70, 28.66768802, 96.36168824,  99.9
 54,  70, 28.66225918, 96.36184666,   4.2
 55,  70, 28.65675647, 96.36200722,   4.2
 56,  70, 28.65117888, 96.36216995,   4.1
 57,  70, 28.64552540, 96.36233487,   4.1
 58,  70, 28.63979498, 96.36250202,   4.0
 59,  70, 28.63398659, 96.36267143,   3.9
 60,  70, 28.62809916, 96.36284312,   3.8
 61,  70, 28.62213162, 96.36301713,   3.8
 62,  70, 28.61608287, 96.36319348,   3.7
 63,  70, 28.60995182, 96.36337222,   3.6
 64,  70, 28.60373733, 96.36355336,   3.6
 65,  70, 28.59743828, 96.36373695,   3.5
 66,  70, 28.59105352, 96.36392302,   3.5
 67,  70, 28.58458188, 96.36411159,   3.5
 68,  70, 28.57802217, 96.36430270,   3.4
 69,  70, 28.57137320, 96.36449640,   3.4
 70,  70, 28.56463375, 96.36469270,   3.4
 71,  70, 28.55780259, 96.36489164,   3.3
 72,  70, 28.55087848, 96.36509327,   3.3
 73,  70, 28.54386014, 96.36529762,   3.3
 74,  70, 28.53674631, 96.36550471,   3.3
 75,  70, 28.52953567, 96.36571460,   3.3
 76,  70, 28.52222690, 96.36592731,   3.3
 77,  70, 28.51481869, 96.36614289,   3.3
 78,  70, 28.50730966, 96.36636137,   3.3
 79,  70, 28.49969845, 96.36658279,   3.3
 80,  70, 28.49198367, 96.36680720,   3.3
 81,  70, 28.48416391, 96.36703462,   3.3
 82,  70, 28.47623774, 96.36726510,   3.3
 83,  70, 28.46820370, 96.36749868,   3.4
 84,  70, 28.46006035, 96.36773541,   3.4
 85,  70, 28.45180618, 96.36797532,   3.4
 86,  70, 28.44343969, 96.36821845,   3.4
 87,  70, 28.43495934, 96.36846486,   3.4
 88,  70, 28.42636360, 96.36871457,   3.4
 89,  70, 28.41765089, 96.36896765,   3.4
 90,  70, 28.40881961, 96.36922412,   3.5
 91,  70, 28.39986816, 96.36948404,   3.7
 92,  70, 28.39079490, 96.36974745,   3.8
 93,  70, 28.38159817, 96.37001440,   3.8
 94,  70, 28.37227629, 96.37028494,   3.8
 95,  70, 28.36282756, 96.37055911,   3.8
 96,  70, 28.35325025, 96.37083696,   3.7
 97,  70, 28.34354261, 96.37111854,   3.7
 98,  70, 28.33370287, 96.37140390,   3.6
 99,  70, 28.32372923, 96.37169308,   3.6
100,  70, 28.31361986, 96.37198615,   3.5
101,  70, 28.30337293, 96.37228315,   3.5
102,  70, 28.29298656, 96.37258413,   3.5
103,  70, 28.28245885, 96.37288915,   3.4
104,  70, 28.27178787, 96.37319825,   3.4
105,  70, 28.26097169, 96.37351150,   3.4
106,  70, 28.25000831, 96.37382895,   3.3
107,  70, 28.23889575, 96.37415065,   3.3
108,  70, 28.22763196, 96.37447665,   3.3
109,  70, 28.21621490, 96.37480703,   3.3
110,  70, 28.20464247, 96.37514182,   3.2
111,  70, 28.19291256, 96.37548110,   3.2
112,  70, 28.18102302, 96.37582492,   3.2
113,  70, 28.16897169, 96.37617334,   3.2
114,  70, 28.15675637, 96.37652642,   3.1
115,  70, 28.14437482, 96.37688422,   3.1
116,  70, 28.13182477, 96.37724681,   3.1
117,  70, 28.11910395, 96.37761425,   3.1
118,  70, 28.10621001, 96.37798659,   3.0
119,  70, 28.09314061, 96.37836391,   3.0
120,  70, 28.07989336, 96.37874627,   3.0
121,  70, 28.06646584, 96.37913374,   3.0
122,  70, 28.05285560, 96.37952638,   3.0
123,  70, 28.03906015, 96.37992426,   2.9
124,  70, 28.02507696, 96.38032745,   2.9
125,  70, 28.01090349, 96.38073602,   2.9
126,  70, 27.99653714, 96.38115004,   2.9
127,  70, 27.98197529, 96.38156958,   2.9
128,  70, 27.96721528, 96.38199472,   2.8
129,  70, 27.95225442, 96.38242552,   2.8
130,  70, 27.93708996, 96.38286206,   2.8
131,  70, 27.92171915, 96.38330441,   2.8
132,  70, 27.90613916, 96.38375266,   2.8
133,  70, 27.89034717, 96.38420687,   2.8
134,  70, 27.87434027, 96.38466713,   2.8
135,  70, 27.85811555, 96.38513351,   2.7
136,  70, 27.84167004, 96.38560610,   2.7
137,  70, 27.82500074, 96.38608497,   2.7
138,  70, 27.80810460, 96.38657021,   2.7
139,  70, 27.79097854, 96.38706189,   2.7
140,  70, 27.77361942, 96.38756011,   2.7
141,  70, 27.75602409, 96.38806494,   2.7
142,  70, 27.73818931, 96.38857647,   2.7
143,  70, 27.72011185, 96.38909480,   2.7
144,  70, 27.70178838, 96.38962000,   2.7
145,  70, 27.68321557, 96.39015217,   2.7
146,  70, 27.66439003, 96.39069139,   2.7
147,  70, 27.64530831, 96.39123776,   2.7
148,  70, 27.62596693, 96.39179138,   2.6
149,  70, 27.60636235, 96.39235232,   2.6
150,  70, 27.58649101, 96.39292069,   2.6
151,  70, 27.56634926, 96.39349658,   2.6
152,  70, 27.54593342, 96.39408010,   2.6
153,  70, 27.52523978, 96.39467133,   2.6
154,  70, 27.50426455, 96.39527038,   2.6
155,  70, 27.48300390, 96.39587734,   2.6
156,  70, 27.46145394, 96.39649233,   2.6
157,  70, 27.43961075, 96.39711544,   2.6
158,  70, 27.41747032, 96.39774677,   2.7
159,  70, 27.39502863, 96.39838643,   2.7
160,  70, 27.37228157, 96.39903454,   2.7
161,  70, 27.34922499, 96.39969118,   2.7
162,  70, 27.32585467, 96.40035649,   2.7
163,  70, 27.30216635, 96.40103055,   2.7
164,  70, 27.27815571, 96.40171350,   2.7
165,  70, 27.25381836, 96.40240543,   2.7
166,  70, 27.22914986, 96.40310647,   2.7
167,  70, 27.20414570, 96.40381673,   2.7
168,  70, 27.17880132, 96.40453633,   2.7
169,  70, 27.15311209, 96.40526539,   2.7
170,  70, 27.12707333, 96.40600401,   2.7
171,  70, 27.10068027, 96.40675234,   2.7
172,  70, 27.07392811, 96.40751049,   2.7
173,  70, 27.04681195, 96.40827858,   2.7
174,  70, 27.01932686, 96.40905674,   2.7
175,  70, 26.99146780, 96.40984510,   2.7
176,  70, 26.96322971, 96.41064378,   2.7
177,  70, 26.93460742, 96.41145293,   2.7
178,  70, 26.90559571, 96.41227265,   2.7
179,  70, 26.87618930, 96.41310310,   2.7
180,  70, 26.84638280, 96.41394441,   2.7
181,  70, 26.81617079, 96.41479670,   2.7
182,  70, 26.78554775, 96.41566013,   2.7
183,  70, 26.75450809, 96.41653482,   2.7
184,  70, 26.72304616, 96.41742093,   2.7
185,  70, 26.69115621, 96.41831858,   2.7
186,  70, 26.65883242, 96.41922794,   2.7
187,  70, 26.62606891, 96.42014913,   2.7
188,  70, 26.59285969, 96.42108232,   2.7
189,  70, 26.55919871, 96.42202764,   2.7
190,  70, 26.52507983, 96.42298526,   2.7
191,  70, 26.49049683, 96.42395532,   2.7
  1,  71, 28.86903795, 96.35276572,  99.9
  2,  71, 28.86634892, 96.35280328,  99.9
  3,  71, 28.86362330, 96.35284135,  99.9
  4,  71, 28.86086059, 96.35287993,  99.9
  5,  71, 28.85806029, 96.35291904,  99.9
  6,  71, 28.85522189, 96.35295867,  99.9
  7,  71, 28.85234486, 96.35299885,  99.9
  8,  71, 28.84942869, 96.35303956,  99.9
  9,  71, 28.84647283, 96.35308083,  99.9
 10,  71, 28.84347676, 96.35312266,  99.9
 11,  71, 28.84043992, 96.35316505,  99.9
 12,  71, 28.83736176, 96.35320802,  99.9
 13,  71, 28.83424171, 96.35325157,  99.9
 14,  71, 28.83107921, 96.35329572,  99.9
 15,  71, 28.82787367, 96.35334045,  99.9
 16,  71, 28.82462452, 96.35338580,  99.9
 17,  71, 28.82133116, 96.35343176,  99.9
 18,  71, 28.81799299, 96.35347834,  99.9
 19,  71, 28.81460939, 96.35352555,  99.9
 20,  71, 28.81117975, 96.35357340,  99.9
 21,  71, 28.80770344, 96.35362190,  99.9
 22,  71, 28.80417984, 96.35367106,  99.9
 23,  71, 28.80060828, 96.35372088,  99.9
 24,  71, 28.79698813, 96.35377137,  99.9
 25,  71, 28.79331872, 96.35382255,  99.9
 26,  71, 28.78959938, 96.35387442,  99.9
 27,  71, 28.78582943, 96.35392700,  99.9
 28,  71, 28.78200818, 96.35398028,  99.9
 29,  71, 28.77813493, 96.35403429,  99.9
 30,  71, 28.77420898, 96.35408902,  99.9
 31,  71, 28.77022961, 96.35414450,  99.9
 32,  71, 28.76619610, 96.35420073,  99.9
 33,  71, 28.76210769, 96.35425771,  99.9
 34,  71, 28.75796366, 96.35431547,  99.9
 35,  71, 28.75376324, 96.35437401,  99.9
 36,  71, 28.74950566, 96.35443335,  99.9
 37,  71, 28.74519014, 96.35449348,  99.9
 38,  71, 28.74081591, 96.35455443,  99.9
 39,  71, 28.73638215, 96.35461620,  99.9
 40,  71, 28.73188807, 96.35467880,  99.9
 41,  71, 28.72733283, 96.35474226,  99.9
 42,  71, 28.72271560, 96.35480657,  99.9
 43,  71, 28.71803555, 96.35487175,  99.9
 44,  71, 28.71329182, 96.35493781,  99.9
 45,  71, 28.70848353, 96.35500476,  99.9
 46,  71, 28.70360982, 96.35507262,  99.9
 47,  71, 28.69866979, 96.35514139,  99.9
 48,  71, 28.69366254, 96.35521110,  99.9
 49,  71, 28.68858716, 96.35528174,  99.9
 50,  71, 28.68344271, 96.35535334,  99.9
 51,  71, 28.67822826, 96.35542591,  99.9
 52,  71, 28.67294285, 96.35549946,  99.9
 53,  71, 28.66758552, 96.35557400,  99.9
 54,  71, 28.66215530, 96.35564954,  99.9
 55,  71, 28.65665118, 96.35572611,  99.9
 56,  71, 28.65107216, 96.35580371,   4.1
 57,  71, 28.64541723, 96.35588235,   4.0
 58,  71, 28.63968535, 96.35596206,   4.0
 59,  71, 28.63387547, 96.35604285,   3.9
 60,  71, 28.62798654, 96.35612472,   3.8
 61,  71, 28.62201747, 96.35620770,   3.7
 62,  71, 28.61596718, 96.35629180,   3.7
 63,  71, 28.60983455, 96.35637703,   3.6
 64,  71, 28.60361848, 96.35646341,   3.5
 65,  71, 28.59731782, 96.35655096,   3.5
 66,  71, 28.59093143, 96.35663968,   3.5
 67,  71, 28.58445813, 96.35672961,   3.4
 68,  71, 28.57789674, 96.35682074,   3.4
 69,  71, 28.57124607, 96.35691311,   3.4
 70,  71, 28.56450490, 96.35700672,   3.3
 71,  71, 28.55767200, 96.35710159,   3.3
 72,  71, 28.55074612, 96.35719773,   3.3
 73,  71, 28.54372600, 96.35729518,   3.3
 74,  71, 28.53661034, 96.35739393,   3.3
 75,  71, 28.52939786, 96.35749402,   3.2
 76,  71, 28.52208723, 96.35759545,   3.2
 77,  71, 28.51467712, 96.35769825,   3.2
 78,  71, 28.50716618, 96.35780243,   3.2
 79,  71, 28.49955303, 96.35790802,   3.3
 80,  71, 28.49183628, 96.35801503,   3.3
 81,  71, 28.48401453, 96.35812347,   3.3
 82,  71, 28.47608633, 96.35823338,   3.3
 83,  71, 28.46805025, 96.35834476,   3.3
 84,  71, 28.45990482, 96.35845765,   3.3
 85,  71, 28.45164855, 96.35857205,   3.3
 86,  71, 28.44327992, 96.35868798,   3.4
 87,  71, 28.43479742, 96.35880548,   3.4
 88,  71, 28.42619949, 96.35892456,   3.4
 89,  71, 28.41748455, 96.35904524,   3.4
 90,  71, 28.40865103, 96.35916753,   3.5
 91,  71, 28.39969730, 96.35929148,   3.7
 92,  71, 28.39062173, 96.35941708,   3.8
 93,  71, 28.38142265, 96.35954438,   3.8
 94,  71, 28.37209840, 96.35967338,   3.8
 95,  71, 28.36264727, 96.35980411,   3.7
 96,  71, 28.35306752, 96.35993660,   3.7
 97,  71, 28.34335741, 96.36007087,   3.6
 98,  71, 28.33351517, 96.36020694,   3.6
 99,  71, 28.32353899, 96.36034484,   3.5
100,  71, 28.31342706, 96.36048458,   3.5
101,  71, 28.30317752, 96.36062620,   3.5
102,  71, 28.29278851, 96.36076972,   3.4
103,  71, 28.28225812, 96.36091516,   3.4
104,  71, 28.27158444, 96.36106255,   3.4
105,  71, 28.26076550, 96.36121192,   3.4
106,  71, 28.24979934, 96.36136328,   3.3
107,  71, 28.23868396, 96.36151668,   3.3
108,  71, 28.22741731, 96.36167213,   3.3
109,  71, 28.21599735, 96.36182966,   3.3
110,  71, 28.20442198, 96.36198930,   3.2
111,  71, 28.19268909, 96.36215108,   3.2
112,  71, 28.18079655, 96.36231502,   3.2
113,  71, 28.16874216, 96.36248115,   3.2
114,  71, 28.15652374, 96.36264951,   3.1
115,  71, 28.14413905, 96.36282011,   3.1
116,  71, 28.13158583, 96.36299300,   3.1
117,  71, 28.11886178, 96.36316820,   3.1
118,  71, 28.10596457, 96.36334574,   3.0
119,  71, 28.09289187, 96.36352565,   3.0
120,  71, 28.07964127, 96.36370797,   3.0
121,  71, 28.06621035, 96.36389272,   3.0
122,  71, 28.05259666, 96.36407993,   2.9
123,  71, 28.03879771, 96.36426964,   2.9
124,  71, 28.02481099, 96.36446189,   2.9
125,  71, 28.01063393, 96.36465670,   2.9
126,  71, 27.99626395, 96.36485410,   2.9
127,  71, 27.98169843, 96.36505414,   2.8
128,  71, 27.96693469, 96.36525685,   2.8
129,  71, 27.95197005, 96.36546225,   2.8
130,  71, 27.93680176, 96.36567040,   2.8
131,  71, 27.92142707, 96.36588131,   2.8
132,  71, 27.90584315, 96.36609503,   2.8
133,  71, 27.89004717, 96.36631160,   2.8
134,  71, 27.87403623, 96.36653105,   2.7
135,  71, 27.85780742, 96.36675341,   2.7
136,  71, 27.84135777, 96.36697874,   2.7
137,  71, 27.82468427, 96.36720706,   2.7
138,  71, 27.80778387, 96.36743841,   2.7
139,  71, 27.79065350, 96.36767284,   2.7
140,  71, 27.77329001, 96.36791038,   2.7
141,  71, 27.75569025, 96.36815108,   2.7
142,  71, 27.73785099, 96.36839497,   2.7
143,  71, 27.71976897, 96.36864209,   2.7
144,  71, 27.70144090, 96.36889249,   2.7
145,  71, 27.68286343, 96.36914622,   2.7
146,  71, 27.66403315, 96.36940331,   2.6
147,  71, 27.64494664, 96.36966380,   2.6
148,  71, 27.62560040, 96.36992774,   2.6
149,  71, 27.60599091, 96.37019518,   2.6
150,  71, 27.58611457, 96.37046616,   2.6
151,  71, 27.56596777, 96.37074073,   2.6
152,  71, 27.54554682, 96.37101892,   2.6
153,  71, 27.52484799, 96.37130080,   2.6
154,  71, 27.50386751, 96.37158640,   2.6
155,  71, 27.48260153, 96.37187577,   2.6
156,  71, 27.46104618, 96.37216897,   2.6
157,  71, 27.43919752, 96.37246604,   2.6
158,  71, 27.41705156, 96.37276702,   2.6
159,  71, 27.39460425, 96.37307198,   2.7
160,  71, 27.37185150, 96.37338096,   2.7
161,  71, 27.34878916, 96.37369401,   2.7
162,  71, 27.32541300, 96.37401119,   2.7
163,  71, 27.30171877, 96.37433254,   2.7
164,  71, 27.27770214, 96.37465813,   2.7
165,  71, 27.25335872, 96.37498799,   2.7
166,  71, 27.22868407, 96.37532220,   2.7
167,  71, 27.20367368, 96.37566080,   2.7
168,  71, 27.17832298, 96.37600385,   2.7
169,  71, 27.15262736, 96.37635141,   2.7
170,  71, 27.12658212, 96.37670353,   2.7
171,  71, 27.10018249, 96.37706027,   2.7
172,  71, 27.07342368, 96.37742169,   2.7
173,  71, 27.04630079, 96.37778785,   2.7
174,  71, 27.01880886, 96.37815880,   2.7
175,  71, 26.99094289, 96.37853462,   2.7
176,  71, 26.96269779, 96.37891536,   2.7
177,  71, 26.93406840, 96.37930107,   2.7
178,  71, 26.90504951, 96.37969184,   2.7
179,  71, 26.87563580, 96.38008771,   2.7
180,  71, 26.84582192, 96.38048875,   2.7
181,  71, 26.81560243, 96.38089503,   2.7
182,  71, 26.78497182, 96.38130662,   2.7
183,  71, 26.75392449, 96.38172357,   2.7
184,  71, 26.72245478, 96.38214596,   2.7
185,  71, 26.69055695, 96.38257385,   2.7
186,  71, 26.65822519, 96.38300731,   2.7
187,  71, 26.62545359, 96.38344642,   2.7
188,  71, 26.59223618, 96.38389124,   2.7
189,  71, 26.55856691, 96.38434184,   2.7
190,  71, 26.52443963, 96.38479830,   2.7
191,  71, 26.48984811, 96.38526069,   2.7
  1,  72, 28.86902313, 96.34973155,  99.9
  2,  72, 28.86633389, 96.34972791,  99.9
  3,  72, 28.86360807, 96.34972421,  99.9
  4,  72, 28.86084515, 96.34972046,  99.9
  5,  72, 28.85804464, 96.34971667,  99.9
  6,  72, 28.85520603, 96.34971282,  99.9
  7,  72, 28.85232878, 96.34970892,  99.9
  8,  72, 28.84941239, 96.34970496,  99.9
  9,  72, 28.84645632, 96.34970095,  99.9
 10,  72, 28.84346002, 96.34969689,  99.9
 11,  72, 28.84042295, 96.34969278,  99.9
 12,  72, 28.83734456, 96.34968860,  99.9
 13,  72, 28.83422428, 96.34968437,  99.9
 14,  72, 28.83106154, 96.34968009,  99.9
 15,  72, 28.82785577, 96.34967574,  99.9
 16,  72, 28.82460637, 96.34967134,  99.9
 17,  72, 28.82131276, 96.34966687,  99.9
 18,  72, 28.81797434, 96.34966235,  99.9
 19,  72, 28.81459049, 96.34965776,  99.9
 20,  72, 28.81116059, 96.34965312,  99.9
 21,  72, 28.80768403, 96.34964841,  99.9
 22,  72, 28.80416016, 96.34964363,  99.9
 23,  72, 28.80058834, 96.34963879,  99.9
 24,  72, 28.79696791, 96.34963389,  99.9
 25,  72, 28.79329823, 96.34962892,  99.9
 26,  72, 28.78957861, 96.34962388,  99.9
 27,  72, 28.78580838, 96.34961877,  99.9
 28,  72, 28.78198684, 96.34961360,  99.9
 29,  72, 28.77811331, 96.34960835,  99.9
 30,  72, 28.77418706, 96.34960303,  99.9
 31,  72, 28.77020740, 96.34959764,  99.9
 32,  72, 28.76617358, 96.34959218,  99.9
 33,  72, 28.76208487, 96.34958664,  99.9
 34,  72, 28.75794053, 96.34958103,  99.9
 35,  72, 28.75373979, 96.34957535,  99.9
 36,  72, 28.74948189, 96.34956958,  99.9
 37,  72, 28.74516606, 96.34956374,  99.9
 38,  72, 28.74079150, 96.34955782,  99.9
 39,  72, 28.73635741, 96.34955182,  99.9
 40,  72, 28.73186299, 96.34954573,  99.9
 41,  72, 28.72730741, 96.34953957,  99.9
 42,  72, 28.72268984, 96.34953332,  99.9
 43,  72, 28.71800944, 96.34952699,  99.9
 44,  72, 28.71326535, 96.34952057,  99.9
 45,  72, 28.70845671, 96.34951406,  99.9
 46,  72, 28.70358263, 96.34950747,  99.9
 47,  72, 28.69864223, 96.34950079,  99.9
 48,  72, 28.69363461, 96.34949401,  99.9
 49,  72, 28.68855884, 96.34948715,  99.9
 50,  72, 28.68341401, 96.34948019,  99.9
 51,  72, 28.67819917, 96.34947314,  99.9
 52,  72, 28.67291337, 96.34946599,  99.9
 53,  72, 28.66755564, 96.34945875,  99.9
 54,  72, 28.66212501, 96.34945140,  99.9
 55,  72, 28.65662048, 96.34944396,   3.7
 56,  72, 28.65104105, 96.34943642,   3.9
 57,  72, 28.64538570, 96.34942878,  99.9
 58,  72, 28.63965339, 96.34942103,  99.9
 59,  72, 28.63384308, 96.34941318,   3.8
 60,  72, 28.62795371, 96.34940522,   3.8
 61,  72, 28.62198420, 96.34939715,   3.7
 62,  72, 28.61593345, 96.34938898,   3.6
 63,  72, 28.60980037, 96.34938069,   3.6
 64,  72, 28.60358384, 96.34937229,   3.5
 65,  72, 28.59728271, 96.34936378,   3.5
 66,  72, 28.59089584, 96.34935516,   3.4
 67,  72, 28.58442206, 96.34934641,   3.4
 68,  72, 28.57786018, 96.34933755,   3.4
 69,  72, 28.57120902, 96.34932857,   3.3
 70,  72, 28.56446735, 96.34931947,   3.3
 71,  72, 28.55763394, 96.34931025,   3.3
 72,  72, 28.55070754, 96.34930090,   3.3
 73,  72, 28.54368689, 96.34929142,   3.3
 74,  72, 28.53657071, 96.34928182,   3.2
 75,  72, 28.52935769, 96.34927209,   3.2
 76,  72, 28.52204652, 96.34926222,   3.2
 77,  72, 28.51463586, 96.34925223,   3.2
 78,  72, 28.50712436, 96.34924209,   3.2
 79,  72, 28.49951064, 96.34923183,   3.2
 80,  72, 28.49179332, 96.34922142,   3.2
 81,  72, 28.48397098, 96.34921087,   3.3
 82,  72, 28.47604220, 96.34920018,   3.3
 83,  72, 28.46800553, 96.34918935,   3.3
 84,  72, 28.45985949, 96.34917837,   3.3
 85,  72, 28.45160260, 96.34916724,   3.3
 86,  72, 28.44323335, 96.34915596,   3.3
 87,  72, 28.43475022, 96.34914453,   3.3
 88,  72, 28.42615165, 96.34913294,   3.4
 89,  72, 28.41743607, 96.34912120,   3.4
 90,  72, 28.40860189, 96.34910931,   3.9
 91,  72, 28.39964750, 96.34909725,   3.9
 92,  72, 28.39057125, 96.34908502,   3.8
 93,  72, 28.38137150, 96.34907264,   3.8
 94,  72, 28.37204656, 96.34906008,   3.7
 95,  72, 28.36259472, 96.34904736,   3.7
 96,  72, 28.35301426, 96.34903447,   3.6
 97,  72, 28.34330343, 96.34902140,   3.6
 98,  72, 28.33346046, 96.34900816,   3.6
 99,  72, 28.32348354, 96.34899474,   3.5
100,  72, 28.31337086, 96.34898114,   3.5
101,  72, 28.30312057, 96.34896735,   3.5
102,  72, 28.29273079, 96.34895338,   3.4
103,  72, 28.28219962, 96.34893922,   3.4
104,  72, 28.27152514, 96.34892487,   3.4
105,  72, 28.26070541, 96.34891033,   3.3
106,  72, 28.24973844, 96.34889560,   3.3
107,  72, 28.23862223, 96.34888066,   3.3
108,  72, 28.22735475, 96.34886552,   3.3
109,  72, 28.21593395, 96.34885018,   3.2
110,  72, 28.20435772, 96.34883464,   3.2
111,  72, 28.19262397, 96.34881888,   3.2
112,  72, 28.18073054, 96.34880292,   3.2
113,  72, 28.16867527, 96.34878674,   3.1
114,  72, 28.15645595, 96.34877034,   3.1
115,  72, 28.14407034, 96.34875372,   3.1
116,  72, 28.13151619, 96.34873688,   3.1
117,  72, 28.11879120, 96.34871982,   3.0
118,  72, 28.10589305, 96.34870252,   3.0
119,  72, 28.09281938, 96.34868499,   3.0
120,  72, 28.07956780, 96.34866723,   3.0
121,  72, 28.06613589, 96.34864923,   3.0
122,  72, 28.05252120, 96.34863098,   2.9
123,  72, 28.03872124, 96.34861250,   2.9
124,  72, 28.02473349, 96.34859376,   2.9
125,  72, 28.01055539, 96.34857478,   2.9
126,  72, 27.99618435, 96.34855554,   2.8
127,  72, 27.98161775, 96.34853604,   2.8
128,  72, 27.96685293, 96.34851628,   2.8
129,  72, 27.95188718, 96.34849625,   2.8
130,  72, 27.93671779, 96.34847596,   2.8
131,  72, 27.92134196, 96.34845540,   2.8
132,  72, 27.90575690, 96.34843456,   2.8
133,  72, 27.88995976, 96.34841344,   2.7
134,  72, 27.87394765, 96.34839204,   2.7
135,  72, 27.85771764, 96.34837036,   2.7
136,  72, 27.84126678, 96.34834838,   2.7
137,  72, 27.82459206, 96.34832611,   2.7
138,  72, 27.80769042, 96.34830354,   2.7
139,  72, 27.79055879, 96.34828068,   2.7
140,  72, 27.77319404, 96.34825750,   2.7
141,  72, 27.75559299, 96.34823402,   2.7
142,  72, 27.73775242, 96.34821022,   2.7
143,  72, 27.71966908, 96.34818610,   2.7
144,  72, 27.70133967, 96.34816167,   2.7
145,  72, 27.68276083, 96.34813691,   2.6
146,  72, 27.66392918, 96.34811181,   2.6
147,  72, 27.64484127, 96.34808638,   2.6
148,  72, 27.62549362, 96.34806062,   2.6
149,  72, 27.60588270, 96.34803451,   2.6
150,  72, 27.58600491, 96.34800805,   2.6
151,  72, 27.56585664, 96.34798124,   2.6
152,  72, 27.54543420, 96.34795407,   2.6
153,  72, 27.52473386, 96.34792654,   2.6
154,  72, 27.50375184, 96.34789865,   2.6
155,  72, 27.48248432, 96.34787038,   2.6
156,  72, 27.46092740, 96.34784174,   2.6
157,  72, 27.43907714, 96.34781272,   2.6
158,  72, 27.41692957, 96.34778331,   2.6
159,  72, 27.39448063, 96.34775351,   2.6
160,  72, 27.37172623, 96.34772331,   2.7
161,  72, 27.34866221, 96.34769272,   2.7
162,  72, 27.32528436, 96.34766171,   2.7
163,  72, 27.30158841, 96.34763030,   2.7
164,  72, 27.27757003, 96.34759847,   2.7
165,  72, 27.25322484, 96.34756621,   2.7
166,  72, 27.22854840, 96.34753353,   2.7
167,  72, 27.20353620, 96.34750042,   2.7
168,  72, 27.17818367, 96.34746686,   2.7
169,  72, 27.15248619, 96.34743287,   2.7
170,  72, 27.12643906, 96.34739842,   2.7
171,  72, 27.10003752, 96.34736351,   2.7
172,  72, 27.07327677, 96.34732815,   2.7
173,  72, 27.04615192, 96.34729231,   2.7
174,  72, 27.01865801, 96.34725601,   2.7
175,  72, 26.99079003, 96.34721922,   2.7
176,  72, 26.96254289, 96.34718194,   2.7
177,  72, 26.93391144, 96.34714418,   2.7
178,  72, 26.90489045, 96.34710591,   2.7
179,  72, 26.87547463, 96.34706714,   2.7
180,  72, 26.84565860, 96.34702786,   2.7
181,  72, 26.81543694, 96.34698806,   2.7
182,  72, 26.78480412, 96.34694773,   2.7
183,  72, 26.75375456, 96.34690688,   2.7
184,  72, 26.72228259, 96.34686548,   2.7
185,  72, 26.69038247, 96.34682354,   2.7
186,  72, 26.65804839, 96.34678105,   2.7
187,  72, 26.62527444, 96.34673800,   2.7
188,  72, 26.59205465, 96.34669438,   2.7
189,  72, 26.55838297, 96.34665019,   2.7
190,  72, 26.52425324, 96.34660542,   2.7
191,  72, 26.48965925, 96.34656006,   2.7
  1,  73, 28.86904433, 96.34669743,  99.9
  2,  73, 28.86635539, 96.34665258,  99.9
  3,  73, 28.86362985, 96.34660712,  99.9
  4,  73, 28.86086723, 96.34656105,  99.9
  5,  73, 28.85806702, 96.34651435,  99.9
  6,  73, 28.85522871, 96.34646701,  99.9
  7,  73, 28.85235178, 96.34641904,  99.9
  8,  73, 28.84943570, 96.34637042,  99.9
  9,  73, 28.84647994, 96.34632113,  99.9
 10,  73, 28.84348396, 96.34627118,  99.9
 11,  73, 28.84044722, 96.34622055,  99.9
 12,  73, 28.83736916, 96.34616924,  99.9
 13,  73, 28.83424921, 96.34611723,  99.9
 14,  73, 28.83108681, 96.34606452,  99.9
 15,  73, 28.82788138, 96.34601109,  99.9
 16,  73, 28.82463233, 96.34595694,  99.9
 17,  73, 28.82133908, 96.34590205,  99.9
 18,  73, 28.81800101, 96.34584642,  99.9
 19,  73, 28.81461752, 96.34579004,  99.9
 20,  73, 28.81118799, 96.34573290,  99.9
 21,  73, 28.80771180, 96.34567498,  99.9
 22,  73, 28.80418830, 96.34561627,  99.9
 23,  73, 28.80061687, 96.34555677,  99.9
 24,  73, 28.79699683, 96.34549647,  99.9
 25,  73, 28.79332754, 96.34543535,  99.9
 26,  73, 28.78960831, 96.34537340,  99.9
 27,  73, 28.78583849, 96.34531062,  99.9
 28,  73, 28.78201736, 96.34524698,  99.9
 29,  73, 28.77814424, 96.34518248,  99.9
 30,  73, 28.77421842, 96.34511711,  99.9
 31,  73, 28.77023917, 96.34505086,  99.9
 32,  73, 28.76620579, 96.34498371,  99.9
 33,  73, 28.76211752, 96.34491565,  99.9
 34,  73, 28.75797361, 96.34484667,  99.9
 35,  73, 28.75377333, 96.34477676,  99.9
 36,  73, 28.74951589, 96.34470590,  99.9
 37,  73, 28.74520051, 96.34463408,  99.9
 38,  73, 28.74082642, 96.34456129,  99.9
 39,  73, 28.73639280, 96.34448752,  99.9
 40,  73, 28.73189886, 96.34441275,  99.9
 41,  73, 28.72734377, 96.34433696,  99.9
 42,  73, 28.72272669, 96.34426016,  99.9
 43,  73, 28.71804679, 96.34418231,  99.9
 44,  73, 28.71330321, 96.34410341,  99.9
 45,  73, 28.70849508, 96.34402345,  99.9
 46,  73, 28.70362153, 96.34394241,  99.9
 47,  73, 28.69868166, 96.34386027,  99.9
 48,  73, 28.69367457, 96.34377702,  99.9
 49,  73, 28.68859934, 96.34369264,  99.9
 50,  73, 28.68345506, 96.34360713,  99.9
 51,  73, 28.67824078, 96.34352046,  99.9
 52,  73, 28.67295554, 96.34343262,  99.9
 53,  73, 28.66759839, 96.34334359,  99.9
 54,  73, 28.66216834, 96.34325336,  99.9
 55,  73, 28.65666439, 96.34316192,  99.9
 56,  73, 28.65108556, 96.34306923,   3.8
 57,  73, 28.64543081, 96.34297530,  99.9
 58,  73, 28.63969911, 96.34288010,  99.9
 59,  73, 28.63388942, 96.34278361,   3.8
 60,  73, 28.62800068, 96.34268582,   3.7
 61,  73, 28.62203180, 96.34258671,   3.7
 62,  73, 28.61598170, 96.34248627,   3.6
 63,  73, 28.60984928, 96.34238446,   3.5
 64,  73, 28.60363340, 96.34228129,   3.5
 65,  73, 28.59733295, 96.34217672,   3.4
 66,  73, 28.59094676, 96.34207075,   3.4
 67,  73, 28.58447367, 96.34196334,   3.4
 68,  73, 28.57791249, 96.34185448,   3.4
 69,  73, 28.57126204, 96.34174416,   3.3
 70,  73, 28.56452108, 96.34163235,   3.3
 71,  73, 28.55768840, 96.34151904,   3.3
 72,  73, 28.55076274, 96.34140419,   3.3
 73,  73, 28.54374284, 96.34128780,   3.3
 74,  73, 28.53662742, 96.34116984,   3.2
 75,  73, 28.52941517, 96.34105029,   3.2
 76,  73, 28.52210477, 96.34092913,   3.2
 77,  73, 28.51469490, 96.34080634,   3.2
 78,  73, 28.50718420, 96.34068189,   3.2
 79,  73, 28.49957130, 96.34055577,   3.2
 80,  73, 28.49185480, 96.34042795,   3.2
 81,  73, 28.48403329, 96.34029841,   3.2
 82,  73, 28.47610535, 96.34016713,   3.3
 83,  73, 28.46806953, 96.34003408,   3.3
 84,  73, 28.45992436, 96.33989924,   3.3
 85,  73, 28.45166835, 96.33976258,   3.3
 86,  73, 28.44329999, 96.33962409,   3.3
 87,  73, 28.43481776, 96.33948373,   3.3
 88,  73, 28.42622011, 96.33934149,  99.9
 89,  73, 28.41750545, 96.33919733,   3.9
 90,  73, 28.40867221, 96.33905124,   3.9
 91,  73, 28.39971877, 96.33890318,   3.9
 92,  73, 28.39064349, 96.33875313,   3.8
 93,  73, 28.38144471, 96.33860107,   3.8
 94,  73, 28.37212076, 96.33844696,   3.7
 95,  73, 28.36266992, 96.33829078,   3.7
 96,  73, 28.35309048, 96.33813251,   3.6
 97,  73, 28.34338069, 96.33797211,   3.6
 98,  73, 28.33353876, 96.33780956,   3.5
 99,  73, 28.32356290, 96.33764482,   3.5
100,  73, 28.31345129, 96.33747787,   3.5
101,  73, 28.30320208, 96.33730869,   3.4
102,  73, 28.29281341, 96.33713723,   3.4
103,  73, 28.28228336, 96.33696348,   3.4
104,  73, 28.27161001, 96.33678739,   3.4
105,  73, 28.26079143, 96.33660894,   3.3
106,  73, 28.24982562, 96.33642810,   3.3
107,  73, 28.23871059, 96.33624484,   3.3
108,  73, 28.22744430, 96.33605912,   3.3
109,  73, 28.21602471, 96.33587092,   3.2
110,  73, 28.20444971, 96.33568019,   3.2
111,  73, 28.19271720, 96.33548691,   3.2
112,  73, 28.18082503, 96.33529104,   3.2
113,  73, 28.16877103, 96.33509254,   3.1
114,  73, 28.15655300, 96.33489139,   3.1
115,  73, 28.14416871, 96.33468755,   3.1
116,  73, 28.13161588, 96.33448099,   3.1
117,  73, 28.11889224, 96.33427166,   3.0
118,  73, 28.10599545, 96.33405953,   3.0
119,  73, 28.09292316, 96.33384457,   3.0
120,  73, 28.07967299, 96.33362673,   3.0
121,  73, 28.06624250, 96.33340598,   2.9
122,  73, 28.05262924, 96.33318228,   2.9
123,  73, 28.03883074, 96.33295560,   2.9
124,  73, 28.02484446, 96.33272589,   2.9
125,  73, 28.01066786, 96.33249311,   2.9
126,  73, 27.99629834, 96.33225722,   2.8
127,  73, 27.98173328, 96.33201819,   2.8
128,  73, 27.96697001, 96.33177597,   2.8
129,  73, 27.95200585, 96.33153052,   2.8
130,  73, 27.93683805, 96.33128180,   2.8
131,  73, 27.92146384, 96.33102976,   2.8
132,  73, 27.90588042, 96.33077437,   2.8
133,  73, 27.89008495, 96.33051557,   2.7
134,  73, 27.87407452, 96.33025333,   2.7
135,  73, 27.85784623, 96.32998759,   2.7
136,  73, 27.84139710, 96.32971832,   2.7
137,  73, 27.82472413, 96.32944546,   2.7
138,  73, 27.80782427, 96.32916898,   2.7
139,  73, 27.79069445, 96.32888882,   2.7
140,  73, 27.77333152, 96.32860493,   2.7
141,  73, 27.75573231, 96.32831727,   2.7
142,  73, 27.73789362, 96.32802579,   2.7
143,  73, 27.71981218, 96.32773044,   2.6
144,  73, 27.70148469, 96.32743117,   2.6
145,  73, 27.68290781, 96.32712792,   2.6
146,  73, 27.66407813, 96.32682065,   2.6
147,  73, 27.64499223, 96.32650931,   2.6
148,  73, 27.62564661, 96.32619384,   2.6
149,  73, 27.60603774, 96.32587418,   2.6
150,  73, 27.58616204, 96.32555029,   2.6
151,  73, 27.56601588, 96.32522211,   2.6
152,  73, 27.54559558, 96.32488958,   2.6
153,  73, 27.52489740, 96.32455266,   2.6
154,  73, 27.50391758, 96.32421127,   2.6
155,  73, 27.48265228, 96.32386537,   2.6
156,  73, 27.46109762, 96.32351489,   2.6
157,  73, 27.43924965, 96.32315978,   2.6
158,  73, 27.41710439, 96.32279998,   2.6
159,  73, 27.39465780, 96.32243543,   2.6
160,  73, 27.37190578, 96.32206607,   2.7
161,  73, 27.34884416, 96.32169183,   2.7
162,  73, 27.32546875, 96.32131265,   2.7
163,  73, 27.30177528, 96.32092847,   2.7
164,  73, 27.27775940, 96.32053923,   2.7
165,  73, 27.25341676, 96.32014486,   2.7
166,  73, 27.22874289, 96.31974530,   2.7
167,  73, 27.20373329, 96.31934047,   2.7
168,  73, 27.17838340, 96.31893032,   2.7
169,  73, 27.15268859, 96.31851477,   2.7
170,  73, 27.12664417, 96.31809376,   2.7
171,  73, 27.10024539, 96.31766722,   2.7
172,  73, 27.07348742, 96.31723508,   2.7
173,  73, 27.04636538, 96.31679725,   2.7
174,  73, 27.01887433, 96.31635369,   2.7
175,  73, 26.99100924, 96.31590430,   2.7
176,  73, 26.96276504, 96.31544902,   2.7
177,  73, 26.93413655, 96.31498778,   2.7
178,  73, 26.90511857, 96.31452049,   2.7
179,  73, 26.87570580, 96.31404709,   2.7
180,  73, 26.84589286, 96.31356749,   2.7
181,  73, 26.81567433, 96.31308161,   2.7
182,  73, 26.78504468, 96.31258938,   2.7
183,  73, 26.75399833, 96.31209073,   2.7
184,  73, 26.72252961, 96.31158556,   2.7
185,  73, 26.69063279, 96.31107379,   2.7
186,  73, 26.65830205, 96.31055535,   2.7
187,  73, 26.62553149, 96.31003014,   2.7
188,  73, 26.59231513, 96.30949810,   2.7
189,  73, 26.55864691, 96.30895912,   2.7
190,  73, 26.52452071, 96.30841312,   2.7
191,  73, 26.48993029, 96.30786003,   2.7
  1,  74, 28.86910156, 96.34366391,  99.9
  2,  74, 28.86641339, 96.34357787,  99.9
  3,  74, 28.86368865, 96.34349065,  99.9
  4,  74, 28.86092683, 96.34340226,  99.9
  5,  74, 28.85812742, 96.34331266,  99.9
  6,  74, 28.85528993, 96.34322185,  99.9
  7,  74, 28.85241383, 96.34312981,  99.9
  8,  74, 28.84949859, 96.34303653,  99.9
  9,  74, 28.84654369, 96.34294198,  99.9
 10,  74, 28.84354858, 96.34284615,  99.9
 11,  74, 28.84051271, 96.34274902,  99.9
 12,  74, 28.83743554, 96.34265057,  99.9
 13,  74, 28.83431649, 96.34255079,  99.9
 14,  74, 28.83115501, 96.34244966,  99.9
 15,  74, 28.82795050, 96.34234716,  99.9
 16,  74, 28.82470240, 96.34224327,  99.9
 17,  74, 28.82141009, 96.34213797,  99.9
 18,  74, 28.81807299, 96.34203125,  99.9
 19,  74, 28.81469048, 96.34192308,  99.9
 20,  74, 28.81126194, 96.34181345,  99.9
 21,  74, 28.80778675, 96.34170233,  99.9
 22,  74, 28.80426427, 96.34158971,  99.9
 23,  74, 28.80069386, 96.34147556,  99.9
 24,  74, 28.79707487, 96.34135987,  99.9
 25,  74, 28.79340664, 96.34124261,  99.9
 26,  74, 28.78968849, 96.34112377,  99.9
 27,  74, 28.78591975, 96.34100331,  99.9
 28,  74, 28.78209973, 96.34088123,  99.9
 29,  74, 28.77822772, 96.34075749,  99.9
 30,  74, 28.77430303, 96.34063208,  99.9
 31,  74, 28.77032494, 96.34050497,  99.9
 32,  74, 28.76629272, 96.34037615,  99.9
 33,  74, 28.76220563, 96.34024557,  99.9
 34,  74, 28.75806292, 96.34011324,  99.9
 35,  74, 28.75386384, 96.33997911,  99.9
 36,  74, 28.74960763, 96.33984317,  99.9
 37,  74, 28.74529350, 96.33970539,  99.9
 38,  74, 28.74092067, 96.33956575,  99.9
 39,  74, 28.73648834, 96.33942421,  99.9
 40,  74, 28.73199569, 96.33928077,  99.9
 41,  74, 28.72744191, 96.33913538,  99.9
 42,  74, 28.72282617, 96.33898803,  99.9
 43,  74, 28.71814761, 96.33883869,  99.9
 44,  74, 28.71340540, 96.33868733,  99.9
 45,  74, 28.70859866, 96.33853392,  99.9
 46,  74, 28.70372651, 96.33837844,  99.9
 47,  74, 28.69878806, 96.33822086,  99.9
 48,  74, 28.69378241, 96.33806115,  99.9
 49,  74, 28.68870865, 96.33789928,  99.9
 50,  74, 28.68356585, 96.33773522,  99.9
 51,  74, 28.67835307, 96.33756895,  99.9
 52,  74, 28.67306936, 96.33740043,  99.9
 53,  74, 28.66771374, 96.33722964,  99.9
 54,  74, 28.66228526, 96.33705654,  99.9
 55,  74, 28.65678290, 96.33688110,  99.9
 56,  74, 28.65120567, 96.33670330,   3.8
 57,  74, 28.64555255, 96.33652309,   3.8
 58,  74, 28.63982250, 96.33634045,   3.8
 59,  74, 28.63401449, 96.33615535,   3.8
 60,  74, 28.62812744, 96.33596774,   3.7
 61,  74, 28.62216028, 96.33577761,   3.6
 62,  74, 28.61611192, 96.33558491,   3.6
 63,  74, 28.60998126, 96.33538961,   3.5
 64,  74, 28.60376717, 96.33519168,   3.5
 65,  74, 28.59746853, 96.33499107,   3.4
 66,  74, 28.59108418, 96.33478776,   3.4
 67,  74, 28.58461295, 96.33458171,   3.4
 68,  74, 28.57805366, 96.33437288,   3.3
 69,  74, 28.57140512, 96.33416124,   3.3
 70,  74, 28.56466610, 96.33394674,   3.3
 71,  74, 28.55783539, 96.33372935,   3.3
 72,  74, 28.55091172, 96.33350903,   3.3
 73,  74, 28.54389383, 96.33328574,   3.3
 74,  74, 28.53678045, 96.33305945,   3.2
 75,  74, 28.52957028, 96.33283010,   3.2
 76,  74, 28.52226198, 96.33259767,   3.2
 77,  74, 28.51485424, 96.33236210,   3.2
 78,  74, 28.50734570, 96.33212336,   3.2
 79,  74, 28.49973498, 96.33188141,   3.2
 80,  74, 28.49202069, 96.33163620,   3.2
 81,  74, 28.48420143, 96.33138769,   3.2
 82,  74, 28.47627577, 96.33113584,   3.3
 83,  74, 28.46824226, 96.33088060,   3.3
 84,  74, 28.46009942, 96.33062192,   3.3
 85,  74, 28.45184578, 96.33035976,   3.3
 86,  74, 28.44347983, 96.33009408,   3.3
 87,  74, 28.43500003, 96.32982482,   3.3
 88,  74, 28.42640484, 96.32955194,   3.5
 89,  74, 28.41769268, 96.32927540,   3.9
 90,  74, 28.40886198, 96.32899513,   3.9
 91,  74, 28.39991110, 96.32871110,   3.8
 92,  74, 28.39083842, 96.32842325,   3.8
 93,  74, 28.38164228, 96.32813154,   3.7
 94,  74, 28.37232100, 96.32783590,   3.7
 95,  74, 28.36287287, 96.32753630,   3.6
 96,  74, 28.35329618, 96.32723267,   3.6
 97,  74, 28.34358916, 96.32692497,   3.6
 98,  74, 28.33375005, 96.32661313,   3.5
 99,  74, 28.32377705, 96.32629711,   3.5
100,  74, 28.31366833, 96.32597685,   3.5
101,  74, 28.30342206, 96.32565229,   3.4
102,  74, 28.29303635, 96.32532338,   3.4
103,  74, 28.28250931, 96.32499006,   3.4
104,  74, 28.27183902, 96.32465227,   3.3
105,  74, 28.26102353, 96.32430995,   3.3
106,  74, 28.25006086, 96.32396304,   3.3
107,  74, 28.23894901, 96.32361148,   3.3
108,  74, 28.22768594, 96.32325521,   3.2
109,  74, 28.21626961, 96.32289417,   3.2
110,  74, 28.20469792, 96.32252829,   3.2
111,  74, 28.19296876, 96.32215751,   3.2
112,  74, 28.18107999, 96.32178177,   3.1
113,  74, 28.16902943, 96.32140100,   3.1
114,  74, 28.15681489, 96.32101514,   3.1
115,  74, 28.14443413, 96.32062411,   3.1
116,  74, 28.13188489, 96.32022786,   3.0
117,  74, 28.11916487, 96.31982630,   3.0
118,  74, 28.10627176, 96.31941938,   3.0
119,  74, 28.09320320, 96.31900701,   3.0
120,  74, 28.07995680, 96.31858914,   3.0
121,  74, 28.06653014, 96.31816568,   2.9
122,  74, 28.05292077, 96.31773657,   2.9
123,  74, 28.03912619, 96.31730173,   2.9
124,  74, 28.02514390, 96.31686108,   2.9
125,  74, 28.01097133, 96.31641455,   2.8
126,  74, 27.99660590, 96.31596206,   2.8
127,  74, 27.98204499, 96.31550354,   2.8
128,  74, 27.96728592, 96.31503890,   2.8
129,  74, 27.95232601, 96.31456806,   2.8
130,  74, 27.93716253, 96.31409095,   2.8
131,  74, 27.92179269, 96.31360748,   2.8
132,  74, 27.90621370, 96.31311758,   2.7
133,  74, 27.89042271, 96.31262114,   2.7
134,  74, 27.87441684, 96.31211810,   2.7
135,  74, 27.85819315, 96.31160836,   2.7
136,  74, 27.84174869, 96.31109184,   2.7
137,  74, 27.82508045, 96.31056844,   2.7
138,  74, 27.80818539, 96.31003809,   2.7
139,  74, 27.79106043, 96.30950068,   2.7
140,  74, 27.77370242, 96.30895613,   2.7
141,  74, 27.75610821, 96.30840435,   2.7
142,  74, 27.73827457, 96.30784524,   2.6
143,  74, 27.72019825, 96.30727870,   2.6
144,  74, 27.70187596, 96.30670464,   2.6
145,  74, 27.68330433, 96.30612296,   2.6
146,  74, 27.66447999, 96.30553357,   2.6
147,  74, 27.64539948, 96.30493636,   2.6
148,  74, 27.62605933, 96.30433124,   2.6
149,  74, 27.60645601, 96.30371809,   2.6
150,  74, 27.58658593, 96.30309682,   2.6
151,  74, 27.56644546, 96.30246733,   2.6
152,  74, 27.54603092, 96.30182950,   2.6
153,  74, 27.52533860, 96.30118323,   2.6
154,  74, 27.50436470, 96.30052840,   2.6
155,  74, 27.48310540, 96.29986493,   2.6
156,  74, 27.46155681, 96.29919267,   2.6
157,  74, 27.43971501, 96.29851154,   2.6
158,  74, 27.41757599, 96.29782141,   2.6
159,  74, 27.39513573, 96.29712217,   2.6
160,  74, 27.37239011, 96.29641369,   2.6
161,  74, 27.34933499, 96.29569587,   2.7
162,  74, 27.32596616, 96.29496858,   2.7
163,  74, 27.30227934, 96.29423171,   2.7
164,  74, 27.27827023, 96.29348512,   2.7
165,  74, 27.25393442, 96.29272870,   2.7
166,  74, 27.22926748, 96.29196232,   2.7
167,  74, 27.20426491, 96.29118586,   2.7
168,  74, 27.17892214, 96.29039917,   2.7
169,  74, 27.15323454, 96.28960215,   2.7
170,  74, 27.12719742, 96.28879464,   2.7
171,  74, 27.10080604, 96.28797653,   2.7
172,  74, 27.07405557, 96.28714768,   2.7
173,  74, 27.04694114, 96.28630794,   2.7
174,  74, 27.01945778, 96.28545719,   2.7
175,  74, 26.99160049, 96.28459528,   2.7
176,  74, 26.96336419, 96.28372207,   2.7
177,  74, 26.93474371, 96.28283742,   2.7
178,  74, 26.90573384, 96.28194119,   2.7
179,  74, 26.87632928, 96.28103323,   2.7
180,  74, 26.84652467, 96.28011339,   2.7
181,  74, 26.81631456, 96.27918152,   2.7
182,  74, 26.78569346, 96.27823747,   2.7
183,  74, 26.75465576, 96.27728109,   2.7
184,  74, 26.72319582, 96.27631222,   2.7
185,  74, 26.69130788, 96.27533071,   2.7
186,  74, 26.65898613, 96.27433640,   2.7
187,  74, 26.62622469, 96.27332913,   2.7
188,  74, 26.59301756, 96.27230874,   2.7
189,  74, 26.55935871, 96.27127506,   2.7
190,  74, 26.52524198, 96.27022793,   2.7
191,  74, 26.49066116, 96.26916718,   2.7
  1,  75, 28.86919481, 96.34063154,  99.9
  2,  75, 28.86650791, 96.34050432,  99.9
  3,  75, 28.86378444, 96.34037536,  99.9
  4,  75, 28.86102392, 96.34024466,  99.9
  5,  75, 28.85822584, 96.34011219,  99.9
  6,  75, 28.85538968, 96.33997792,  99.9
  7,  75, 28.85251494, 96.33984183,  99.9
  8,  75, 28.84960107, 96.33970390,  99.9
  9,  75, 28.84664756, 96.33956410,  99.9
 10,  75, 28.84365386, 96.33942241,  99.9
 11,  75, 28.84061943, 96.33927879,  99.9
 12,  75, 28.83754370, 96.33913323,  99.9
 13,  75, 28.83442612, 96.33898570,  99.9
 14,  75, 28.83126613, 96.33883617,  99.9
 15,  75, 28.82806313, 96.33868462,  99.9
 16,  75, 28.82481655, 96.33853101,  99.9
 17,  75, 28.82152580, 96.33837532,  99.9
 18,  75, 28.81819026, 96.33821752,  99.9
 19,  75, 28.81480934, 96.33805758,  99.9
 20,  75, 28.81138242, 96.33789548,  99.9
 21,  75, 28.80790887, 96.33773119,  99.9
 22,  75, 28.80438805, 96.33756467,  99.9
 23,  75, 28.80081932, 96.33739589,  99.9
 24,  75, 28.79720203, 96.33722484,  99.9
 25,  75, 28.79353552, 96.33705146,  99.9
 26,  75, 28.78981912, 96.33687574,  99.9
 27,  75, 28.78605216, 96.33669764,  99.9
 28,  75, 28.78223393, 96.33651713,  99.9
 29,  75, 28.77836375, 96.33633417,  99.9
 30,  75, 28.77444090, 96.33614874,  99.9
 31,  75, 28.77046468, 96.33596081,  99.9
 32,  75, 28.76643435, 96.33577032,  99.9
 33,  75, 28.76234918, 96.33557727,  99.9
 34,  75, 28.75820843, 96.33538160,  99.9
 35,  75, 28.75401133, 96.33518328,  99.9
 36,  75, 28.74975711, 96.33498228,  99.9
 37,  75, 28.74544501, 96.33477856,  99.9
 38,  75, 28.74107424, 96.33457209,  99.9
 39,  75, 28.73664398, 96.33436282,  99.9
 40,  75, 28.73215345, 96.33415073,  99.9
 41,  75, 28.72760181, 96.33393577,  99.9
 42,  75, 28.72298823, 96.33371790,  99.9
 43,  75, 28.71831188, 96.33349709,  99.9
 44,  75, 28.71357189, 96.33327329,  99.9
 45,  75, 28.70876741, 96.33304646,  99.9
 46,  75, 28.70389755, 96.33281658,  99.9
 47,  75, 28.69896142, 96.33258358,  99.9
 48,  75, 28.69395812, 96.33234744,  99.9
 49,  75, 28.68888675, 96.33210810,  99.9
 50,  75, 28.68374636, 96.33186554,  99.9
 51,  75, 28.67853603, 96.33161969,  99.9
 52,  75, 28.67325479, 96.33137053,  99.9
 53,  75, 28.66790170, 96.33111800,  99.9
 54,  75, 28.66247576, 96.33086206,  99.9
 55,  75, 28.65697598, 96.33060266,  99.9
 56,  75, 28.65140137, 96.33033976,  99.9
 57,  75, 28.64575090, 96.33007332,  99.9
 58,  75, 28.64002355, 96.32980327,   3.8
 59,  75, 28.63421825, 96.32952958,   3.7
 60,  75, 28.62833396, 96.32925220,   3.7
 61,  75, 28.62236960, 96.32897107,   3.6
 62,  75, 28.61632408, 96.32868616,   3.5
 63,  75, 28.61019630, 96.32839739,   3.5
 64,  75, 28.60398512, 96.32810473,   3.4
 65,  75, 28.59768943, 96.32780813,   3.4
 66,  75, 28.59130807, 96.32750752,   3.4
 67,  75, 28.58483988, 96.32720286,   3.4
 68,  75, 28.57828367, 96.32689410,   3.3
 69,  75, 28.57163824, 96.32658117,   3.3
 70,  75, 28.56490238, 96.32626402,   3.3
 71,  75, 28.55807486, 96.32594259,   3.3
 72,  75, 28.55115444, 96.32561684,   3.3
 73,  75, 28.54413984, 96.32528669,   3.3
 74,  75, 28.53702979, 96.32495210,   3.2
 75,  75, 28.52982299, 96.32461300,   3.2
 76,  75, 28.52251812, 96.32426933,   3.2
 77,  75, 28.51511385, 96.32392104,   3.2
 78,  75, 28.50760882, 96.32356805,   3.2
 79,  75, 28.50000166, 96.32321031,   3.2
 80,  75, 28.49229098, 96.32284776,   3.2
 81,  75, 28.48447538, 96.32248032,   3.2
 82,  75, 28.47655343, 96.32210794,   3.3
 83,  75, 28.46852367, 96.32173055,   3.3
 84,  75, 28.46038465, 96.32134808,   3.3
 85,  75, 28.45213486, 96.32096047,   3.3
 86,  75, 28.44377282, 96.32056764,   3.3
 87,  75, 28.43529699, 96.32016953,  99.9
 88,  75, 28.42670581, 96.31976606,   4.0
 89,  75, 28.41799773, 96.31935718,   3.9
 90,  75, 28.40917115, 96.31894279,   3.8
 91,  75, 28.40022445, 96.31852284,   3.8
 92,  75, 28.39115601, 96.31809724,   3.8
 93,  75, 28.38196417, 96.31766593,   3.7
 94,  75, 28.37264724, 96.31722882,   3.7
 95,  75, 28.36320352, 96.31678584,   3.6
 96,  75, 28.35363130, 96.31633691,   3.6
 97,  75, 28.34392881, 96.31588196,   3.5
 98,  75, 28.33409429, 96.31542090,   3.5
 99,  75, 28.32412594, 96.31495365,   3.5
100,  75, 28.31402195, 96.31448013,   3.5
101,  75, 28.30378045, 96.31400025,   3.4
102,  75, 28.29339958, 96.31351394,   3.4
103,  75, 28.28287746, 96.31302111,   3.4
104,  75, 28.27221214, 96.31252167,   3.3
105,  75, 28.26140169, 96.31201554,   3.3
106,  75, 28.25044412, 96.31150262,   3.3
107,  75, 28.23933745, 96.31098282,   3.3
108,  75, 28.22807963, 96.31045607,   3.2
109,  75, 28.21666861, 96.30992225,   3.2
110,  75, 28.20510231, 96.30938129,   3.2
111,  75, 28.19337861, 96.30883309,   3.2
112,  75, 28.18149537, 96.30827754,   3.1
113,  75, 28.16945042, 96.30771456,   3.1
114,  75, 28.15724156, 96.30714405,   3.1
115,  75, 28.14486656, 96.30656590,   3.1
116,  75, 28.13232315, 96.30598002,   3.0
117,  75, 28.11960905, 96.30538631,   3.0
118,  75, 28.10672193, 96.30478466,   3.0
119,  75, 28.09365944, 96.30417497,   3.0
120,  75, 28.08041920, 96.30355713,   2.9
121,  75, 28.06699877, 96.30293104,   2.9
122,  75, 28.05339572, 96.30229659,   2.9
123,  75, 28.03960755, 96.30165366,   2.9
124,  75, 28.02563174, 96.30100215,   2.9
125,  75, 28.01146575, 96.30034195,   2.8
126,  75, 27.99710699, 96.29967293,   2.8
127,  75, 27.98255282, 96.29899500,   2.8
128,  75, 27.96780060, 96.29830802,   2.8
129,  75, 27.95284762, 96.29761188,   2.8
130,  75, 27.93769116, 96.29690646,   2.8
131,  75, 27.92232845, 96.29619165,   2.7
132,  75, 27.90675668, 96.29546731,   2.7
133,  75, 27.89097300, 96.29473332,   2.7
134,  75, 27.87497453, 96.29398957,   2.7
135,  75, 27.85875835, 96.29323591,   2.7
136,  75, 27.84232150, 96.29247223,   2.7
137,  75, 27.82566097, 96.29169838,   2.7
138,  75, 27.80877372, 96.29091425,   2.7
139,  75, 27.79165667, 96.29011969,   2.7
140,  75, 27.77430669, 96.28931457,   2.7
141,  75, 27.75672060, 96.28849875,   2.6
142,  75, 27.73889520, 96.28767210,   2.6
143,  75, 27.72082723, 96.28683447,   2.6
144,  75, 27.70251339, 96.28598573,   2.6
145,  75, 27.68395033, 96.28512572,   2.6
146,  75, 27.66513467, 96.28425430,   2.6
147,  75, 27.64606296, 96.28337133,   2.6
148,  75, 27.62673172, 96.28247665,   2.6
149,  75, 27.60713743, 96.28157012,   2.6
150,  75, 27.58727650, 96.28065158,   2.6
151,  75, 27.56714530, 96.27972087,   2.6
152,  75, 27.54674017, 96.27877785,   2.6
153,  75, 27.52605736, 96.27782234,   2.6
154,  75, 27.50509311, 96.27685420,   2.6
155,  75, 27.48384359, 96.27587325,   2.6
156,  75, 27.46230490, 96.27487934,   2.6
157,  75, 27.44047313, 96.27387230,   2.6
158,  75, 27.41834428, 96.27285195,   2.6
159,  75, 27.39591432, 96.27181813,   2.6
160,  75, 27.37317914, 96.27077067,   2.6
161,  75, 27.35013460, 96.26970939,   2.6
162,  75, 27.32677648, 96.26863411,   2.6
163,  75, 27.30310052, 96.26754466,   2.7
164,  75, 27.27910241, 96.26644085,   2.7
165,  75, 27.25477775, 96.26532250,   2.7
166,  75, 27.23012210, 96.26418943,   2.7
167,  75, 27.20513097, 96.26304145,   2.7
168,  75, 27.17979979, 96.26187837,   2.7
169,  75, 27.15412394, 96.26070000,   2.7
170,  75, 27.12809872, 96.25950613,   2.7
171,  75, 27.10171939, 96.25829659,   2.7
172,  75, 27.07498114, 96.25707116,   2.7
173,  75, 27.04787908, 96.25582965,   2.7
174,  75, 27.02040826, 96.25457185,   2.7
175,  75, 26.99256367, 96.25329755,   2.7
176,  75, 26.96434024, 96.25200656,   2.7
177,  75, 26.93573280, 96.25069865,   2.7
178,  75, 26.90673613, 96.24937362,   2.7
179,  75, 26.87734496, 96.24803125,   2.7
180,  75, 26.84755390, 96.24667131,   2.7
181,  75, 26.81735753, 96.24529360,   2.7
182,  75, 26.78675034, 96.24389788,   2.7
183,  75, 26.75572674, 96.24248393,   2.7
184,  75, 26.72428108, 96.24105153,   2.7
185,  75, 26.69240761, 96.23960044,   2.7
186,  75, 26.66010052, 96.23813042,   2.7
187,  75, 26.62735392, 96.23664125,   2.7
188,  75, 26.59416184, 96.23513267,   2.7
189,  75, 26.56051822, 96.23360446,   2.7
190,  75, 26.52641693, 96.23205636,   2.7
191,  75, 26.49185175, 96.23048813,   2.7
  1,  76, 28.86932405, 96.33760088,  99.9
  2,  76, 28.86663891, 96.33743249,  99.9
  3,  76, 28.86391722, 96.33726182,  99.9
  4,  76, 28.86115851, 96.33708884,  99.9
  5,  76, 28.85836225, 96.33691351,  99.9
  6,  76, 28.85552795, 96.33673581,  99.9
  7,  76, 28.85265508, 96.33655570,  99.9
  8,  76, 28.84974312, 96.33637315,  99.9
  9,  76, 28.84679153, 96.33618812,  99.9
 10,  76, 28.84379979, 96.33600059,  99.9
 11,  76, 28.84076733, 96.33581052,  99.9
 12,  76, 28.83769362, 96.33561787,  99.9
 13,  76, 28.83457808, 96.33542261,  99.9
 14,  76, 28.83142014, 96.33522471,  99.9
 15,  76, 28.82821924, 96.33502413,  99.9
 16,  76, 28.82497478, 96.33482083,  99.9
 17,  76, 28.82168617, 96.33461477,  99.9
 18,  76, 28.81835282, 96.33440593,  99.9
 19,  76, 28.81497410, 96.33419426,  99.9
 20,  76, 28.81154942, 96.33397972,  99.9
 21,  76, 28.80807813, 96.33376227,  99.9
 22,  76, 28.80455961, 96.33354188,  99.9
 23,  76, 28.80099321, 96.33331851,  99.9
 24,  76, 28.79737828, 96.33309212,  99.9
 25,  76, 28.79371416, 96.33286266,  99.9
 26,  76, 28.79000019, 96.33263009,  99.9
 27,  76, 28.78623568, 96.33239437,  99.9
 28,  76, 28.78241994, 96.33215547,  99.9
 29,  76, 28.77855229, 96.33191333,  99.9
 30,  76, 28.77463200, 96.33166792,  99.9
 31,  76, 28.77065837, 96.33141918,  99.9
 32,  76, 28.76663067, 96.33116708,  99.9
 33,  76, 28.76254817, 96.33091157,  99.9
 34,  76, 28.75841011, 96.33065260,  99.9
 35,  76, 28.75421574, 96.33039013,  99.9
 36,  76, 28.74996430, 96.33012411,  99.9
 37,  76, 28.74565501, 96.32985449,  99.9
 38,  76, 28.74128709, 96.32958123,  99.9
 39,  76, 28.73685972, 96.32930426,  99.9
 40,  76, 28.73237211, 96.32902356,  99.9
 41,  76, 28.72782344, 96.32873906,  99.9
 42,  76, 28.72321287, 96.32845071,  99.9
 43,  76, 28.71853956, 96.32815847,  99.9
 44,  76, 28.71380267, 96.32786227,  99.9
 45,  76, 28.70900131, 96.32756207,  99.9
 46,  76, 28.70413462, 96.32725782,  99.9
 47,  76, 28.69920171, 96.32694945,  99.9
 48,  76, 28.69420167, 96.32663691,  99.9
 49,  76, 28.68913360, 96.32632016,  99.9
 50,  76, 28.68399656, 96.32599912,  99.9
 51,  76, 28.67878962, 96.32567375,  99.9
 52,  76, 28.67351182, 96.32534398,  99.9
 53,  76, 28.66816221, 96.32500976,  99.9
 54,  76, 28.66273980, 96.32467103,  99.9
 55,  76, 28.65724360, 96.32432772,  99.9
 56,  76, 28.65167262, 96.32397978,  99.9
 57,  76, 28.64602583, 96.32362714,  99.9
 58,  76, 28.64030220, 96.32326974,   3.7
 59,  76, 28.63450068, 96.32290751,   3.7
 60,  76, 28.62862022, 96.32254040,   3.6
 61,  76, 28.62265974, 96.32216833,   3.6
 62,  76, 28.61661815, 96.32179124,   3.5
 63,  76, 28.61049435, 96.32140907,   3.5
 64,  76, 28.60428722, 96.32102174,   3.4
 65,  76, 28.59799562, 96.32062918,   3.4
 66,  76, 28.59161841, 96.32023134,   3.4
 67,  76, 28.58515441, 96.31982812,   3.3
 68,  76, 28.57860246, 96.31941947,   3.3
 69,  76, 28.57196135, 96.31900531,   3.3
 70,  76, 28.56522987, 96.31858557,   3.3
 71,  76, 28.55840679, 96.31816017,   3.3
 72,  76, 28.55149086, 96.31772904,   3.3
 73,  76, 28.54448082, 96.31729209,   3.3
 74,  76, 28.53737539, 96.31684926,   3.3
 75,  76, 28.53017327, 96.31640047,   3.2
 76,  76, 28.52287314, 96.31594563,   3.2
 77,  76, 28.51547367, 96.31548466,   3.2
 78,  76, 28.50797351, 96.31501749,   3.2
 79,  76, 28.50037129, 96.31454403,   3.2
 80,  76, 28.49266562, 96.31406419,   3.2
 81,  76, 28.48485509, 96.31357789,   3.2
 82,  76, 28.47693827, 96.31308505,   3.3
 83,  76, 28.46891372, 96.31258558,   3.3
 84,  76, 28.46077998, 96.31207939,   3.3
 85,  76, 28.45253555, 96.31156639,   3.3
 86,  76, 28.44417892, 96.31104648,  99.9
 87,  76, 28.43570858, 96.31051959,   4.0
 88,  76, 28.42712298, 96.30998561,   4.0
 89,  76, 28.41842054, 96.30944446,   3.9
 90,  76, 28.40959968, 96.30889602,   3.8
 91,  76, 28.40065878, 96.30834022,   3.8
 92,  76, 28.39159621, 96.30777695,   3.7
 93,  76, 28.38241032, 96.30720611,   3.7
 94,  76, 28.37309942, 96.30662761,   3.6
 95,  76, 28.36366182, 96.30604133,   3.6
 96,  76, 28.35409579, 96.30544718,   3.6
 97,  76, 28.34439958, 96.30484506,   3.5
 98,  76, 28.33457143, 96.30423485,   3.5
 99,  76, 28.32460953, 96.30361645,   3.5
100,  76, 28.31451207, 96.30298975,   3.4
101,  76, 28.30427719, 96.30235465,   3.4
102,  76, 28.29390304, 96.30171103,   3.4
103,  76, 28.28338771, 96.30105877,   3.4
104,  76, 28.27272929, 96.30039777,   3.3
105,  76, 28.26192582, 96.29972791,   3.3
106,  76, 28.25097534, 96.29904907,   3.3
107,  76, 28.23987584, 96.29836114,   3.3
108,  76, 28.22862529, 96.29766398,   3.2
109,  76, 28.21722164, 96.29695749,   3.2
110,  76, 28.20566280, 96.29624154,   3.2
111,  76, 28.19394667, 96.29551600,   3.2
112,  76, 28.18207110, 96.29478074,   3.1
113,  76, 28.17003392, 96.29403565,   3.1
114,  76, 28.15783294, 96.29328059,   3.1
115,  76, 28.14546591, 96.29251542,   3.1
116,  76, 28.13293060, 96.29174003,   3.0
117,  76, 28.12022469, 96.29095426,   3.0
118,  76, 28.10734588, 96.29015799,   3.0
119,  76, 28.09429181, 96.28935108,   3.0
120,  76, 28.08106009, 96.28853338,   2.9
121,  76, 28.06764830, 96.28770476,   2.9
122,  76, 28.05405401, 96.28686507,   2.9
123,  76, 28.04027471, 96.28601417,   2.9
124,  76, 28.02630790, 96.28515192,   2.9
125,  76, 28.01215103, 96.28427815,   2.8
126,  76, 27.99780150, 96.28339273,   2.8
127,  76, 27.98325669, 96.28249549,   2.8
128,  76, 27.96851395, 96.28158629,   2.8
129,  76, 27.95357059, 96.28066497,   2.8
130,  76, 27.93842387, 96.27973137,   2.8
131,  76, 27.92307102, 96.27878533,   2.7
132,  76, 27.90750925, 96.27782669,   2.7
133,  76, 27.89173570, 96.27685528,   2.7
134,  76, 27.87574751, 96.27587094,   2.7
135,  76, 27.85954173, 96.27487349,   2.7
136,  76, 27.84311542, 96.27386278,   2.7
137,  76, 27.82646558, 96.27283861,   2.7
138,  76, 27.80958916, 96.27180083,   2.7
139,  76, 27.79248308, 96.27074926,   2.7
140,  76, 27.77514421, 96.26968370,   2.6
141,  76, 27.75756938, 96.26860400,   2.6
142,  76, 27.73975540, 96.26750995,   2.6
143,  76, 27.72169899, 96.26640137,   2.6
144,  76, 27.70339687, 96.26527808,   2.6
145,  76, 27.68484569, 96.26413988,   2.6
146,  76, 27.66604206, 96.26298659,   2.6
147,  76, 27.64698254, 96.26181800,   2.6
148,  76, 27.62766366, 96.26063393,   2.6
149,  76, 27.60808189, 96.25943416,   2.6
150,  76, 27.58823364, 96.25821850,   2.6
151,  76, 27.56811530, 96.25698674,   2.6
152,  76, 27.54772318, 96.25573868,   2.6
153,  76, 27.52705357, 96.25447410,   2.6
154,  76, 27.50610269, 96.25319280,   2.6
155,  76, 27.48486671, 96.25189455,   2.6
156,  76, 27.46334176, 96.25057914,   2.6
157,  76, 27.44152389, 96.24924635,   2.6
158,  76, 27.41940914, 96.24789596,   2.6
159,  76, 27.39699345, 96.24652774,   2.6
160,  76, 27.37427274, 96.24514146,   2.6
161,  76, 27.35124285, 96.24373689,   2.6
162,  76, 27.32789958, 96.24231381,   2.6
163,  76, 27.30423868, 96.24087196,   2.7
164,  76, 27.28025580, 96.23941111,   2.7
165,  76, 27.25594659, 96.23793103,   2.7
166,  76, 27.23130659, 96.23643146,   2.7
167,  76, 27.20633132, 96.23491215,   2.7
168,  76, 27.18101620, 96.23337286,   2.7
169,  76, 27.15535663, 96.23181333,   2.7
170,  76, 27.12934790, 96.23023331,   2.7
171,  76, 27.10298528, 96.22863252,   2.7
172,  76, 27.07626396, 96.22701072,   2.7
173,  76, 27.04917904, 96.22536764,   2.7
174,  76, 27.02172560, 96.22370300,   2.7
175,  76, 26.99389862, 96.22201653,   2.7
176,  76, 26.96569302, 96.22030796,   2.7
177,  76, 26.93710365, 96.21857701,   2.7
178,  76, 26.90812529, 96.21682339,   2.7
179,  76, 26.87875266, 96.21504682,   2.7
180,  76, 26.84898039, 96.21324702,   2.7
181,  76, 26.81880306, 96.21142368,   2.7
182,  76, 26.78821515, 96.20957652,   2.7
183,  76, 26.75721109, 96.20770524,   2.7
184,  76, 26.72578522, 96.20580953,   2.7
185,  76, 26.69393180, 96.20388908,   2.7
186,  76, 26.66164502, 96.20194360,   2.7
187,  76, 26.62891900, 96.19997275,   2.7
188,  76, 26.59574776, 96.19797624,   2.7
189,  76, 26.56212526, 96.19595374,   2.7
190,  76, 26.52804536, 96.19390492,   2.7
191,  76, 26.49350185, 96.19182946,   2.7
  1,  77, 28.86948927, 96.33457246,  99.9
  2,  77, 28.86680637, 96.33436295,  99.9
  3,  77, 28.86408696, 96.33415059,  99.9
  4,  77, 28.86133055, 96.33393536,  99.9
  5,  77, 28.85853663, 96.33371721,  99.9
  6,  77, 28.85570470, 96.33349611,  99.9
  7,  77, 28.85283423, 96.33327201,  99.9
  8,  77, 28.84992470, 96.33304487,  99.9
  9,  77, 28.84697558, 96.33281465,  99.9
 10,  77, 28.84398634, 96.33258131,  99.9
 11,  77, 28.84095641, 96.33234482,  99.9
 12,  77, 28.83788526, 96.33210512,  99.9
 13,  77, 28.83477233, 96.33186217,  99.9
 14,  77, 28.83161703, 96.33161593,  99.9
 15,  77, 28.82841880, 96.33136635,  99.9
 16,  77, 28.82517705, 96.33111340,  99.9
 17,  77, 28.82189119, 96.33085702,  99.9
 18,  77, 28.81856061, 96.33059716,  99.9
 19,  77, 28.81518472, 96.33033379,  99.9
 20,  77, 28.81176289, 96.33006685,  99.9
 21,  77, 28.80829450, 96.32979630,  99.9
 22,  77, 28.80477892, 96.32952208,  99.9
 23,  77, 28.80121550, 96.32924415,  99.9
 24,  77, 28.79760359, 96.32896246,  99.9
 25,  77, 28.79394253, 96.32867696,  99.9
 26,  77, 28.79023165, 96.32838759,  99.9
 27,  77, 28.78647028, 96.32809430,  99.9
 28,  77, 28.78265773, 96.32779704,  99.9
 29,  77, 28.77879330, 96.32749577,  99.9
 30,  77, 28.77487629, 96.32719041,  99.9
 31,  77, 28.77090597, 96.32688092,  99.9
 32,  77, 28.76688163, 96.32656725,  99.9
 33,  77, 28.76280253, 96.32624933,  99.9
 34,  77, 28.75866793, 96.32592711,  99.9
 35,  77, 28.75447706, 96.32560053,  99.9
 36,  77, 28.75022916, 96.32526954,  99.9
 37,  77, 28.74592347, 96.32493407,  99.9
 38,  77, 28.74155918, 96.32459406,  99.9
 39,  77, 28.73713551, 96.32424945,  99.9
 40,  77, 28.73265164, 96.32390018,  99.9
 41,  77, 28.72810676, 96.32354619,  99.9
 42,  77, 28.72350003, 96.32318742,  99.9
 43,  77, 28.71883062, 96.32282380,  99.9
 44,  77, 28.71409767, 96.32245526,  99.9
 45,  77, 28.70930032, 96.32208174,  99.9
 46,  77, 28.70443768, 96.32170317,  99.9
 47,  77, 28.69950888, 96.32131948,  99.9
 48,  77, 28.69451301, 96.32093062,  99.9
 49,  77, 28.68944915, 96.32053649,  99.9
 50,  77, 28.68431639, 96.32013705,  99.9
 51,  77, 28.67911379, 96.31973220,  99.9
 52,  77, 28.67384039, 96.31932189,  99.9
 53,  77, 28.66849523, 96.31890604,  99.9
 54,  77, 28.66307734, 96.31848457,  99.9
 55,  77, 28.65758572, 96.31805741,   4.0
 56,  77, 28.65201937, 96.31762449,   3.6
 57,  77, 28.64637728, 96.31718572,  99.9
 58,  77, 28.64065841, 96.31674102,   3.7
 59,  77, 28.63486172, 96.31629033,   3.7
 60,  77, 28.62898616, 96.31583355,   3.6
 61,  77, 28.62303063, 96.31537061,   3.6
 62,  77, 28.61699407, 96.31490142,   3.5
 63,  77, 28.61087536, 96.31442590,   3.5
 64,  77, 28.60467339, 96.31394397,   3.4
 65,  77, 28.59838703, 96.31345553,   3.4
 66,  77, 28.59201512, 96.31296051,   3.4
 67,  77, 28.58555650, 96.31245882,   3.3
 68,  77, 28.57901000, 96.31195036,   3.3
 69,  77, 28.57237441, 96.31143504,   3.3
 70,  77, 28.56564852, 96.31091278,   3.3
 71,  77, 28.55883111, 96.31038348,   3.3
 72,  77, 28.55192093, 96.30984704,   3.3
 73,  77, 28.54491671, 96.30930338,   3.3
 74,  77, 28.53781718, 96.30875239,   3.3
 75,  77, 28.53062104, 96.30819398,   3.2
 76,  77, 28.52332697, 96.30762805,   3.2
 77,  77, 28.51593365, 96.30705450,   3.2
 78,  77, 28.50843972, 96.30647322,   3.2
 79,  77, 28.50084381, 96.30588412,   3.2
 80,  77, 28.49314453, 96.30528708,   3.2
 81,  77, 28.48534049, 96.30468201,   3.2
 82,  77, 28.47743024, 96.30406880,   3.3
 83,  77, 28.46941235, 96.30344733,   3.3
 84,  77, 28.46128535, 96.30281751,   3.3
 85,  77, 28.45304776, 96.30217921,  99.9
 86,  77, 28.44469806, 96.30153232,  99.9
 87,  77, 28.43623475, 96.30087674,   4.0
 88,  77, 28.42765626, 96.30021234,   3.9
 89,  77, 28.41896103, 96.29953901,   3.9
 90,  77, 28.41014748, 96.29885663,   3.8
 91,  77, 28.40121399, 96.29816507,   3.8
 92,  77, 28.39215893, 96.29746423,   3.7
 93,  77, 28.38298065, 96.29675396,   3.7
 94,  77, 28.37367747, 96.29603416,   3.6
 95,  77, 28.36424768, 96.29530469,   3.6
 96,  77, 28.35468957, 96.29456543,   3.6
 97,  77, 28.34500139, 96.29381624,   3.5
 98,  77, 28.33518137, 96.29305699,   3.5
 99,  77, 28.32522771, 96.29228755,   3.5
100,  77, 28.31513860, 96.29150779,   3.4
101,  77, 28.30491220, 96.29071757,   3.4
102,  77, 28.29454663, 96.28991674,   3.4
103,  77, 28.28404000, 96.28910518,   3.3
104,  77, 28.27339038, 96.28828274,   3.3
105,  77, 28.26259585, 96.28744926,   3.3
106,  77, 28.25165441, 96.28660462,   3.3
107,  77, 28.24056408, 96.28574866,   3.2
108,  77, 28.22932283, 96.28488123,   3.2
109,  77, 28.21792860, 96.28400219,   3.2
110,  77, 28.20637931, 96.28311137,   3.2
111,  77, 28.19467285, 96.28220862,   3.1
112,  77, 28.18280708, 96.28129379,   3.1
113,  77, 28.17077984, 96.28036671,   3.1
114,  77, 28.15858892, 96.27942723,   3.1
115,  77, 28.14623210, 96.27847518,   3.0
116,  77, 28.13370712, 96.27751040,   3.0
117,  77, 28.12101169, 96.27653271,   3.0
118,  77, 28.10814349, 96.27554196,   3.0
119,  77, 28.09510018, 96.27453796,   3.0
120,  77, 28.08187936, 96.27352055,   2.9
121,  77, 28.06847863, 96.27248955,   2.9
122,  77, 28.05489553, 96.27144477,   2.9
123,  77, 28.04112758, 96.27038605,   2.9
124,  77, 28.02717227, 96.26931319,   2.8
125,  77, 28.01302704, 96.26822602,   2.8
126,  77, 27.99868932, 96.26712434,   2.8
127,  77, 27.98415647, 96.26600796,   2.8
128,  77, 27.96942586, 96.26487669,   2.8
129,  77, 27.95449478, 96.26373035,   2.8
130,  77, 27.93936051, 96.26256872,   2.7
131,  77, 27.92402028, 96.26139162,   2.7
132,  77, 27.90847129, 96.26019884,   2.7
133,  77, 27.89271070, 96.25899017,   2.7
134,  77, 27.87673562, 96.25776541,   2.7
135,  77, 27.86054315, 96.25652434,   2.7
136,  77, 27.84413032, 96.25526677,   2.7
137,  77, 27.82749413, 96.25399246,   2.7
138,  77, 27.81063155, 96.25270122,   2.7
139,  77, 27.79353949, 96.25139280,   2.6
140,  77, 27.77621483, 96.25006700,   2.6
141,  77, 27.75865441, 96.24872358,   2.6
142,  77, 27.74085501, 96.24736231,   2.6
143,  77, 27.72281339, 96.24598298,   2.6
144,  77, 27.70452625, 96.24458533,   2.6
145,  77, 27.68599025, 96.24316915,   2.6
146,  77, 27.66720200, 96.24173417,   2.6
147,  77, 27.64815807, 96.24028017,   2.6
148,  77, 27.62885498, 96.23880689,   2.6
149,  77, 27.60928921, 96.23731409,   2.6
150,  77, 27.58945718, 96.23580152,   2.6
151,  77, 27.56935526, 96.23426892,   2.6
152,  77, 27.54897980, 96.23271603,   2.6
153,  77, 27.52832705, 96.23114259,   2.6
154,  77, 27.50739326, 96.22954833,   2.6
155,  77, 27.48617460, 96.22793300,   2.6
156,  77, 27.46466719, 96.22629632,   2.6
157,  77, 27.44286710, 96.22463801,   2.6
158,  77, 27.42077036, 96.22295780,   2.6
159,  77, 27.39837292, 96.22125540,   2.6
160,  77, 27.37567070, 96.21953054,   2.6
161,  77, 27.35265955, 96.21778293,   2.6
162,  77, 27.32933527, 96.21601226,   2.6
163,  77, 27.30569360, 96.21421826,   2.7
164,  77, 27.28173021, 96.21240062,   2.7
165,  77, 27.25744074, 96.21055904,   2.7
166,  77, 27.23282075, 96.20869321,   2.7
167,  77, 27.20786575, 96.20680283,   2.7
168,  77, 27.18257117, 96.20488759,   2.7
169,  77, 27.15693240, 96.20294716,   2.7
170,  77, 27.13094475, 96.20098123,   2.7
171,  77, 27.10460349, 96.19898948,   2.7
172,  77, 27.07790380, 96.19697157,   2.7
173,  77, 27.05084081, 96.19492718,   2.7
174,  77, 27.02340958, 96.19285598,   2.7
175,  77, 26.99560510, 96.19075761,   2.7
176,  77, 26.96742230, 96.18863174,   2.7
177,  77, 26.93885602, 96.18647802,   2.7
178,  77, 26.90990107, 96.18429611,   2.7
179,  77, 26.88055214, 96.18208564,   2.7
180,  77, 26.85080389, 96.17984626,   2.7
181,  77, 26.82065089, 96.17757760,   2.7
182,  77, 26.79008763, 96.17527929,   2.7
183,  77, 26.75910854, 96.17295097,   2.7
184,  77, 26.72770797, 96.17059226,   2.7
185,  77, 26.69588018, 96.16820277,   2.7
186,  77, 26.66361937, 96.16578213,   2.7
187,  77, 26.63091965, 96.16332993,   2.7
188,  77, 26.59777506, 96.16084580,   2.7
189,  77, 26.56417955, 96.15832933,   2.7
190,  77, 26.53012700, 96.15578012,   2.7
191,  77, 26.49561119, 96.15319776,   2.7
  1,  78, 28.86969044, 96.33154685,  99.9
  2,  78, 28.86701027, 96.33129624,  99.9
  3,  78, 28.86429363, 96.33104224,  99.9
  4,  78, 28.86154003, 96.33078480,  99.9
  5,  78, 28.85874895, 96.33052387,  99.9
  6,  78, 28.85591990, 96.33025940,  99.9
  7,  78, 28.85305235, 96.32999135,  99.9
  8,  78, 28.85014579, 96.32971966,  99.9
  9,  78, 28.84719967, 96.32944430,  99.9
 10,  78, 28.84421347, 96.32916520,  99.9
 11,  78, 28.84118663, 96.32888232,  99.9
 12,  78, 28.83811861, 96.32859561,  99.9
 13,  78, 28.83500884, 96.32830502,  99.9
 14,  78, 28.83185675, 96.32801048,  99.9
 15,  78, 28.82866177, 96.32771196,  99.9
 16,  78, 28.82542332, 96.32740940,  99.9
 17,  78, 28.82214080, 96.32710274,  99.9
 18,  78, 28.81881362, 96.32679192,  99.9
 19,  78, 28.81544116, 96.32647689,  99.9
 20,  78, 28.81202282, 96.32615760,  99.9
 21,  78, 28.80855795, 96.32583399,  99.9
 22,  78, 28.80504595, 96.32550599,  99.9
 23,  78, 28.80148615, 96.32517356,  99.9
 24,  78, 28.79787791, 96.32483662,  99.9
 25,  78, 28.79422058, 96.32449512,  99.9
 26,  78, 28.79051348, 96.32414900,  99.9
 27,  78, 28.78675593, 96.32379820,  99.9
 28,  78, 28.78294726, 96.32344264,  99.9
 29,  78, 28.77908675, 96.32308228,  99.9
 30,  78, 28.77517372, 96.32271704,  99.9
 31,  78, 28.77120744, 96.32234685,  99.9
 32,  78, 28.76718719, 96.32197166,  99.9
 33,  78, 28.76311224, 96.32159139,  99.9
 34,  78, 28.75898184, 96.32120598,  99.9
 35,  78, 28.75479523, 96.32081535,  99.9
 36,  78, 28.75055165, 96.32041944,  99.9
 37,  78, 28.74625033, 96.32001818,  99.9
 38,  78, 28.74189048, 96.31961149,  99.9
 39,  78, 28.73747130, 96.31919929,  99.9
 40,  78, 28.73299198, 96.31878153,  99.9
 41,  78, 28.72845172, 96.31835812,  99.9
 42,  78, 28.72384967, 96.31792898,  99.9
 43,  78, 28.71918500, 96.31749404,  99.9
 44,  78, 28.71445686, 96.31705322,  99.9
 45,  78, 28.70966438, 96.31660645,  99.9
 46,  78, 28.70480668, 96.31615364,  99.9
 47,  78, 28.69988288, 96.31569470,  99.9
 48,  78, 28.69489208, 96.31522957,  99.9
 49,  78, 28.68983337, 96.31475815,  99.9
 50,  78, 28.68470581, 96.31428037,  99.9
 51,  78, 28.67950849, 96.31379613,   4.4
 52,  78, 28.67424044, 96.31330535,   4.3
 53,  78, 28.66890071, 96.31280794,   4.1
 54,  78, 28.66348831, 96.31230381,   4.1
 55,  78, 28.65800226, 96.31179288,   4.0
 56,  78, 28.65244156, 96.31127504,  99.9
 57,  78, 28.64680519, 96.31075022,  99.9
 58,  78, 28.64109212, 96.31021831,   3.7
 59,  78, 28.63530131, 96.30967923,   3.6
 60,  78, 28.62943170, 96.30913287,   3.6
 61,  78, 28.62348222, 96.30857913,   3.5
 62,  78, 28.61745178, 96.30801792,   3.5
 63,  78, 28.61133927, 96.30744915,   3.4
 64,  78, 28.60514359, 96.30687270,   3.4
 65,  78, 28.59886359, 96.30628847,   3.4
 66,  78, 28.59249814, 96.30569637,   3.4
 67,  78, 28.58604606, 96.30509628,   3.3
 68,  78, 28.57950619, 96.30448810,   3.3
 69,  78, 28.57287732, 96.30387172,   3.3
 70,  78, 28.56615825, 96.30324703,   3.3
 71,  78, 28.55934774, 96.30261392,   3.3
 72,  78, 28.55244455, 96.30197228,   3.3
 73,  78, 28.54544743, 96.30132199,   3.3
 74,  78, 28.53835509, 96.30066294,   3.3
 75,  78, 28.53116623, 96.29999502,   3.3
 76,  78, 28.52387955, 96.29931809,   3.2
 77,  78, 28.51649370, 96.29863205,   3.2
 78,  78, 28.50900735, 96.29793677,   3.2
 79,  78, 28.50141913, 96.29723213,   3.2
 80,  78, 28.49372764, 96.29651801,   3.3
 81,  78, 28.48593148, 96.29579427,   3.3
 82,  78, 28.47802924, 96.29506079,   3.3
 83,  78, 28.47001945, 96.29431744,   3.3
 84,  78, 28.46190067, 96.29356409,   3.4
 85,  78, 28.45367140, 96.29280061,  99.9
 86,  78, 28.44533015, 96.29202686,   4.0
 87,  78, 28.43687538, 96.29124270,   3.9
 88,  78, 28.42830556, 96.29044800,   3.9
 89,  78, 28.41961912, 96.28964261,   3.8
 90,  78, 28.41081447, 96.28882640,   3.8
 91,  78, 28.40189000, 96.28799921,   3.7
 92,  78, 28.39284408, 96.28716092,   3.7
 93,  78, 28.38367506, 96.28631136,   3.7
 94,  78, 28.37438127, 96.28545039,   3.6
 95,  78, 28.36496100, 96.28457785,   3.6
 96,  78, 28.35541253, 96.28369360,   3.5
 97,  78, 28.34573412, 96.28279747,   3.5
 98,  78, 28.33592401, 96.28188932,   3.5
 99,  78, 28.32598039, 96.28096898,   3.5
100,  78, 28.31590145, 96.28003629,   3.4
101,  78, 28.30568535, 96.27909108,   3.4
102,  78, 28.29533023, 96.27813320,   3.4
103,  78, 28.28483419, 96.27716247,   3.3
104,  78, 28.27419530, 96.27617872,   3.3
105,  78, 28.26341164, 96.27518179,   3.3
106,  78, 28.25248123, 96.27417149,   3.3
107,  78, 28.24140206, 96.27314766,   3.2
108,  78, 28.23017212, 96.27211011,   3.2
109,  78, 28.21878936, 96.27105866,   3.2
110,  78, 28.20725169, 96.26999312,   3.2
111,  78, 28.19555701, 96.26891333,   3.1
112,  78, 28.18370318, 96.26781907,   3.1
113,  78, 28.17168803, 96.26671017,   3.1
114,  78, 28.15950937, 96.26558644,   3.1
115,  78, 28.14716497, 96.26444767,   3.0
116,  78, 28.13465257, 96.26329367,   3.0
117,  78, 28.12196990, 96.26212423,   3.0
118,  78, 28.10911463, 96.26093917,   3.0
119,  78, 28.09608442, 96.25973826,   2.9
120,  78, 28.08287687, 96.25852131,   2.9
121,  78, 28.06948959, 96.25728810,   2.9
122,  78, 28.05592012, 96.25603842,   2.9
123,  78, 28.04216599, 96.25477206,   2.9
124,  78, 28.02822467, 96.25348878,   2.8
125,  78, 28.01409363, 96.25218839,   2.8
126,  78, 27.99977028, 96.25087064,   2.8
127,  78, 27.98525201, 96.24953531,   2.8
128,  78, 27.97053615, 96.24818218,   2.8
129,  78, 27.95562003, 96.24681100,   2.8
130,  78, 27.94050092, 96.24542155,   2.7
131,  78, 27.92517605, 96.24401359,   2.7
132,  78, 27.90964262, 96.24258687,   2.7
133,  78, 27.89389780, 96.24114115,   2.7
134,  78, 27.87793871, 96.23967618,   2.7
135,  78, 27.86176243, 96.23819171,   2.7
136,  78, 27.84536601, 96.23668749,   2.7
137,  78, 27.82874645, 96.23516326,   2.7
138,  78, 27.81190072, 96.23361876,   2.6
139,  78, 27.79482574, 96.23205373,   2.6
140,  78, 27.77751838, 96.23046790,   2.6
141,  78, 27.75997549, 96.22886100,   2.6
142,  78, 27.74219386, 96.22723276,   2.6
143,  78, 27.72417024, 96.22558290,   2.6
144,  78, 27.70590133, 96.22391114,   2.6
145,  78, 27.68738381, 96.22221719,   2.6
146,  78, 27.66861429, 96.22050078,   2.6
147,  78, 27.64958934, 96.21876160,   2.6
148,  78, 27.63030548, 96.21699938,   2.6
149,  78, 27.61075919, 96.21521380,   2.6
150,  78, 27.59094690, 96.21340457,   2.6
151,  78, 27.57086498, 96.21157138,   2.6
152,  78, 27.55050978, 96.20971392,   2.6
153,  78, 27.52987758, 96.20783188,   2.6
154,  78, 27.50896460, 96.20592495,   2.6
155,  78, 27.48776702, 96.20399281,   2.6
156,  78, 27.46628097, 96.20203512,   2.6
157,  78, 27.44450253, 96.20005157,   2.6
158,  78, 27.42242772, 96.19804182,   2.6
159,  78, 27.40005250, 96.19600554,   2.6
160,  78, 27.37737280, 96.19394238,   2.6
161,  78, 27.35438446, 96.19185200,   2.6
162,  78, 27.33108329, 96.18973406,   2.6
163,  78, 27.30746503, 96.18758820,   2.7
164,  78, 27.28352538, 96.18541406,   2.7
165,  78, 27.25925995, 96.18321129,   2.7
166,  78, 27.23466432, 96.18097952,   2.7
167,  78, 27.20973399, 96.17871838,   2.7
168,  78, 27.18446441, 96.17642750,   2.7
169,  78, 27.15885097, 96.17410649,   2.7
170,  78, 27.13288900, 96.17175499,   2.7
171,  78, 27.10657374, 96.16937259,   2.7
172,  78, 27.07990039, 96.16695891,   2.7
173,  78, 27.05286410, 96.16451355,   2.7
174,  78, 27.02545991, 96.16203611,   2.7
175,  78, 26.99768282, 96.15952619,   2.7
176,  78, 26.96952778, 96.15698337,   2.7
177,  78, 26.94098962, 96.15440724,   2.7
178,  78, 26.91206315, 96.15179738,   2.7
179,  78, 26.88274309, 96.14915337,   2.7
180,  78, 26.85302408, 96.14647477,   2.7
181,  78, 26.82290071, 96.14376115,   2.7
182,  78, 26.79236746, 96.14101207,   2.7
183,  78, 26.76141877, 96.13822709,   2.7
184,  78, 26.73004900, 96.13540576,   2.7
185,  78, 26.69825242, 96.13254761,   2.7
186,  78, 26.66602322, 96.12965220,   2.7
187,  78, 26.63335552, 96.12671905,   2.7
188,  78, 26.60024337, 96.12374770,   2.7
189,  78, 26.56668073, 96.12073767,   2.7
190,  78, 26.53266147, 96.11768847,   2.7
191,  78, 26.49817939, 96.11459962,   2.7
  1,  79, 28.86992752, 96.32852458,  99.9
  2,  79, 28.86725057, 96.32823293,  99.9
  3,  79, 28.86453719, 96.32793733,  99.9
  4,  79, 28.86178689, 96.32763773,  99.9
  5,  79, 28.85899917, 96.32733406,  99.9
  6,  79, 28.85617352, 96.32702628,  99.9
  7,  79, 28.85330942, 96.32671432,  99.9
  8,  79, 28.85040634, 96.32639814,  99.9
  9,  79, 28.84746376, 96.32607767,  99.9
 10,  79, 28.84448114, 96.32575287,  99.9
 11,  79, 28.84145794, 96.32542366,  99.9
 12,  79, 28.83839360, 96.32508999,  99.9
 13,  79, 28.83528756, 96.32475180,  99.9
 14,  79, 28.83213926, 96.32440903,  99.9
 15,  79, 28.82894812, 96.32406161,  99.9
 16,  79, 28.82571356, 96.32370949,  99.9
 17,  79, 28.82243498, 96.32335261,  99.9
 18,  79, 28.81911179, 96.32299088,  99.9
 19,  79, 28.81574338, 96.32262426,  99.9
 20,  79, 28.81232914, 96.32225268,  99.9
 21,  79, 28.80886843, 96.32187606,  99.9
 22,  79, 28.80536064, 96.32149434,  99.9
 23,  79, 28.80180511, 96.32110746,  99.9
 24,  79, 28.79820120, 96.32071534,  99.9
 25,  79, 28.79454826, 96.32031791,  99.9
 26,  79, 28.79084560, 96.31991510,  99.9
 27,  79, 28.78709257, 96.31950684,  99.9
 28,  79, 28.78328846, 96.31909305,  99.9
 29,  79, 28.77943259, 96.31867366,  99.9
 30,  79, 28.77552425, 96.31824860,  99.9
 31,  79, 28.77156273, 96.31781779,  99.9
 32,  79, 28.76754730, 96.31738115,  99.9
 33,  79, 28.76347723, 96.31693860,  99.9
 34,  79, 28.75935178, 96.31649006,  99.9
 35,  79, 28.75517019, 96.31603545,  99.9
 36,  79, 28.75093170, 96.31557470,  99.9
 37,  79, 28.74663553, 96.31510771,  99.9
 38,  79, 28.74228091, 96.31463441,  99.9
 39,  79, 28.73786702, 96.31415471,  99.9
 40,  79, 28.73339308, 96.31366852,  99.9
 41,  79, 28.72885826, 96.31317576,  99.9
 42,  79, 28.72426172, 96.31267634,  99.9
 43,  79, 28.71960264, 96.31217017,  99.9
 44,  79, 28.71488016, 96.31165715,  99.9
 45,  79, 28.71009342, 96.31113720,  99.9
 46,  79, 28.70524154, 96.31061022,  99.9
 47,  79, 28.70032364, 96.31007613,  99.9
 48,  79, 28.69533882, 96.30953481,  99.9
 49,  79, 28.69028616, 96.30898618,  99.9
 50,  79, 28.68516475, 96.30843014,  99.9
 51,  79, 28.67997365, 96.30786659,   4.3
 52,  79, 28.67471190, 96.30729543,   4.2
 53,  79, 28.66937856, 96.30671655,   4.1
 54,  79, 28.66397264, 96.30612985,   4.1
 55,  79, 28.65849316, 96.30553524,   4.0
 56,  79, 28.65293911, 96.30493259,   3.9
 57,  79, 28.64730949, 96.30432181,   3.8
 58,  79, 28.64160326, 96.30370278,   3.7
 59,  79, 28.63581937, 96.30307540,   3.6
 60,  79, 28.62995678, 96.30243955,   3.6
 61,  79, 28.62401441, 96.30179512,   3.5
 62,  79, 28.61799118, 96.30114200,   3.5
 63,  79, 28.61188599, 96.30048007,   3.5
 64,  79, 28.60569771, 96.29980920,   3.4
 65,  79, 28.59942522, 96.29912929,   3.4
 66,  79, 28.59306738, 96.29844020,   3.4
 67,  79, 28.58662302, 96.29774183,   3.4
 68,  79, 28.58009096, 96.29703404,   3.3
 69,  79, 28.57347001, 96.29631670,   3.3
 70,  79, 28.56675896, 96.29558970,   3.3
 71,  79, 28.55995659, 96.29485289,   3.3
 72,  79, 28.55306165, 96.29410616,   3.3
 73,  79, 28.54607288, 96.29334936,   3.3
 74,  79, 28.53898901, 96.29258237,   3.3
 75,  79, 28.53180874, 96.29180505,   3.3
 76,  79, 28.52453075, 96.29101725,   3.3
 77,  79, 28.51715373, 96.29021885,   3.3
 78,  79, 28.50967631, 96.28940969,   3.3
 79,  79, 28.50209714, 96.28858964,   3.3
 80,  79, 28.49441483, 96.28775855,   3.3
 81,  79, 28.48662798, 96.28691627,   3.3
 82,  79, 28.47873515, 96.28606266,   3.3
 83,  79, 28.47073492, 96.28519756,   3.4
 84,  79, 28.46262582, 96.28432082,   3.4
 85,  79, 28.45440637, 96.28343228,  99.9
 86,  79, 28.44607506, 96.28253180,   4.0
 87,  79, 28.43763037, 96.28161920,   3.9
 88,  79, 28.42907076, 96.28069434,   3.9
 89,  79, 28.42039467, 96.27975704,   3.8
 90,  79, 28.41160051, 96.27880714,   3.8
 91,  79, 28.40268667, 96.27784447,   3.7
 92,  79, 28.39365153, 96.27686887,   3.7
 93,  79, 28.38449343, 96.27588016,   3.6
 94,  79, 28.37521070, 96.27487817,   3.6
 95,  79, 28.36580164, 96.27386272,   3.6
 96,  79, 28.35626454, 96.27283364,   3.5
 97,  79, 28.34659765, 96.27179074,   3.5
 98,  79, 28.33679921, 96.27073384,   3.5
 99,  79, 28.32686742, 96.26966275,   3.4
100,  79, 28.31680047, 96.26857730,   3.4
101,  79, 28.30659652, 96.26747727,   3.4
102,  79, 28.29625371, 96.26636250,   3.4
103,  79, 28.28577014, 96.26523277,   3.3
104,  79, 28.27514390, 96.26408790,   3.3
105,  79, 28.26437306, 96.26292767,   3.3
106,  79, 28.25345563, 96.26175190,   3.3
107,  79, 28.24238962, 96.26056037,   3.2
108,  79, 28.23117302, 96.25935287,   3.2
109,  79, 28.21980377, 96.25812921,   3.2
110,  79, 28.20827980, 96.25688915,   3.2
111,  79, 28.19659900, 96.25563249,   3.1
112,  79, 28.18475923, 96.25435900,   3.1
113,  79, 28.17275833, 96.25306847,   3.1
114,  79, 28.16059412, 96.25176068,   3.1
115,  79, 28.14826436, 96.25043539,   3.0
116,  79, 28.13576680, 96.24909237,   3.0
117,  79, 28.12309916, 96.24773139,   3.0
118,  79, 28.11025912, 96.24635222,   3.0
119,  79, 28.09724434, 96.24495461,   2.9
120,  79, 28.08405245, 96.24353833,   2.9
121,  79, 28.07068102, 96.24210313,   2.9
122,  79, 28.05712761, 96.24064876,   2.9
123,  79, 28.04338976, 96.23917497,   2.9
124,  79, 28.02946494, 96.23768150,   2.8
125,  79, 28.01535061, 96.23616811,   2.8
126,  79, 28.00104421, 96.23463452,   2.8
127,  79, 27.98654310, 96.23308047,   2.8
128,  79, 27.97184464, 96.23150570,   2.8
129,  79, 27.95694614, 96.22990993,   2.7
130,  79, 27.94184489, 96.22829289,   2.7
131,  79, 27.92653812, 96.22665431,   2.7
132,  79, 27.91102304, 96.22499390,   2.7
133,  79, 27.89529681, 96.22331137,   2.7
134,  79, 27.87935655, 96.22160645,   2.7
135,  79, 27.86319936, 96.21987883,   2.7
136,  79, 27.84682228, 96.21812822,   2.7
137,  79, 27.83022232, 96.21635433,   2.7
138,  79, 27.81339644, 96.21455684,   2.6
139,  79, 27.79634158, 96.21273546,   2.6
140,  79, 27.77905461, 96.21088987,   2.6
141,  79, 27.76153238, 96.20901977,   2.6
142,  79, 27.74377169, 96.20712482,   2.6
143,  79, 27.72576928, 96.20520471,   2.6
144,  79, 27.70752187, 96.20325912,   2.6
145,  79, 27.68902613, 96.20128771,   2.6
146,  79, 27.67027868, 96.19929015,   2.6
147,  79, 27.65127609, 96.19726610,   2.6
148,  79, 27.63201489, 96.19521521,   2.6
149,  79, 27.61249156, 96.19313716,   2.6
150,  79, 27.59270253, 96.19103157,   2.6
151,  79, 27.57264420, 96.18889810,   2.6
152,  79, 27.55231288, 96.18673639,   2.6
153,  79, 27.53170488, 96.18454608,   2.6
154,  79, 27.51081642, 96.18232679,   2.6
155,  79, 27.48964369, 96.18007815,   2.6
156,  79, 27.46818281, 96.17779979,   2.6
157,  79, 27.44642988, 96.17549133,   2.6
158,  79, 27.42438092, 96.17315238,   2.6
159,  79, 27.40203189, 96.17078254,   2.6
160,  79, 27.37937872, 96.16838143,   2.6
161,  79, 27.35641727, 96.16594864,   2.6
162,  79, 27.33314334, 96.16348377,   2.6
163,  79, 27.30955268, 96.16098641,   2.6
164,  79, 27.28564099, 96.15845614,   2.7
165,  79, 27.26140389, 96.15589254,   2.7
166,  79, 27.23683696, 96.15329520,   2.7
167,  79, 27.21193572, 96.15066367,   2.7
168,  79, 27.18669561, 96.14799753,   2.7
169,  79, 27.16111202, 96.14529633,   2.7
170,  79, 27.13518029, 96.14255963,   2.7
171,  79, 27.10889568, 96.13978698,   2.7
172,  79, 27.08225338, 96.13697792,   2.7
173,  79, 27.05524854, 96.13413199,   2.7
174,  79, 27.02787622, 96.13124873,   2.7
175,  79, 27.00013142, 96.12832766,   2.7
176,  79, 26.97200909, 96.12536831,   2.7
177,  79, 26.94350407, 96.12237019,   2.7
178,  79, 26.91461118, 96.11933281,   2.7
179,  79, 26.88532513, 96.11625568,   2.7
180,  79, 26.85564059, 96.11313830,   2.7
181,  79, 26.82555212, 96.10998016,   2.7
182,  79, 26.79505424, 96.10678076,   2.7
183,  79, 26.76414139, 96.10353957,   2.7
184,  79, 26.73280791, 96.10025607,   2.7
185,  79, 26.70104810, 96.09692973,   2.7
186,  79, 26.66885616, 96.09356001,   2.7
187,  79, 26.63622620, 96.09014638,   2.7
188,  79, 26.60315229, 96.08668828,   2.7
189,  79, 26.56962838, 96.08318516,   2.7
190,  79, 26.53564836, 96.07963647,   2.7
191,  79, 26.50120602, 96.07604162,   2.7
  1,  80, 28.87020046, 96.32550622,  99.9
  2,  80, 28.86752722, 96.32517358,  99.9
  3,  80, 28.86481760, 96.32483643,  99.9
  4,  80, 28.86207111, 96.32449472,  99.9
  5,  80, 28.85928725, 96.32414837,  99.9
  6,  80, 28.85646550, 96.32379732,  99.9
  7,  80, 28.85360537, 96.32344152,  99.9
  8,  80, 28.85070631, 96.32308090,  99.9
  9,  80, 28.84776781, 96.32271539,  99.9
 10,  80, 28.84478932, 96.32234493,  99.9
 11,  80, 28.84177030, 96.32196945,  99.9
 12,  80, 28.83871020, 96.32158889,  99.9
 13,  80, 28.83560846, 96.32120316,  99.9
 14,  80, 28.83246452, 96.32081221,  99.9
 15,  80, 28.82927779, 96.32041597,  99.9
 16,  80, 28.82604770, 96.32001436,  99.9
 17,  80, 28.82277366, 96.31960731,  99.9
 18,  80, 28.81945507, 96.31919475,  99.9
 19,  80, 28.81609132, 96.31877660,  99.9
 20,  80, 28.81268180, 96.31835278,  99.9
 21,  80, 28.80922588, 96.31792323,  99.9
 22,  80, 28.80572294, 96.31748786,  99.9
 23,  80, 28.80217233, 96.31704660,  99.9
 24,  80, 28.79857341, 96.31659937,  99.9
 25,  80, 28.79492551, 96.31614608,  99.9
 26,  80, 28.79122798, 96.31568665,  99.9
 27,  80, 28.78748013, 96.31522101,  99.9
 28,  80, 28.78368128, 96.31474906,  99.9
 29,  80, 28.77983074, 96.31427073,  99.9
 30,  80, 28.77592781, 96.31378592,  99.9
 31,  80, 28.77197176, 96.31329455,  99.9
 32,  80, 28.76796188, 96.31279654,  99.9
 33,  80, 28.76389744, 96.31229179,  99.9
 34,  80, 28.75977769, 96.31178021,  99.9
 35,  80, 28.75560188, 96.31126170,  99.9
 36,  80, 28.75136924, 96.31073619,  99.9
 37,  80, 28.74707901, 96.31020357,  99.9
 38,  80, 28.74273040, 96.30966374,  99.9
 39,  80, 28.73832262, 96.30911662,  99.9
 40,  80, 28.73385486, 96.30856209,  99.9
 41,  80, 28.72932630, 96.30800007,  99.9
 42,  80, 28.72473611, 96.30743045,  99.9
 43,  80, 28.72008346, 96.30685313,  99.9
 44,  80, 28.71536751, 96.30626801,  99.9
 45,  80, 28.71058737, 96.30567498,  99.9
 46,  80, 28.70574219, 96.30507393,  99.9
 47,  80, 28.70083108, 96.30446476,  99.9
 48,  80, 28.69585314, 96.30384736,  99.9
 49,  80, 28.69080746, 96.30322162,  99.9
 50,  80, 28.68569311, 96.30258743,  99.9
 51,  80, 28.68050917, 96.30194466,  99.9
 52,  80, 28.67525469, 96.30129322,   4.2
 53,  80, 28.66992871, 96.30063298,   4.1
 54,  80, 28.66453025, 96.29996382,   4.0
 55,  80, 28.65905832, 96.29928562,   3.9
 56,  80, 28.65351194, 96.29859827,   3.8
 57,  80, 28.64789008, 96.29790164,   3.8
 58,  80, 28.64219171, 96.29719561,   3.7
 59,  80, 28.63641581, 96.29648004,   3.6
 60,  80, 28.63056130, 96.29575482,   3.6
 61,  80, 28.62462712, 96.29501981,   3.5
 62,  80, 28.61861219, 96.29427489,   3.5
 63,  80, 28.61251541, 96.29351991,   3.5
 64,  80, 28.60633566, 96.29275475,   3.4
 65,  80, 28.60007182, 96.29197927,   3.4
 66,  80, 28.59372274, 96.29119333,   3.4
 67,  80, 28.58728725, 96.29039679,   3.4
 68,  80, 28.58076419, 96.28958952,   3.4
 69,  80, 28.57415236, 96.28877135,   3.4
 70,  80, 28.56745056, 96.28794216,   3.4
 71,  80, 28.56065756, 96.28710180,   3.4
 72,  80, 28.55377211, 96.28625010,   3.3
 73,  80, 28.54679296, 96.28538693,   3.3
 74,  80, 28.53971884, 96.28451213,   3.3
 75,  80, 28.53254845, 96.28362555,   3.3
 76,  80, 28.52528048, 96.28272702,   3.3
 77,  80, 28.51791360, 96.28181639,   3.3
 78,  80, 28.51044648, 96.28089350,   3.3
 79,  80, 28.50287773, 96.27995818,   3.3
 80,  80, 28.49520599, 96.27901027,   3.3
 81,  80, 28.48742984, 96.27804961,   3.4
 82,  80, 28.47954787, 96.27707601,   3.4
 83,  80, 28.47155864, 96.27608931,   3.4
 84,  80, 28.46346068, 96.27508934,  99.9
 85,  80, 28.45525252, 96.27407591,   4.0
 86,  80, 28.44693266, 96.27304885,   4.0
 87,  80, 28.43849958, 96.27200798,   3.9
 88,  80, 28.42995173, 96.27095311,   3.8
 89,  80, 28.42128756, 96.26988406,   3.8
 90,  80, 28.41250547, 96.26880065,   3.8
 91,  80, 28.40360387, 96.26770267,   3.7
 92,  80, 28.39458113, 96.26658993,   3.7
 93,  80, 28.38543561, 96.26546225,   3.6
 94,  80, 28.37616562, 96.26431941,   3.6
 95,  80, 28.36676947, 96.26316123,   3.6
 96,  80, 28.35724545, 96.26198750,   3.5
 97,  80, 28.34759183, 96.26079800,   3.5
 98,  80, 28.33780682, 96.25959254,   3.5
 99,  80, 28.32788865, 96.25837090,   3.4
100,  80, 28.31783550, 96.25713287,   3.4
101,  80, 28.30764554, 96.25587822,   3.4
102,  80, 28.29731690, 96.25460675,   3.3
103,  80, 28.28684770, 96.25331822,   3.3
104,  80, 28.27623602, 96.25201242,   3.3
105,  80, 28.26547992, 96.25068911,   3.3
106,  80, 28.25457744, 96.24934806,   3.2
107,  80, 28.24352659, 96.24798905,   3.2
108,  80, 28.23232534, 96.24661182,   3.2
109,  80, 28.22097165, 96.24521614,   3.2
110,  80, 28.20946345, 96.24380178,   3.1
111,  80, 28.19779863, 96.24236847,   3.1
112,  80, 28.18597505, 96.24091598,   3.1
113,  80, 28.17399057, 96.23944404,   3.1
114,  80, 28.16184298, 96.23795241,   3.0
115,  80, 28.14953007, 96.23644083,   3.0
116,  80, 28.13704959, 96.23490903,   3.0
117,  80, 28.12439926, 96.23335674,   3.0
118,  80, 28.11157676, 96.23178370,   3.0
119,  80, 28.09857976, 96.23018964,   2.9
120,  80, 28.08540587, 96.22857427,   2.9
121,  80, 28.07205269, 96.22693732,   2.9
122,  80, 28.05851778, 96.22527851,   2.9
123,  80, 28.04479867, 96.22359755,   2.8
124,  80, 28.03089284, 96.22189415,   2.8
125,  80, 28.01679777, 96.22016802,   2.8
126,  80, 28.00251086, 96.21841885,   2.8
127,  80, 27.98802952, 96.21664635,   2.8
128,  80, 27.97335108, 96.21485021,   2.8
129,  80, 27.95847289, 96.21303013,   2.7
130,  80, 27.94339220, 96.21118578,   2.7
131,  80, 27.92810627, 96.20931686,   2.7
132,  80, 27.91261230, 96.20742304,   2.7
133,  80, 27.89690747, 96.20550400,   2.7
134,  80, 27.88098890, 96.20355941,   2.7
135,  80, 27.86485368, 96.20158893,   2.7
136,  80, 27.84849886, 96.19959224,   2.7
137,  80, 27.83192147, 96.19756898,   2.6
138,  80, 27.81511845, 96.19551882,   2.6
139,  80, 27.79808676, 96.19344140,   2.6
140,  80, 27.78082326, 96.19133637,   2.6
141,  80, 27.76332482, 96.18920337,   2.6
142,  80, 27.74558823, 96.18704204,   2.6
143,  80, 27.72761024, 96.18485201,   2.6
144,  80, 27.70938758, 96.18263292,   2.6
145,  80, 27.69091692, 96.18038437,   2.6
146,  80, 27.67219488, 96.17810600,   2.6
147,  80, 27.65321803, 96.17579742,   2.6
148,  80, 27.63398292, 96.17345823,   2.6
149,  80, 27.61448603, 96.17108804,   2.6
150,  80, 27.59472379, 96.16868646,   2.6
151,  80, 27.57469259, 96.16625307,   2.6
152,  80, 27.55438877, 96.16378747,   2.6
153,  80, 27.53380863, 96.16128924,   2.6
154,  80, 27.51294840, 96.15875796,   2.6
155,  80, 27.49180428, 96.15619322,   2.6
156,  80, 27.47037239, 96.15359457,   2.6
157,  80, 27.44864883, 96.15096158,   2.6
158,  80, 27.42662962, 96.14829381,   2.6
159,  80, 27.40431074, 96.14559082,   2.6
160,  80, 27.38168812, 96.14285216,   2.6
161,  80, 27.35875762, 96.14007736,   2.6
162,  80, 27.33551505, 96.13726598,   2.6
163,  80, 27.31195617, 96.13441753,   2.6
164,  80, 27.28807667, 96.13153154,   2.6
165,  80, 27.26387219, 96.12860755,   2.7
166,  80, 27.23933831, 96.12564506,   2.7
167,  80, 27.21447055, 96.12264358,   2.7
168,  80, 27.18926436, 96.11960261,   2.7
169,  80, 27.16371515, 96.11652166,   2.7
170,  80, 27.13781824, 96.11340022,   2.7
171,  80, 27.11156891, 96.11023777,   2.7
172,  80, 27.08496236, 96.10703380,   2.7
173,  80, 27.05799373, 96.10378777,   2.7
174,  80, 27.03065810, 96.10049915,   2.7
175,  80, 27.00295048, 96.09716742,   2.7
176,  80, 26.97486580, 96.09379201,   2.7
177,  80, 26.94639894, 96.09037239,   2.7
178,  80, 26.91754471, 96.08690798,   2.7
179,  80, 26.88829782, 96.08339824,   2.7
180,  80, 26.85865295, 96.07984259,   2.7
181,  80, 26.82860467, 96.07624044,   2.7
182,  80, 26.79814752, 96.07259123,   2.7
183,  80, 26.76727591, 96.06889435,   2.7
184,  80, 26.73598423, 96.06514922,   2.7
185,  80, 26.70426676, 96.06135521,   2.7
186,  80, 26.67211770, 96.05751174,   2.7
187,  80, 26.63953120, 96.05361817,   2.7
188,  80, 26.60650131, 96.04967388,   2.7
189,  80, 26.57302199, 96.04567824,   2.7
190,  80, 26.53908714, 96.04163061,   2.7
191,  80, 26.50469056, 96.03753034,   2.7
  1,  81, 28.87050922, 96.32249231,  99.9
  2,  81, 28.86784017, 96.32211874,  99.9
  3,  81, 28.86513480, 96.32174010,  99.9
  4,  81, 28.86239262, 96.32135634,  99.9
  5,  81, 28.85961312, 96.32096737,  99.9
  6,  81, 28.85679581, 96.32057313,  99.9
  7,  81, 28.85394015, 96.32017355,  99.9
  8,  81, 28.85104564, 96.31976855,  99.9
  9,  81, 28.84811175, 96.31935807,  99.9
 10,  81, 28.84513793, 96.31894202,  99.9
 11,  81, 28.84212364, 96.31852034,  99.9
 12,  81, 28.83906834, 96.31809294,  99.9
 13,  81, 28.83597146, 96.31765975,  99.9
 14,  81, 28.83283245, 96.31722070,  99.9
 15,  81, 28.82965072, 96.31677569,  99.9
 16,  81, 28.82642569, 96.31632466,  99.9
 17,  81, 28.82315678, 96.31586753,  99.9
 18,  81, 28.81984339, 96.31540420,  99.9
 19,  81, 28.81648491, 96.31493459,  99.9
 20,  81, 28.81308074, 96.31445863,  99.9
 21,  81, 28.80963023, 96.31397622,  99.9
 22,  81, 28.80613278, 96.31348728,  99.9
 23,  81, 28.80258774, 96.31299172,  99.9
 24,  81, 28.79899445, 96.31248945,  99.9
 25,  81, 28.79535227, 96.31198038,  99.9
 26,  81, 28.79166053, 96.31146442,  99.9
 27,  81, 28.78791855, 96.31094148,  99.9
 28,  81, 28.78412565, 96.31041146,  99.9
 29,  81, 28.78028114, 96.30987426,  99.9
 30,  81, 28.77638432, 96.30932980,  99.9
 31,  81, 28.77243447, 96.30877797,  99.9
 32,  81, 28.76843087, 96.30821867,  99.9
 33,  81, 28.76437279, 96.30765181,  99.9
 34,  81, 28.76025949, 96.30707727,  99.9
 35,  81, 28.75609021, 96.30649497,  99.9
 36,  81, 28.75186421, 96.30590479,  99.9
 37,  81, 28.74758069, 96.30530662,  99.9
 38,  81, 28.74323889, 96.30470037,  99.9
 39,  81, 28.73883800, 96.30408592,  99.9
 40,  81, 28.73437723, 96.30346316,  99.9
 41,  81, 28.72985575, 96.30283198,  99.9
 42,  81, 28.72527275, 96.30219226,  99.9
 43,  81, 28.72062738, 96.30154390,  99.9
 44,  81, 28.71591880, 96.30088678,  99.9
 45,  81, 28.71114614, 96.30022077,  99.9
 46,  81, 28.70630854, 96.29954576,  99.9
 47,  81, 28.70140511, 96.29886163,   4.2
 48,  81, 28.69643495, 96.29816826,   4.2
 49,  81, 28.69139716, 96.29746551,  99.9
 50,  81, 28.68629081, 96.29675328,  99.9
 51,  81, 28.68111498, 96.29603142,   4.2
 52,  81, 28.67586871, 96.29529981,   4.1
 53,  81, 28.67055105, 96.29455832,   4.1
 54,  81, 28.66516102, 96.29380682,   4.0
 55,  81, 28.65969765, 96.29304517,   3.9
 56,  81, 28.65415993, 96.29227323,   3.8
 57,  81, 28.64854686, 96.29149088,   3.8
 58,  81, 28.64285739, 96.29069796,   3.7
 59,  81, 28.63709051, 96.28989434,   3.6
 60,  81, 28.63124515, 96.28907988,   3.6
 61,  81, 28.62532024, 96.28825442,   3.5
 62,  81, 28.61931470, 96.28741783,   3.5
 63,  81, 28.61322744, 96.28656995,   3.5
 64,  81, 28.60705734, 96.28571063,   3.5
 65,  81, 28.60080327, 96.28483972,   3.5
 66,  81, 28.59446410, 96.28395706,   3.5
 67,  81, 28.58803866, 96.28306250,   3.4
 68,  81, 28.58152577, 96.28215588,   3.4
 69,  81, 28.57492426, 96.28123704,   3.4
 70,  81, 28.56823291, 96.28030581,   3.4
 71,  81, 28.56145050, 96.27936202,   3.4
 72,  81, 28.55457580, 96.27840552,   3.4
 73,  81, 28.54760753, 96.27743613,   3.4
 74,  81, 28.54054444, 96.27645368,   3.4
 75,  81, 28.53338523, 96.27545799,   3.4
 76,  81, 28.52612859, 96.27444889,   3.3
 77,  81, 28.51877320, 96.27342620,   3.3
 78,  81, 28.51131771, 96.27238974,   3.3
 79,  81, 28.50376076, 96.27133932,   3.4
 80,  81, 28.49610096, 96.27027476,   3.4
 81,  81, 28.48833693, 96.26919587,   3.4
 82,  81, 28.48046724, 96.26810246,   3.4
 83,  81, 28.47249045, 96.26699434,   3.4
 84,  81, 28.46440510, 96.26587130,   4.0
 85,  81, 28.45620972, 96.26473316,   4.0
 86,  81, 28.44790281, 96.26357971,   3.9
 87,  81, 28.43948285, 96.26241075,   3.9
 88,  81, 28.43094830, 96.26122607,   3.8
 89,  81, 28.42229761, 96.26002546,   3.8
 90,  81, 28.41352919, 96.25880871,   3.7
 91,  81, 28.40464144, 96.25757561,   3.7
 92,  81, 28.39563273, 96.25632594,   3.7
 93,  81, 28.38650142, 96.25505948,   3.6
 94,  81, 28.37724584, 96.25377601,   3.6
 95,  81, 28.36786430, 96.25247529,   3.5
 96,  81, 28.35835509, 96.25115711,   3.5
 97,  81, 28.34871646, 96.24982123,   3.5
 98,  81, 28.33894666, 96.24846742,   3.5
 99,  81, 28.32904389, 96.24709544,   3.4
100,  81, 28.31900636, 96.24570505,   3.4
101,  81, 28.30883222, 96.24429600,   3.4
102,  81, 28.29851961, 96.24286805,   3.3
103,  81, 28.28806666, 96.24142095,   3.3
104,  81, 28.27747145, 96.23995445,   3.3
105,  81, 28.26673204, 96.23846828,   3.3
106,  81, 28.25584647, 96.23696220,   3.2
107,  81, 28.24481276, 96.23543593,   3.2
108,  81, 28.23362888, 96.23388921,   3.2
109,  81, 28.22229279, 96.23232177,   3.2
110,  81, 28.21080243, 96.23073334,   3.1
111,  81, 28.19915568, 96.22912364,   3.1
112,  81, 28.18735043, 96.22749239,   3.1
113,  81, 28.17538451, 96.22583931,   3.1
114,  81, 28.16325573, 96.22416411,   3.0
115,  81, 28.15096189, 96.22246649,   3.0
116,  81, 28.13850073, 96.22074617,   3.0
117,  81, 28.12586997, 96.21900284,   3.0
118,  81, 28.11306731, 96.21723621,   2.9
119,  81, 28.10009041, 96.21544596,   2.9
120,  81, 28.08693690, 96.21363179,   2.9
121,  81, 28.07360437, 96.21179338,   2.9
122,  81, 28.06009038, 96.20993042,   2.9
123,  81, 28.04639247, 96.20804258,   2.8
124,  81, 28.03250813, 96.20612954,   2.8
125,  81, 28.01843483, 96.20419096,   2.8
126,  81, 28.00416998, 96.20222652,   2.8
127,  81, 27.98971100, 96.20023587,   2.8
128,  81, 27.97505522, 96.19821867,   2.7
129,  81, 27.96019998, 96.19617458,   2.7
130,  81, 27.94514256, 96.19410324,   2.7
131,  81, 27.92988020, 96.19200430,   2.7
132,  81, 27.91441013, 96.18987740,   2.7
133,  81, 27.89872950, 96.18772217,   2.7
134,  81, 27.88283546, 96.18553825,   2.7
135,  81, 27.86672510, 96.18332525,   2.7
136,  81, 27.85039547, 96.18108281,   2.6
137,  81, 27.83384359, 96.17881054,   2.6
138,  81, 27.81706644, 96.17650805,   2.6
139,  81, 27.80006095, 96.17417494,   2.6
140,  81, 27.78282402, 96.17181083,   2.6
141,  81, 27.76535248, 96.16941530,   2.6
142,  81, 27.74764315, 96.16698796,   2.6
143,  81, 27.72969280, 96.16452839,   2.6
144,  81, 27.71149814, 96.16203616,   2.6
145,  81, 27.69305584, 96.15951086,   2.6
146,  81, 27.67436254, 96.15695207,   2.6
147,  81, 27.65541483, 96.15435934,   2.6
148,  81, 27.63620923, 96.15173224,   2.6
149,  81, 27.61674223, 96.14907032,   2.6
150,  81, 27.59701029, 96.14637315,   2.6
151,  81, 27.57700980, 96.14364025,   2.6
152,  81, 27.55673709, 96.14087117,   2.6
153,  81, 27.53618847, 96.13806545,   2.6
154,  81, 27.51536018, 96.13522261,   2.6
155,  81, 27.49424842, 96.13234218,   2.6
156,  81, 27.47284932, 96.12942368,   2.6
157,  81, 27.45115898, 96.12646660,   2.6
158,  81, 27.42917343, 96.12347047,   2.6
159,  81, 27.40688866, 96.12043478,   2.6
160,  81, 27.38430060, 96.11735902,   2.6
161,  81, 27.36140511, 96.11424268,   2.6
162,  81, 27.33819802, 96.11108524,   2.6
163,  81, 27.31467508, 96.10788618,   2.6
164,  81, 27.29083200, 96.10464496,   2.6
165,  81, 27.26666442, 96.10136105,   2.6
166,  81, 27.24216792, 96.09803390,   2.7
167,  81, 27.21733804, 96.09466296,   2.7
168,  81, 27.19217023, 96.09124768,   2.7
169,  81, 27.16665990, 96.08778749,   2.7
170,  81, 27.14080239, 96.08428182,   2.7
171,  81, 27.11459297, 96.08073009,   2.7
172,  81, 27.08802685, 96.07713173,   2.7
173,  81, 27.06109919, 96.07348613,   2.7
174,  81, 27.03380507, 96.06979270,   2.7
175,  81, 27.00613950, 96.06605084,   2.7
176,  81, 26.97809743, 96.06225993,   2.7
177,  81, 26.94967373, 96.05841936,   2.7
178,  81, 26.92086322, 96.05452850,   2.7
179,  81, 26.89166063, 96.05058671,   2.7
180,  81, 26.86206064, 96.04659336,   2.7
181,  81, 26.83205784, 96.04254780,   2.7
182,  81, 26.80164675, 96.03844936,   2.7
183,  81, 26.77082181, 96.03429740,   2.7
184,  81, 26.73957741, 96.03009123,   2.7
185,  81, 26.70790783, 96.02583017,   2.7
186,  81, 26.67580729, 96.02151355,   2.7
187,  81, 26.64326995, 96.01714067,   2.7
188,  81, 26.61028984, 96.01271082,   2.7
189,  81, 26.57686097, 96.00822330,   2.7
190,  81, 26.54297722, 96.00367739,   2.7
191,  81, 26.50863242, 95.99907235,   2.7
  1,  82, 28.87085374, 96.31948339,  99.9
  2,  82, 28.86818936, 96.31906895,  99.9
  3,  82, 28.86548874, 96.31864890,  99.9
  4,  82, 28.86275136, 96.31822316,  99.9
  5,  82, 28.85997674, 96.31779164,  99.9
  6,  82, 28.85716436, 96.31735428,  99.9
  7,  82, 28.85431371, 96.31691098,  99.9
  8,  82, 28.85142428, 96.31646169,  99.9
  9,  82, 28.84849552, 96.31600630,  99.9
 10,  82, 28.84552691, 96.31554474,  99.9
 11,  82, 28.84251791, 96.31507693,  99.9
 12,  82, 28.83946796, 96.31460278,  99.9
 13,  82, 28.83637651, 96.31412221,  99.9
 14,  82, 28.83324300, 96.31363513,  99.9
 15,  82, 28.83006684, 96.31314145,  99.9
 16,  82, 28.82684746, 96.31264108,  99.9
 17,  82, 28.82358428, 96.31213393,  99.9
 18,  82, 28.82027669, 96.31161992,  99.9
 19,  82, 28.81692410, 96.31109895,  99.9
 20,  82, 28.81352588, 96.31057092,  99.9
 21,  82, 28.81008142, 96.31003574,  99.9
 22,  82, 28.80659009, 96.30949331,  99.9
 23,  82, 28.80305125, 96.30894354,  99.9
 24,  82, 28.79946426, 96.30838633,  99.9
 25,  82, 28.79582846, 96.30782157,  99.9
 26,  82, 28.79214318, 96.30724917,  99.9
 27,  82, 28.78840775, 96.30666903,  99.9
 28,  82, 28.78462149, 96.30608102,  99.9
 29,  82, 28.78078371, 96.30548507,  99.9
 30,  82, 28.77689371, 96.30488104,  99.9
 31,  82, 28.77295077, 96.30426885,  99.9
 32,  82, 28.76895417, 96.30364837,  99.9
 33,  82, 28.76490319, 96.30301949,  99.9
 34,  82, 28.76079709, 96.30238211,  99.9
 35,  82, 28.75663511, 96.30173611,  99.9
 36,  82, 28.75241650, 96.30108137,  99.9
 37,  82, 28.74814047, 96.30041777,  99.9
 38,  82, 28.74380626, 96.29974520,  99.9
 39,  82, 28.73941307, 96.29906353,  99.9
 40,  82, 28.73496010, 96.29837264,  99.9
 41,  82, 28.73044653, 96.29767242,  99.9
 42,  82, 28.72587154, 96.29696272,  99.9
 43,  82, 28.72123430, 96.29624344,  99.9
 44,  82, 28.71653395, 96.29551443,  99.9
 45,  82, 28.71176963, 96.29477556,  99.9
 46,  82, 28.70694049, 96.29402671,  99.9
 47,  82, 28.70204562, 96.29326774,   4.2
 48,  82, 28.69708415, 96.29249852,   4.2
 49,  82, 28.69205516, 96.29171890,   4.2
 50,  82, 28.68695774, 96.29092875,  99.9
 51,  82, 28.68179095, 96.29012792,   4.1
 52,  82, 28.67655384, 96.28931628,   4.1
 53,  82, 28.67124547, 96.28849368,   4.0
 54,  82, 28.66586486, 96.28765997,   4.0
 55,  82, 28.66041103, 96.28681500,   3.9
 56,  82, 28.65488298, 96.28595862,   3.8
 57,  82, 28.64927970, 96.28509067,   3.8
 58,  82, 28.64360017, 96.28421102,   3.7
 59,  82, 28.63784336, 96.28331949,   3.6
 60,  82, 28.63200820, 96.28241592,   3.6
 61,  82, 28.62609363, 96.28150016,   3.6
 62,  82, 28.62009857, 96.28057205,   3.5
 63,  82, 28.61402193, 96.27963142,   3.5
 64,  82, 28.60786259, 96.27867809,   3.5
 65,  82, 28.60161944, 96.27771191,   3.5
 66,  82, 28.59529132, 96.27673269,   3.5
 67,  82, 28.58887709, 96.27574027,   3.5
 68,  82, 28.58237556, 96.27473447,   3.5
 69,  82, 28.57578556, 96.27371511,   3.5
 70,  82, 28.56910588, 96.27268200,   3.5
 71,  82, 28.56233529, 96.27163497,   3.5
 72,  82, 28.55547257, 96.27057383,   3.4
 73,  82, 28.54851645, 96.26949839,   3.4
 74,  82, 28.54146567, 96.26840846,   3.4
 75,  82, 28.53431893, 96.26730384,   3.4
 76,  82, 28.52707493, 96.26618435,   3.4
 77,  82, 28.51973235, 96.26504978,   3.4
 78,  82, 28.51228984, 96.26389993,   3.4
 79,  82, 28.50474605, 96.26273460,   3.4
 80,  82, 28.49709960, 96.26155357,   3.4
 81,  82, 28.48934908, 96.26035666,   3.4
 82,  82, 28.48149309, 96.25914363,   3.5
 83,  82, 28.47353018, 96.25791427,  99.9
 84,  82, 28.46545890, 96.25666838,   4.0
 85,  82, 28.45727778, 96.25540573,   4.0
 86,  82, 28.44898533, 96.25412609,   3.9
 87,  82, 28.44058001, 96.25282924,   3.9
 88,  82, 28.43206031, 96.25151495,   3.8
 89,  82, 28.42342466, 96.25018300,   3.8
 90,  82, 28.41467148, 96.24883313,   3.7
 91,  82, 28.40579918, 96.24746513,   3.7
 92,  82, 28.39680613, 96.24607874,   3.6
 93,  82, 28.38769069, 96.24467373,   3.6
 94,  82, 28.37845119, 96.24324984,   3.6
 95,  82, 28.36908595, 96.24180682,   3.5
 96,  82, 28.35959325, 96.24034443,   3.5
 97,  82, 28.34997136, 96.23886240,   3.5
 98,  82, 28.34021851, 96.23736047,   3.4
 99,  82, 28.33033294, 96.23583839,   3.4
100,  82, 28.32031283, 96.23429588,   3.4
101,  82, 28.31015634, 96.23273268,   3.4
102,  82, 28.29986163, 96.23114851,   3.3
103,  82, 28.28942681, 96.22954308,   3.3
104,  82, 28.27884997, 96.22791614,   3.3
105,  82, 28.26812919, 96.22626738,   3.3
106,  82, 28.25726249, 96.22459651,   3.2
107,  82, 28.24624790, 96.22290326,   3.2
108,  82, 28.23508340, 96.22118732,   3.2
109,  82, 28.22376696, 96.21944839,   3.2
110,  82, 28.21229650, 96.21768618,   3.1
111,  82, 28.20066992, 96.21590036,   3.1
112,  82, 28.18888511, 96.21409064,   3.1
113,  82, 28.17693990, 96.21225669,   3.1
114,  82, 28.16483212, 96.21039821,   3.0
115,  82, 28.15255955, 96.20851486,   3.0
116,  82, 28.14011994, 96.20660632,   3.0
117,  82, 28.12751103, 96.20467225,   3.0
118,  82, 28.11473051, 96.20271233,   2.9
119,  82, 28.10177605, 96.20072621,   2.9
120,  82, 28.08864527, 96.19871355,   2.9
121,  82, 28.07533578, 96.19667399,   2.9
122,  82, 28.06184514, 96.19460720,   2.9
123,  82, 28.04817088, 96.19251281,   2.8
124,  82, 28.03431052, 96.19039045,   2.8
125,  82, 28.02026151, 96.18823977,   2.8
126,  82, 28.00602128, 96.18606039,   2.8
127,  82, 27.99158724, 96.18385194,   2.8
128,  82, 27.97695675, 96.18161403,   2.7
129,  82, 27.96212713, 96.17934628,   2.7
130,  82, 27.94709566, 96.17704831,   2.7
131,  82, 27.93185962, 96.17471971,   2.7
132,  82, 27.91641619, 96.17236009,   2.7
133,  82, 27.90076258, 96.16996904,   2.7
134,  82, 27.88489591, 96.16754616,   2.7
135,  82, 27.86881328, 96.16509103,   2.7
136,  82, 27.85251176, 96.16260322,   2.6
137,  82, 27.83598837, 96.16008232,   2.6
138,  82, 27.81924007, 96.15752789,   2.6
139,  82, 27.80226383, 96.15493950,   2.6
140,  82, 27.78505652, 96.15231670,   2.6
141,  82, 27.76761501, 96.14965906,   2.6
142,  82, 27.74993611, 96.14696611,   2.6
143,  82, 27.73201658, 96.14423740,   2.6
144,  82, 27.71385316, 96.14147248,   2.6
145,  82, 27.69544252, 96.13867085,   2.6
146,  82, 27.67678130, 96.13583207,   2.6
147,  82, 27.65786608, 96.13295563,   2.6
148,  82, 27.63869341, 96.13004106,   2.6
149,  82, 27.61925978, 96.12708787,   2.6
150,  82, 27.59956165, 96.12409555,   2.6
151,  82, 27.57959542, 96.12106361,   2.6
152,  82, 27.55935742, 96.11799152,   2.6
153,  82, 27.53884397, 96.11487878,   2.6
154,  82, 27.51805132, 96.11172486,   2.6
155,  82, 27.49697567, 96.10852922,   2.6
156,  82, 27.47561316, 96.10529135,   2.6
157,  82, 27.45395989, 96.10201069,   2.6
158,  82, 27.43201191, 96.09868669,   2.6
159,  82, 27.40976519, 96.09531880,   2.6
160,  82, 27.38721569, 96.09190646,   2.6
161,  82, 27.36435927, 96.08844909,   2.6
162,  82, 27.34119177, 96.08494613,   2.6
163,  82, 27.31770894, 96.08139698,   2.6
164,  82, 27.29390649, 96.07780107,   2.6
165,  82, 27.26978009, 96.07415778,   2.6
166,  82, 27.24532531, 96.07046653,   2.7
167,  82, 27.22053769, 96.06672669,   2.7
168,  82, 27.19541271, 96.06293766,   2.7
169,  82, 27.16994576, 96.05909880,   2.7
170,  82, 27.14413221, 96.05520947,   2.7
171,  82, 27.11796732, 96.05126905,   2.7
172,  82, 27.09144633, 96.04727689,   2.7
173,  82, 27.06456439, 96.04323232,   2.7
174,  82, 27.03731658, 96.03913468,   2.7
175,  82, 27.00969793, 96.03498331,   2.7
176,  82, 26.98170340, 96.03077752,   2.7
177,  82, 26.95332786, 96.02651663,   2.7
178,  82, 26.92456615, 96.02219994,   2.7
179,  82, 26.89541300, 96.01782675,   2.7
180,  82, 26.86586309, 96.01339635,   2.7
181,  82, 26.83591102, 96.00890802,   2.7
182,  82, 26.80555133, 96.00436103,   2.7
183,  82, 26.77477847, 95.99975464,   2.7
184,  82, 26.74358682, 95.99508812,   2.7
185,  82, 26.71197068, 95.99036070,   2.7
186,  82, 26.67992429, 95.98557163,   2.7
187,  82, 26.64744179, 95.98072014,   2.7
188,  82, 26.61451726, 95.97580544,   2.7
189,  82, 26.58114467, 95.97082676,   2.7
190,  82, 26.54731794, 95.96578328,   2.7
191,  82, 26.51303090, 95.96067422,   2.7
  1,  83, 28.87123395, 96.31648001,  99.9
  2,  83, 28.86857474, 96.31602479,  99.9
  3,  83, 28.86587935, 96.31556340,  99.9
  4,  83, 28.86314728, 96.31509575,  99.9
  5,  83, 28.86037804, 96.31462176,  99.9
  6,  83, 28.85757111, 96.31414135,  99.9
  7,  83, 28.85472598, 96.31365443,  99.9
  8,  83, 28.85184214, 96.31316091,  99.9
  9,  83, 28.84891906, 96.31266070,  99.9
 10,  83, 28.84595621, 96.31215372,  99.9
 11,  83, 28.84295303, 96.31163986,  99.9
 12,  83, 28.83990899, 96.31111905,  99.9
 13,  83, 28.83682353, 96.31059118,  99.9
 14,  83, 28.83369608, 96.31005615,  99.9
 15,  83, 28.83052608, 96.30951388,  99.9
 16,  83, 28.82731294, 96.30896427,  99.9
 17,  83, 28.82405607, 96.30840721,  99.9
 18,  83, 28.82075489, 96.30784260,  99.9
 19,  83, 28.81740879, 96.30727035,  99.9
 20,  83, 28.81401715, 96.30669035,  99.9
 21,  83, 28.81057936, 96.30610250,  99.9
 22,  83, 28.80709479, 96.30550669,  99.9
 23,  83, 28.80356280, 96.30490281,  99.9
 24,  83, 28.79998275, 96.30429075,  99.9
 25,  83, 28.79635398, 96.30367041,  99.9
 26,  83, 28.79267584, 96.30304167,  99.9
 27,  83, 28.78894764, 96.30240442,  99.9
 28,  83, 28.78516871, 96.30175855,  99.9
 29,  83, 28.78133835, 96.30110394,  99.9
 30,  83, 28.77745588, 96.30044046,  99.9
 31,  83, 28.77352056, 96.29976801,  99.9
 32,  83, 28.76953170, 96.29908646,  99.9
 33,  83, 28.76548856, 96.29839569,  99.9
 34,  83, 28.76139040, 96.29769557,  99.9
 35,  83, 28.75723647, 96.29698599,  99.9
 36,  83, 28.75302601, 96.29626680,  99.9
 37,  83, 28.74875826, 96.29553789,  99.9
 38,  83, 28.74443243, 96.29479912,  99.9
 39,  83, 28.74004774, 96.29405036,  99.9
 40,  83, 28.73560337, 96.29329147,  99.9
 41,  83, 28.73109853, 96.29252232,  99.9
 42,  83, 28.72653238, 96.29174278,  99.9
 43,  83, 28.72190410, 96.29095269,  99.9
 44,  83, 28.71721283, 96.29015193,  99.9
 45,  83, 28.71245773, 96.28934034,  99.9
 46,  83, 28.70763791, 96.28851778,  99.9
 47,  83, 28.70275251, 96.28768411,  99.9
 48,  83, 28.69780062, 96.28683917,   4.2
 49,  83, 28.69278135, 96.28598282,   4.2
 50,  83, 28.68769377, 96.28511490,   4.2
 51,  83, 28.68253696, 96.28423525,   4.1
 52,  83, 28.67730997, 96.28334372,   4.1
 53,  83, 28.67201185, 96.28244015,   4.0
 54,  83, 28.66664163, 96.28152437,   3.9
 55,  83, 28.66119832, 96.28059623,   3.9
 56,  83, 28.65568095, 96.27965556,   3.8
 57,  83, 28.65008849, 96.27870219,   3.8
 58,  83, 28.64441992, 96.27773595,   3.7
 59,  83, 28.63867421, 96.27675666,   3.7
 60,  83, 28.63285031, 96.27576416,   3.6
 61,  83, 28.62694716, 96.27475827,   3.6
 62,  83, 28.62096367, 96.27373880,   3.6
 63,  83, 28.61489875, 96.27270557,   3.6
 64,  83, 28.60875129, 96.27165841,   3.6
 65,  83, 28.60252018, 96.27059713,   3.6
 66,  83, 28.59620426, 96.26952153,   3.6
 67,  83, 28.58980240, 96.26843142,   3.5
 68,  83, 28.58331341, 96.26732662,   3.5
 69,  83, 28.57673611, 96.26620692,   3.5
 70,  83, 28.57006930, 96.26507212,   3.5
 71,  83, 28.56331177, 96.26392203,   3.5
 72,  83, 28.55646227, 96.26275644,   3.5
 73,  83, 28.54951955, 96.26157514,   3.5
 74,  83, 28.54248235, 96.26037792,   3.5
 75,  83, 28.53534938, 96.25916458,   3.5
 76,  83, 28.52811933, 96.25793489,   3.4
 77,  83, 28.52079089, 96.25668864,   3.4
 78,  83, 28.51336272, 96.25542560,   3.4
 79,  83, 28.50583345, 96.25414556,   3.5
 80,  83, 28.49820171, 96.25284829,   3.5
 81,  83, 28.49046612, 96.25153355,   3.5
 82,  83, 28.48262524, 96.25020112,   3.5
 83,  83, 28.47467765, 96.24885075,   3.5
 84,  83, 28.46662191, 96.24748222,   4.0
 85,  83, 28.45845652, 96.24609527,   3.9
 86,  83, 28.45018001, 96.24468967,   3.9
 87,  83, 28.44179086, 96.24326517,   3.8
 88,  83, 28.43328754, 96.24182151,   3.8
 89,  83, 28.42466849, 96.24035844,   3.7
 90,  83, 28.41593214, 96.23887570,   3.7
 91,  83, 28.40707688, 96.23737303,   3.7
 92,  83, 28.39810111, 96.23585017,   3.6
 93,  83, 28.38900318, 96.23430685,   3.6
 94,  83, 28.37978143, 96.23274279,   3.6
 95,  83, 28.37043418, 96.23115773,   3.5
 96,  83, 28.36095971, 96.22955138,   3.5
 97,  83, 28.35135629, 96.22792346,   3.5
 98,  83, 28.34162217, 96.22627368,   3.4
 99,  83, 28.33175556, 96.22460177,   3.4
100,  83, 28.32175468, 96.22290741,   3.4
101,  83, 28.31161768, 96.22119033,   3.4
102,  83, 28.30134271, 96.21945021,   3.3
103,  83, 28.29092790, 96.21768674,   3.3
104,  83, 28.28037134, 96.21589964,   3.3
105,  83, 28.26967111, 96.21408857,   3.2
106,  83, 28.25882524, 96.21225322,   3.2
107,  83, 28.24783176, 96.21039328,   3.2
108,  83, 28.23668865, 96.20850842,   3.2
109,  83, 28.22539388, 96.20659830,   3.1
110,  83, 28.21394539, 96.20466261,   3.1
111,  83, 28.20234107, 96.20270099,   3.1
112,  83, 28.19057882, 96.20071311,   3.1
113,  83, 28.17865647, 96.19869862,   3.1
114,  83, 28.16657186, 96.19665717,   3.0
115,  83, 28.15432276, 96.19458842,   3.0
116,  83, 28.14190695, 96.19249198,   3.0
117,  83, 28.12932215, 96.19036752,   3.0
118,  83, 28.11656607, 96.18821465,   2.9
119,  83, 28.10363636, 96.18603300,   2.9
120,  83, 28.09053067, 96.18382219,   2.9
121,  83, 28.07724661, 96.18158185,   2.9
122,  83, 28.06378173, 96.17931158,   2.9
123,  83, 28.05013359, 96.17701100,   2.8
124,  83, 28.03629968, 96.17467969,   2.8
125,  83, 28.02227748, 96.17231728,   2.8
126,  83, 28.00806443, 96.16992334,   2.8
127,  83, 27.99365792, 96.16749746,   2.8
128,  83, 27.97905533, 96.16503922,   2.7
129,  83, 27.96425398, 96.16254821,   2.7
130,  83, 27.94925117, 96.16002400,   2.7
131,  83, 27.93404415, 96.15746614,   2.7
132,  83, 27.91863015, 96.15487421,   2.7
133,  83, 27.90300634, 96.15224775,   2.7
134,  83, 27.88716988, 96.14958632,   2.7
135,  83, 27.87111787, 96.14688947,   2.6
136,  83, 27.85484736, 96.14415672,   2.6
137,  83, 27.83835540, 96.14138762,   2.6
138,  83, 27.82163896, 96.13858169,   2.6
139,  83, 27.80469499, 96.13573845,   2.6
140,  83, 27.78752038, 96.13285742,   2.6
141,  83, 27.77011201, 96.12993811,   2.6
142,  83, 27.75246669, 96.12698002,   2.6
143,  83, 27.73458119, 96.12398265,   2.6
144,  83, 27.71645224, 96.12094548,   2.6
145,  83, 27.69807653, 96.11786801,   2.6
146,  83, 27.67945071, 96.11474971,   2.6
147,  83, 27.66057136, 96.11159006,   2.6
148,  83, 27.64143503, 96.10838851,   2.6
149,  83, 27.62203824, 96.10514454,   2.6
150,  83, 27.60237742, 96.10185759,   2.6
151,  83, 27.58244899, 96.09852710,   2.6
152,  83, 27.56224931, 96.09515252,   2.6
153,  83, 27.54177468, 96.09173328,   2.6
154,  83, 27.52102136, 96.08826881,   2.6
155,  83, 27.49998556, 96.08475851,   2.6
156,  83, 27.47866343, 96.08120181,   2.6
157,  83, 27.45705107, 96.07759811,   2.6
158,  83, 27.43514454, 96.07394680,   2.6
159,  83, 27.41293984, 96.07024727,   2.6
160,  83, 27.39043289, 96.06649892,   2.6
161,  83, 27.36761959, 96.06270110,   2.6
162,  83, 27.34449578, 96.05885319,   2.6
163,  83, 27.32105722, 96.05495456,   2.6
164,  83, 27.29729962, 96.05100454,   2.6
165,  83, 27.27321866, 96.04700249,   2.6
166,  83, 27.24880992, 96.04294774,   2.7
167,  83, 27.22406895, 96.03883962,   2.7
168,  83, 27.19899123, 96.03467746,   2.7
169,  83, 27.17357217, 96.03046056,   2.7
170,  83, 27.14780713, 96.02618823,   2.7
171,  83, 27.12169140, 96.02185976,   2.7
172,  83, 27.09522020, 96.01747445,   2.7
173,  83, 27.06838871, 96.01303157,   2.7
174,  83, 27.04119202, 96.00853040,   2.7
175,  83, 27.01362516, 96.00397019,   2.7
176,  83, 26.98568309, 95.99935021,   2.7
177,  83, 26.95736072, 95.99466969,   2.7
178,  83, 26.92865285, 95.98992788,   2.7
179,  83, 26.89955426, 95.98512400,   2.7
180,  83, 26.87005963, 95.98025726,   2.7
181,  83, 26.84016356, 95.97532689,   2.7
182,  83, 26.80986059, 95.97033208,   2.7
183,  83, 26.77914521, 95.96527202,   2.7
184,  83, 26.74801178, 95.96014590,   2.7
185,  83, 26.71645463, 95.95495288,   2.7
186,  83, 26.68446799, 95.94969213,   2.7
187,  83, 26.65204603, 95.94436281,   2.7
188,  83, 26.61918281, 95.93896405,   2.7
189,  83, 26.58587235, 95.93349500,   2.7
190,  83, 26.55210856, 95.92795477,   2.7
191,  83, 26.51788528, 95.92234249,   2.7
  1,  84, 28.87164980, 96.31348273,  99.9
  2,  84, 28.86899624, 96.31298680,  99.9
  3,  84, 28.86630657, 96.31248414,  99.9
  4,  84, 28.86358030, 96.31197468,  99.9
  5,  84, 28.86081694, 96.31145830,  99.9
  6,  84, 28.85801597, 96.31093493,  99.9
  7,  84, 28.85517688, 96.31040447,  99.9
  8,  84, 28.85229917, 96.30986682,  99.9
  9,  84, 28.84938229, 96.30932188,  99.9
 10,  84, 28.84642573, 96.30876956,  99.9
 11,  84, 28.84342893, 96.30820976,  99.9
 12,  84, 28.84039135, 96.30764237,  99.9
 13,  84, 28.83731244, 96.30706729,  99.9
 14,  84, 28.83419163, 96.30648443,  99.9
 15,  84, 28.83102835, 96.30589367,  99.9
 16,  84, 28.82782203, 96.30529490,  99.9
 17,  84, 28.82457208, 96.30468803,  99.9
 18,  84, 28.82127790, 96.30407294,  99.9
 19,  84, 28.81793889, 96.30344951,  99.9
 20,  84, 28.81455445, 96.30281765,  99.9
 21,  84, 28.81112396, 96.30217723,  99.9
 22,  84, 28.80764678, 96.30152813,  99.9
 23,  84, 28.80412228, 96.30087025,  99.9
 24,  84, 28.80054983, 96.30020346,  99.9
 25,  84, 28.79692876, 96.29952765,  99.9
 26,  84, 28.79325841, 96.29884268,  99.9
 27,  84, 28.78953812, 96.29814845,  99.9
 28,  84, 28.78576720, 96.29744482,  99.9
 29,  84, 28.78194497, 96.29673166,  99.9
 30,  84, 28.77807072, 96.29600886,  99.9
 31,  84, 28.77414376, 96.29527627,  99.9
 32,  84, 28.77016335, 96.29453378,  99.9
 33,  84, 28.76612878, 96.29378123,  99.9
 34,  84, 28.76203930, 96.29301851,  99.9
 35,  84, 28.75789418, 96.29224546,  99.9
 36,  84, 28.75369265, 96.29146196,  99.9
 37,  84, 28.74943394, 96.29066787,  99.9
 38,  84, 28.74511727, 96.28986303,  99.9
 39,  84, 28.74074187, 96.28904731,  99.9
 40,  84, 28.73630692, 96.28822056,  99.9
 41,  84, 28.73181162, 96.28738263,  99.9
 42,  84, 28.72725515, 96.28653337,  99.9
 43,  84, 28.72263667, 96.28567263,  99.9
 44,  84, 28.71795534, 96.28480025,  99.9
 45,  84, 28.71321030, 96.28391609,  99.9
 46,  84, 28.70840070, 96.28301997,  99.9
 47,  84, 28.70352563, 96.28211174,  99.9
 48,  84, 28.69858423, 96.28119124,  99.9
 49,  84, 28.69357558, 96.28025831,   4.2
 50,  84, 28.68849877, 96.27931277,   4.1
 51,  84, 28.68335288, 96.27835445,   4.1
 52,  84, 28.67813695, 96.27738319,   4.1
 53,  84, 28.67285004, 96.27639881,   4.0
 54,  84, 28.66749118, 96.27540114,   3.9
 55,  84, 28.66205940, 96.27439000,   3.9
 56,  84, 28.65655369, 96.27336520,   3.8
 57,  84, 28.65097306, 96.27232657,   3.8
 58,  84, 28.64531649, 96.27127392,   3.7
 59,  84, 28.63958293, 96.27020705,   3.7
 60,  84, 28.63377134, 96.26912579,   3.7
 61,  84, 28.62788067, 96.26802994,   3.6
 62,  84, 28.62190983, 96.26691930,   3.6
 63,  84, 28.61585773, 96.26579367,   3.6
 64,  84, 28.60972327, 96.26465286,   3.6
 65,  84, 28.60350533, 96.26349666,   3.6
 66,  84, 28.59720276, 96.26232487,   3.6
 67,  84, 28.59081442, 96.26113727,   3.6
 68,  84, 28.58433914, 96.25993366,   3.6
 69,  84, 28.57777574, 96.25871382,   3.6
 70,  84, 28.57112301, 96.25747754,   3.6
 71,  84, 28.56437975, 96.25622459,   3.6
 72,  84, 28.55754471, 96.25495475,   3.5
 73,  84, 28.55061665, 96.25366780,   3.5
 74,  84, 28.54359431, 96.25236352,   3.5
 75,  84, 28.53647639, 96.25104166,   3.5
 76,  84, 28.52926161, 96.24970199,   3.5
 77,  84, 28.52194863, 96.24834428,   3.5
 78,  84, 28.51453613, 96.24696828,   3.5
 79,  84, 28.50702275, 96.24557376,   3.5
 80,  84, 28.49940711, 96.24416046,   3.5
 81,  84, 28.49168783, 96.24272814,   3.6
 82,  84, 28.48386349, 96.24127654,   3.6
 83,  84, 28.47593266, 96.23980540,   4.0
 84,  84, 28.46789390, 96.23831447,   4.0
 85,  84, 28.45974572, 96.23680348,   3.9
 86,  84, 28.45148666, 96.23527216,   3.9
 87,  84, 28.44311519, 96.23372025,   3.8
 88,  84, 28.43462978, 96.23214747,   3.8
 89,  84, 28.42602889, 96.23055354,   3.7
 90,  84, 28.41731093, 96.22893819,   3.7
 91,  84, 28.40847433, 96.22730112,   3.7
 92,  84, 28.39951746, 96.22564206,   3.6
 93,  84, 28.39043868, 96.22396070,   3.6
 94,  84, 28.38123634, 96.22225675,   3.5
 95,  84, 28.37190876, 96.22052992,   3.5
 96,  84, 28.36245422, 96.21877989,   3.5
 97,  84, 28.35287101, 96.21700637,   3.5
 98,  84, 28.34315736, 96.21520904,   3.4
 99,  84, 28.33331151, 96.21338758,   3.4
100,  84, 28.32333165, 96.21154168,   3.4
101,  84, 28.31321596, 96.20967101,   3.3
102,  84, 28.30296260, 96.20777524,   3.3
103,  84, 28.29256967, 96.20585405,   3.3
104,  84, 28.28203530, 96.20390710,   3.3
105,  84, 28.27135754, 96.20193404,   3.2
106,  84, 28.26053445, 96.19993453,   3.2
107,  84, 28.24956405, 96.19790822,   3.2
108,  84, 28.23844434, 96.19585476,   3.2
109,  84, 28.22717328, 96.19377380,   3.1
110,  84, 28.21574881, 96.19166496,   3.1
111,  84, 28.20416884, 96.18952788,   3.1
112,  84, 28.19243126, 96.18736219,   3.1
113,  84, 28.18053392, 96.18516750,   3.0
114,  84, 28.16847464, 96.18294345,   3.0
115,  84, 28.15625123, 96.18068964,   3.0
116,  84, 28.14386144, 96.17840569,   3.0
117,  84, 28.13130301, 96.17609119,   3.0
118,  84, 28.11857365, 96.17374574,   2.9
119,  84, 28.10567102, 96.17136894,   2.9
120,  84, 28.09259277, 96.16896037,   2.9
121,  84, 28.07933652, 96.16651963,   2.9
122,  84, 28.06589982, 96.16404628,   2.8
123,  84, 28.05228024, 96.16153990,   2.8
124,  84, 28.03847527, 96.15900005,   2.8
125,  84, 28.02448240, 96.15642631,   2.8
126,  84, 28.01029906, 96.15381822,   2.8
127,  84, 27.99592267, 96.15117533,   2.8
128,  84, 27.98135059, 96.14849719,   2.7
129,  84, 27.96658016, 96.14578335,   2.7
130,  84, 27.95160869, 96.14303332,   2.7
131,  84, 27.93643342, 96.14024665,   2.7
132,  84, 27.92105160, 96.13742285,   2.7
133,  84, 27.90546040, 96.13456143,   2.7
134,  84, 27.88965698, 96.13166191,   2.7
135,  84, 27.87363844, 96.12872380,   2.6
136,  84, 27.85740187, 96.12574658,   2.6
137,  84, 27.84094428, 96.12272975,   2.6
138,  84, 27.82426267, 96.11967280,   2.6
139,  84, 27.80735400, 96.11657520,   2.6
140,  84, 27.79021517, 96.11343643,   2.6
141,  84, 27.77284304, 96.11025594,   2.6
142,  84, 27.75523444, 96.10703321,   2.6
143,  84, 27.73738615, 96.10376768,   2.6
144,  84, 27.71929492, 96.10045879,   2.6
145,  84, 27.70095742, 96.09710599,   2.6
146,  84, 27.68237031, 96.09370871,   2.6
147,  84, 27.66353019, 96.09026637,   2.6
148,  84, 27.64443362, 96.08677839,   2.6
149,  84, 27.62507710, 96.08324419,   2.6
150,  84, 27.60545710, 96.07966315,   2.6
151,  84, 27.58557002, 96.07603469,   2.6
152,  84, 27.56541224, 96.07235819,   2.6
153,  84, 27.54498007, 96.06863302,   2.6
154,  84, 27.52426977, 96.06485857,   2.6
155,  84, 27.50327756, 96.06103420,   2.6
156,  84, 27.48199959, 96.05715927,   2.6
157,  84, 27.46043199, 96.05323313,   2.6
158,  84, 27.43857080, 96.04925512,   2.6
159,  84, 27.41641203, 96.04522458,   2.6
160,  84, 27.39395164, 96.04114083,   2.6
161,  84, 27.37118550, 96.03700320,   2.6
162,  84, 27.34810947, 96.03281099,   2.6
163,  84, 27.32471933, 96.02856351,   2.6
164,  84, 27.30101079, 96.02426005,   2.6
165,  84, 27.27697953, 96.01989989,   2.6
166,  84, 27.25262115, 96.01548232,   2.6
167,  84, 27.22793120, 96.01100660,   2.7
168,  84, 27.20290517, 96.00647199,   2.7
169,  84, 27.17753848, 96.00187775,   2.7
170,  84, 27.15182651, 95.99722311,   2.7
171,  84, 27.12576454, 95.99250731,   2.7
172,  84, 27.09934781, 95.98772958,   2.7
173,  84, 27.07257150, 95.98288912,   2.7
174,  84, 27.04543072, 95.97798514,   2.7
175,  84, 27.01792050, 95.97301685,   2.7
176,  84, 26.99003582, 95.96798343,   2.7
177,  84, 26.96177159, 95.96288405,   2.7
178,  84, 26.93312263, 95.95771788,   2.7
179,  84, 26.90408371, 95.95248409,   2.7
180,  84, 26.87464953, 95.94718182,   2.7
181,  84, 26.84481471, 95.94181021,   2.7
182,  84, 26.81457379, 95.93636839,   2.7
183,  84, 26.78392127, 95.93085547,   2.7
184,  84, 26.75285152, 95.92527057,   2.7
185,  84, 26.72135889, 95.91961279,   2.7
186,  84, 26.68943761, 95.91388121,   2.7
187,  84, 26.65708185, 95.90807491,   2.7
188,  84, 26.62428572, 95.90219296,   2.7
189,  84, 26.59104321, 95.89623441,   2.7
190,  84, 26.55734825, 95.89019832,   2.7
191,  84, 26.52319470, 95.88408371,   2.7
  1,  85, 28.87210119, 96.31049207,  99.9
  2,  85, 28.86945377, 96.30995552,  99.9
  3,  85, 28.86677031, 96.30941170,  99.9
  4,  85, 28.86405034, 96.30886051,  99.9
  5,  85, 28.86129336, 96.30830185,  99.9
  6,  85, 28.85849886, 96.30773561,  99.9
  7,  85, 28.85566634, 96.30716170,  99.9
  8,  85, 28.85279527, 96.30658002,  99.9
  9,  85, 28.84988513, 96.30599045,  99.9
 10,  85, 28.84693539, 96.30539289,  99.9
 11,  85, 28.84394551, 96.30478724,  99.9
 12,  85, 28.84091495, 96.30417338,  99.9
 13,  85, 28.83784314, 96.30355120,  99.9
 14,  85, 28.83472954, 96.30292060,  99.9
 15,  85, 28.83157357, 96.30228145,  99.9
 16,  85, 28.82837465, 96.30163365,  99.9
 17,  85, 28.82513220, 96.30097707,  99.9
 18,  85, 28.82184562, 96.30031160,  99.9
 19,  85, 28.81851432, 96.29963711,  99.9
 20,  85, 28.81513770, 96.29895350,  99.9
 21,  85, 28.81171512, 96.29826062,  99.9
 22,  85, 28.80824596, 96.29755836,  99.9
 23,  85, 28.80472960, 96.29684660,  99.9
 24,  85, 28.80116539, 96.29612520,  99.9
 25,  85, 28.79755267, 96.29539403,  99.9
 26,  85, 28.79389079, 96.29465297,  99.9
 27,  85, 28.79017909, 96.29390187,  99.9
 28,  85, 28.78641687, 96.29314061,  99.9
 29,  85, 28.78260345, 96.29236904,  99.9
 30,  85, 28.77873814, 96.29158704,  99.9
 31,  85, 28.77482023, 96.29079445,  99.9
 32,  85, 28.77084900, 96.28999113,  99.9
 33,  85, 28.76682374, 96.28917695,  99.9
 34,  85, 28.76274369, 96.28835176,  99.9
 35,  85, 28.75860812, 96.28751540,  99.9
 36,  85, 28.75441627, 96.28666772,  99.9
 37,  85, 28.75016738, 96.28580858,  99.9
 38,  85, 28.74586067, 96.28493783,  99.9
 39,  85, 28.74149535, 96.28405529,  99.9
 40,  85, 28.73707062, 96.28316082,  99.9
 41,  85, 28.73258568, 96.28225426,  99.9
 42,  85, 28.72803971, 96.28133544,  99.9
 43,  85, 28.72343187, 96.28040420,  99.9
 44,  85, 28.71876133, 96.27946037,  99.9
 45,  85, 28.71402722, 96.27850378,  99.9
 46,  85, 28.70922869, 96.27753427,  99.9
 47,  85, 28.70436486, 96.27655165,  99.9
 48,  85, 28.69943484, 96.27555575,  99.9
 49,  85, 28.69443773, 96.27454640,  99.9
 50,  85, 28.68937261, 96.27352341,   4.1
 51,  85, 28.68423856, 96.27248660,   4.1
 52,  85, 28.67903464, 96.27143579,   4.0
 53,  85, 28.67375990, 96.27037078,   3.9
 54,  85, 28.66841338, 96.26929139,   3.9
 55,  85, 28.66299409, 96.26819742,   3.9
 56,  85, 28.65750106, 96.26708868,   3.8
 57,  85, 28.65193327, 96.26596497,   3.8
 58,  85, 28.64628971, 96.26482609,   3.7
 59,  85, 28.64056934, 96.26367184,   3.7
 60,  85, 28.63477113, 96.26250201,   3.7
 61,  85, 28.62889400, 96.26131640,   3.7
 62,  85, 28.62293689, 96.26011478,   3.7
 63,  85, 28.61689871, 96.25889695,   3.7
 64,  85, 28.61077836, 96.25766270,   3.7
 65,  85, 28.60457471, 96.25641179,   3.7
 66,  85, 28.59828663, 96.25514401,   3.7
 67,  85, 28.59191297, 96.25385913,   3.7
 68,  85, 28.58545257, 96.25255693,   3.6
 69,  85, 28.57890425, 96.25123717,   3.6
 70,  85, 28.57226681, 96.24989961,   3.6
 71,  85, 28.56553904, 96.24854403,   3.6
 72,  85, 28.55871970, 96.24717018,   3.6
 73,  85, 28.55180756, 96.24577781,   3.6
 74,  85, 28.54480134, 96.24436668,   3.6
 75,  85, 28.53769977, 96.24293654,   3.5
 76,  85, 28.53050155, 96.24148713,   3.5
 77,  85, 28.52320537, 96.24001820,   3.5
 78,  85, 28.51580988, 96.23852949,   3.5
 79,  85, 28.50831374, 96.23702073,   3.5
 80,  85, 28.50071558, 96.23549166,   3.6
 81,  85, 28.49301400, 96.23394200,   3.6
 82,  85, 28.48520761, 96.23237149,   3.7
 83,  85, 28.47729497, 96.23077984,   4.0
 84,  85, 28.46927464, 96.22916677,   4.0
 85,  85, 28.46114516, 96.22753200,   3.9
 86,  85, 28.45290503, 96.22587524,   3.9
 87,  85, 28.44455274, 96.22419620,   3.8
 88,  85, 28.43608679, 96.22249458,   3.8
 89,  85, 28.42750560, 96.22077008,   3.7
 90,  85, 28.41880762, 96.21902239,   3.7
 91,  85, 28.40999126, 96.21725122,   3.6
 92,  85, 28.40105491, 96.21545624,   3.6
 93,  85, 28.39199693, 96.21363714,   3.6
 94,  85, 28.38281566, 96.21179360,   3.5
 95,  85, 28.37350943, 96.20992530,   3.5
 96,  85, 28.36407653, 96.20803191,   3.5
 97,  85, 28.35451525, 96.20611309,   3.5
 98,  85, 28.34482383, 96.20416851,   3.4
 99,  85, 28.33500050, 96.20219784,   3.4
100,  85, 28.32504347, 96.20020071,   3.4
101,  85, 28.31495091, 96.19817678,   3.3
102,  85, 28.30472099, 96.19612571,   3.3
103,  85, 28.29435182, 96.19404712,   3.3
104,  85, 28.28384153, 96.19194066,   3.3
105,  85, 28.27318817, 96.18980595,   3.2
106,  85, 28.26238981, 96.18764263,   3.2
107,  85, 28.25144447, 96.18545031,   3.2
108,  85, 28.24035015, 96.18322862,   3.2
109,  85, 28.22910483, 96.18097716,   3.1
110,  85, 28.21770644, 96.17869555,   3.1
111,  85, 28.20615290, 96.17638338,   3.1
112,  85, 28.19444210, 96.17404025,   3.1
113,  85, 28.18257190, 96.17166576,   3.0
114,  85, 28.17054013, 96.16925949,   3.0
115,  85, 28.15834459, 96.16682102,   3.0
116,  85, 28.14598305, 96.16434994,   3.0
117,  85, 28.13345325, 96.16184580,   2.9
118,  85, 28.12075289, 96.15930818,   2.9
119,  85, 28.10787966, 96.15673664,   2.9
120,  85, 28.09483121, 96.15413074,   2.9
121,  85, 28.08160513, 96.15149001,   2.9
122,  85, 28.06819903, 96.14881400,   2.8
123,  85, 28.05461045, 96.14610226,   2.8
124,  85, 28.04083689, 96.14335431,   2.8
125,  85, 28.02687586, 96.14056968,   2.8
126,  85, 28.01272478, 96.13774789,   2.8
127,  85, 27.99838108, 96.13488845,   2.8
128,  85, 27.98384212, 96.13199087,   2.7
129,  85, 27.96910526, 96.12905466,   2.7
130,  85, 27.95416780, 96.12607930,   2.7
131,  85, 27.93902701, 96.12306428,   2.7
132,  85, 27.92368011, 96.12000909,   2.7
133,  85, 27.90812431, 96.11691321,   2.7
134,  85, 27.89235675, 96.11377610,   2.7
135,  85, 27.87637456, 96.11059723,   2.6
136,  85, 27.86017481, 96.10737605,   2.6
137,  85, 27.84375455, 96.10411201,   2.6
138,  85, 27.82711076, 96.10080456,   2.6
139,  85, 27.81024040, 96.09745312,   2.6
140,  85, 27.79314039, 96.09405714,   2.6
141,  85, 27.77580761, 96.09061602,   2.6
142,  85, 27.75823888, 96.08712920,   2.6
143,  85, 27.74043099, 96.08359606,   2.6
144,  85, 27.72238069, 96.08001602,   2.6
145,  85, 27.70408467, 96.07638846,   2.6
146,  85, 27.68553959, 96.07271277,   2.6
147,  85, 27.66674206, 96.06898833,   2.6
148,  85, 27.64768864, 96.06521450,   2.6
149,  85, 27.62837584, 96.06139066,   2.6
150,  85, 27.60880014, 96.05751615,   2.6
151,  85, 27.58895796, 96.05359032,   2.6
152,  85, 27.56884567, 96.04961251,   2.6
153,  85, 27.54845958, 96.04558205,   2.6
154,  85, 27.52779598, 96.04149826,   2.6
155,  85, 27.50685109, 96.03736045,   2.6
156,  85, 27.48562107, 96.03316794,   2.6
157,  85, 27.46410204, 96.02892002,   2.6
158,  85, 27.44229007, 96.02461598,   2.6
159,  85, 27.42018118, 96.02025509,   2.6
160,  85, 27.39777131, 96.01583664,   2.6
161,  85, 27.37505638, 96.01135987,   2.6
162,  85, 27.35203222, 96.00682406,   2.6
163,  85, 27.32869463, 96.00222844,   2.6
164,  85, 27.30503935, 95.99757225,   2.6
165,  85, 27.28106204, 95.99285471,   2.6
166,  85, 27.25675833, 95.98807505,   2.6
167,  85, 27.23212376, 95.98323246,   2.6
168,  85, 27.20715385, 95.97832616,   2.7
169,  85, 27.18184402, 95.97335533,   2.7
170,  85, 27.15618964, 95.96831916,   2.7
171,  85, 27.13018603, 95.96321680,   2.7
172,  85, 27.10382844, 95.95804742,   2.7
173,  85, 27.07711204, 95.95281018,   2.7
174,  85, 27.05003195, 95.94750421,   2.7
175,  85, 27.02258322, 95.94212864,   2.7
176,  85, 26.99476083, 95.93668260,   2.7
177,  85, 26.96655971, 95.93116519,   2.7
178,  85, 26.93797469, 95.92557551,   2.7
179,  85, 26.90900055, 95.91991266,   2.7
180,  85, 26.87963200, 95.91417571,   2.7
181,  85, 26.84986367, 95.90836373,   2.7
182,  85, 26.81969012, 95.90247578,   2.7
183,  85, 26.78910583, 95.89651090,   2.7
184,  85, 26.75810522, 95.89046813,   2.7
185,  85, 26.72668262, 95.88434649,   2.7
186,  85, 26.69483229, 95.87814500,   2.7
187,  85, 26.66254841, 95.87186266,   2.7
188,  85, 26.62982509, 95.86549846,   2.7
189,  85, 26.59665634, 95.85905138,   2.7
190,  85, 26.56303611, 95.85252038,   2.7
191,  85, 26.52895826, 95.84590442,   2.7
  1,  86, 28.87258806, 96.30750859,  99.9
  2,  86, 28.86994725, 96.30693152,  99.9
  3,  86, 28.86727050, 96.30634663,  99.9
  4,  86, 28.86455732, 96.30575381,  99.9
  5,  86, 28.86180722, 96.30515296,  99.9
  6,  86, 28.85901970, 96.30454396,  99.9
  7,  86, 28.85619425, 96.30392671,  99.9
  8,  86, 28.85333035, 96.30330110,  99.9
  9,  86, 28.85042748, 96.30266700,  99.9
 10,  86, 28.84748510, 96.30202432,  99.9
 11,  86, 28.84450269, 96.30137292,  99.9
 12,  86, 28.84147969, 96.30071270,  99.9
 13,  86, 28.83841555, 96.30004354,  99.9
 14,  86, 28.83530972, 96.29936531,  99.9
 15,  86, 28.83216163, 96.29867789,  99.9
 16,  86, 28.82897069, 96.29798117,  99.9
 17,  86, 28.82573633, 96.29727500,  99.9
 18,  86, 28.82245796, 96.29655927,  99.9
 19,  86, 28.81913497, 96.29583385,  99.9
 20,  86, 28.81576677, 96.29509860,  99.9
 21,  86, 28.81235273, 96.29435340,  99.9
 22,  86, 28.80889223, 96.29359810,  99.9
 23,  86, 28.80538464, 96.29283258,  99.9
 24,  86, 28.80182932, 96.29205670,  99.9
 25,  86, 28.79822562, 96.29127031,  99.9
 26,  86, 28.79457287, 96.29047328,  99.9
 27,  86, 28.79087042, 96.28966546,  99.9
 28,  86, 28.78711758, 96.28884670,  99.9
 29,  86, 28.78331368, 96.28801686,  99.9
 30,  86, 28.77945800, 96.28717579,  99.9
 31,  86, 28.77554986, 96.28632335,  99.9
 32,  86, 28.77158854, 96.28545936,  99.9
 33,  86, 28.76757330, 96.28458369,  99.9
 34,  86, 28.76350343, 96.28369617,  99.9
 35,  86, 28.75937817, 96.28279664,  99.9
 36,  86, 28.75519677, 96.28188495,  99.9
 37,  86, 28.75095847, 96.28096092,  99.9
 38,  86, 28.74666249, 96.28002440,  99.9
 39,  86, 28.74230804, 96.27907521,  99.9
 40,  86, 28.73789434, 96.27811318,  99.9
 41,  86, 28.73342058, 96.27713815,  99.9
 42,  86, 28.72888593, 96.27614993,  99.9
 43,  86, 28.72428957, 96.27514836,   4.0
 44,  86, 28.71963065, 96.27413324,   4.0
 45,  86, 28.71490834, 96.27310441,  99.9
 46,  86, 28.71012176, 96.27206167,  99.9
 47,  86, 28.70527004, 96.27100483,  99.9
 48,  86, 28.70035229, 96.26993372,  99.9
 49,  86, 28.69536762, 96.26884813,   4.1
 50,  86, 28.69031511, 96.26774787,   4.1
 51,  86, 28.68519384, 96.26663275,   4.1
 52,  86, 28.68000287, 96.26550257,   4.0
 53,  86, 28.67474126, 96.26435712,   3.9
 54,  86, 28.66940804, 96.26319621,   3.9
 55,  86, 28.66400224, 96.26201961,   3.9
 56,  86, 28.65852287, 96.26082713,   3.8
 57,  86, 28.65296893, 96.25961855,   3.8
 58,  86, 28.64733941, 96.25839365,   3.8
 59,  86, 28.64163327, 96.25715221,   3.8
 60,  86, 28.63584947, 96.25589402,   3.8
 61,  86, 28.62998696, 96.25461886,   3.8
 62,  86, 28.62404467, 96.25332648,   3.7
 63,  86, 28.61802150, 96.25201667,   3.7
 64,  86, 28.61191635, 96.25068918,   3.7
 65,  86, 28.60572812, 96.24934379,   3.7
 66,  86, 28.59945567, 96.24798025,   3.7
 67,  86, 28.59309785, 96.24659832,   3.7
 68,  86, 28.58665351, 96.24519776,   3.7
 69,  86, 28.58012146, 96.24377831,   3.7
 70,  86, 28.57350050, 96.24233972,   3.7
 71,  86, 28.56678944, 96.24088175,   3.6
 72,  86, 28.55998704, 96.23940412,   3.6
 73,  86, 28.55309206, 96.23790658,   3.6
 74,  86, 28.54610323, 96.23638886,   3.6
 75,  86, 28.53901929, 96.23485069,   3.6
 76,  86, 28.53183894, 96.23329180,   3.6
 77,  86, 28.52456086, 96.23171191,   3.6
 78,  86, 28.51718372, 96.23011074,   3.6
 79,  86, 28.50970618, 96.22848802,   3.6
 80,  86, 28.50212687, 96.22684344,   3.6
 81,  86, 28.49444440, 96.22517673,   3.7
 82,  86, 28.48665737, 96.22348758,   4.1
 83,  86, 28.47876435, 96.22177570,   4.0
 84,  86, 28.47076391, 96.22004078,   3.9
 85,  86, 28.46265457, 96.21828252,   3.9
 86,  86, 28.45443486, 96.21650061,   3.8
 87,  86, 28.44610328, 96.21469473,   3.8
 88,  86, 28.43765830, 96.21286457,   3.8
 89,  86, 28.42909837, 96.21100979,   3.7
 90,  86, 28.42042194, 96.20913009,   3.7
 91,  86, 28.41162741, 96.20722511,   3.6
 92,  86, 28.40271319, 96.20529453,   3.6
 93,  86, 28.39367763, 96.20333802,   3.6
 94,  86, 28.38451909, 96.20135521,   3.5
 95,  86, 28.37523589, 96.19934577,   3.5
 96,  86, 28.36582634, 96.19730935,   3.5
 97,  86, 28.35628871, 96.19524557,   3.4
 98,  86, 28.34662126, 96.19315409,   3.4
 99,  86, 28.33682223, 96.19103454,   3.4
100,  86, 28.32688982, 96.18888654,   3.4
101,  86, 28.31682222, 96.18670971,   3.3
102,  86, 28.30661758, 96.18450368,   3.3
103,  86, 28.29627404, 96.18226806,   3.3
104,  86, 28.28578971, 96.18000246,   3.3
105,  86, 28.27516267, 96.17770648,   3.2
106,  86, 28.26439098, 96.17537973,   3.2
107,  86, 28.25347268, 96.17302178,   3.2
108,  86, 28.24240575, 96.17063224,   3.2
109,  86, 28.23118818, 96.16821068,   3.1
110,  86, 28.21981792, 96.16575669,   3.1
111,  86, 28.20829289, 96.16326983,   3.1
112,  86, 28.19661098, 96.16074968,   3.1
113,  86, 28.18477006, 96.15819579,   3.0
114,  86, 28.17276796, 96.15560772,   3.0
115,  86, 28.16060248, 96.15298502,   3.0
116,  86, 28.14827141, 96.15032723,   3.0
117,  86, 28.13577248, 96.14763390,   2.9
118,  86, 28.12310342, 96.14490455,   2.9
119,  86, 28.11026189, 96.14213872,   2.9
120,  86, 28.09724557, 96.13933592,   2.9
121,  86, 28.08405206, 96.13649566,   2.9
122,  86, 28.07067895, 96.13361747,   2.8
123,  86, 28.05712381, 96.13070083,   2.8
124,  86, 28.04338414, 96.12774525,   2.8
125,  86, 28.02945743, 96.12475022,   2.8
126,  86, 28.01534115, 96.12171521,   2.8
127,  86, 28.00103271, 96.11863971,   2.7
128,  86, 27.98652949, 96.11552319,   2.7
129,  86, 27.97182883, 96.11236511,   2.7
130,  86, 27.95692806, 96.10916492,   2.7
131,  86, 27.94182445, 96.10592208,   2.7
132,  86, 27.92651523, 96.10263604,   2.7
133,  86, 27.91099760, 96.09930622,   2.7
134,  86, 27.89526873, 96.09593205,   2.7
135,  86, 27.87932574, 96.09251296,   2.6
136,  86, 27.86316572, 96.08904837,   2.6
137,  86, 27.84678570, 96.08553768,   2.6
138,  86, 27.83018270, 96.08198029,   2.6
139,  86, 27.81335367, 96.07837559,   2.6
140,  86, 27.79629555, 96.07472298,   2.6
141,  86, 27.77900520, 96.07102182,   2.6
142,  86, 27.76147948, 96.06727149,   2.6
143,  86, 27.74371516, 96.06347135,   2.6
144,  86, 27.72570901, 96.05962075,   2.6
145,  86, 27.70745773, 96.05571905,   2.6
146,  86, 27.68895799, 96.05176558,   2.6
147,  86, 27.67020639, 96.04775966,   2.6
148,  86, 27.65119951, 96.04370063,   2.6
149,  86, 27.63193388, 96.03958779,   2.6
150,  86, 27.61240597, 96.03542046,   2.6
151,  86, 27.59261221, 96.03119793,   2.6
152,  86, 27.57254898, 96.02691948,   2.6
153,  86, 27.55221261, 96.02258440,   2.6
154,  86, 27.53159938, 96.01819195,   2.6
155,  86, 27.51070552, 96.01374141,   2.6
156,  86, 27.48952722, 96.00923202,   2.6
157,  86, 27.46806059, 96.00466303,   2.6
158,  86, 27.44630171, 96.00003367,   2.6
159,  86, 27.42424661, 95.99534317,   2.6
160,  86, 27.40189125, 95.99059074,   2.6
161,  86, 27.37923154, 95.98577560,   2.6
162,  86, 27.35626333, 95.98089693,   2.6
163,  86, 27.33298244, 95.97595394,   2.6
164,  86, 27.30938459, 95.97094579,   2.6
165,  86, 27.28546548, 95.96587165,   2.6
166,  86, 27.26122073, 95.96073069,   2.6
167,  86, 27.23664591, 95.95552204,   2.6
168,  86, 27.21173653, 95.95024486,   2.6
169,  86, 27.18648802, 95.94489827,   2.7
170,  86, 27.16089578, 95.93948138,   2.7
171,  86, 27.13495512, 95.93399330,   2.7
172,  86, 27.10866130, 95.92843314,   2.7
173,  86, 27.08200952, 95.92279997,   2.7
174,  86, 27.05499490, 95.91709287,   2.7
175,  86, 27.02761249, 95.91131091,   2.7
176,  86, 26.99985731, 95.90545313,   2.7
177,  86, 26.97172426, 95.89951859,   2.7
178,  86, 26.94320821, 95.89350632,   2.7
179,  86, 26.91430395, 95.88741533,   2.7
180,  86, 26.88500619, 95.88124463,   2.7
181,  86, 26.85530957, 95.87499323,   2.7
182,  86, 26.82520868, 95.86866010,   2.7
183,  86, 26.79469800, 95.86224422,   2.7
184,  86, 26.76377195, 95.85574455,   2.7
185,  86, 26.73242490, 95.84916005,   2.7
186,  86, 26.70065110, 95.84248965,   2.7
187,  86, 26.66844476, 95.83573227,   2.7
188,  86, 26.63579998, 95.82888684,   2.7
189,  86, 26.60271080, 95.82195225,   2.7
190,  86, 26.56917117, 95.81492739,   2.7
191,  86, 26.53517497, 95.80781114,   2.7
  1,  87, 28.87311032, 96.30453283,  99.9
  2,  87, 28.87047659, 96.30391535,  99.9
  3,  87, 28.86780703, 96.30328949,  99.9
  4,  87, 28.86510114, 96.30265515,  99.9
  5,  87, 28.86235843, 96.30201222,  99.9
  6,  87, 28.85957839, 96.30136057,  99.9
  7,  87, 28.85676053, 96.30070009,  99.9
  8,  87, 28.85390432, 96.30003065,  99.9
  9,  87, 28.85100924, 96.29935215,  99.9
 10,  87, 28.84807476, 96.29866445,  99.9
 11,  87, 28.84510036, 96.29796743,  99.9
 12,  87, 28.84208547, 96.29726097,  99.9
 13,  87, 28.83902956, 96.29654494,  99.9
 14,  87, 28.83593207, 96.29581921,  99.9
 15,  87, 28.83279242, 96.29508365,  99.9
 16,  87, 28.82961005, 96.29433812,  99.9
 17,  87, 28.82638437, 96.29358250,  99.9
 18,  87, 28.82311480, 96.29281664,  99.9
 19,  87, 28.81980073, 96.29204040,  99.9
 20,  87, 28.81644156, 96.29125366,  99.9
 21,  87, 28.81303668, 96.29045626,  99.9
 22,  87, 28.80958547, 96.28964807,  99.9
 23,  87, 28.80608729, 96.28882893,  99.9
 24,  87, 28.80254150, 96.28799870,  99.9
 25,  87, 28.79894747, 96.28715724,  99.9
 26,  87, 28.79530452, 96.28630438,  99.9
 27,  87, 28.79161200, 96.28543997,  99.9
 28,  87, 28.78786922, 96.28456387,  99.9
 29,  87, 28.78407552, 96.28367591,  99.9
 30,  87, 28.78023018, 96.28277593,  99.9
 31,  87, 28.77633252, 96.28186378,  99.9
 32,  87, 28.77238182, 96.28093928,  99.9
 33,  87, 28.76837735, 96.28000227,  99.9
 34,  87, 28.76431838, 96.27905259,  99.9
 35,  87, 28.76020418, 96.27809005,  99.9
 36,  87, 28.75603399, 96.27711450,  99.9
 37,  87, 28.75180704, 96.27612575,  99.9
 38,  87, 28.74752257, 96.27512363,  99.9
 39,  87, 28.74317980, 96.27410796,  99.9
 40,  87, 28.73877792, 96.27307855,  99.9
 41,  87, 28.73431614, 96.27203522,  99.9
 42,  87, 28.72979364, 96.27097779,  99.9
 43,  87, 28.72520959, 96.26990606,  99.9
 44,  87, 28.72056316, 96.26881984,   4.1
 45,  87, 28.71585349, 96.26771894,   4.1
 46,  87, 28.71107973, 96.26660316,  99.9
 47,  87, 28.70624100, 96.26547229,  99.9
 48,  87, 28.70133642, 96.26432615,   4.0
 49,  87, 28.69636509, 96.26316452,   4.0
 50,  87, 28.69132611, 96.26198720,   4.1
 51,  87, 28.68621855, 96.26079397,   4.1
 52,  87, 28.68104147, 96.25958462,   4.0
 53,  87, 28.67579394, 96.25835894,   4.0
 54,  87, 28.67047500, 96.25711670,   3.9
 55,  87, 28.66508366, 96.25585769,   3.9
 56,  87, 28.65961895, 96.25458167,   3.8
 57,  87, 28.65407987, 96.25328843,   3.8
 58,  87, 28.64846540, 96.25197773,   3.8
 59,  87, 28.64277453, 96.25064934,   3.8
 60,  87, 28.63700620, 96.24930301,   3.8
 61,  87, 28.63115936, 96.24793852,   3.8
 62,  87, 28.62523295, 96.24655561,   3.8
 63,  87, 28.61922589, 96.24515405,   3.8
 64,  87, 28.61313706, 96.24373357,   3.8
 65,  87, 28.60696537, 96.24229393,   3.8
 66,  87, 28.60070968, 96.24083488,   3.8
 67,  87, 28.59436885, 96.23935614,   3.8
 68,  87, 28.58794173, 96.23785747,   3.8
 69,  87, 28.58142712, 96.23633858,   3.7
 70,  87, 28.57482386, 96.23479922,   3.7
 71,  87, 28.56813072, 96.23323911,   3.7
 72,  87, 28.56134648, 96.23165797,   3.7
 73,  87, 28.55446991, 96.23005552,   3.7
 74,  87, 28.54749975, 96.22843148,   3.6
 75,  87, 28.54043472, 96.22678556,   3.6
 76,  87, 28.53327353, 96.22511746,   3.6
 77,  87, 28.52601487, 96.22342689,   3.6
 78,  87, 28.51865742, 96.22171356,   3.6
 79,  87, 28.51119983, 96.21997715,   3.6
 80,  87, 28.50364074, 96.21821736,   3.7
 81,  87, 28.49597876, 96.21643389,   3.7
 82,  87, 28.48821250, 96.21462640,   4.0
 83,  87, 28.48034053, 96.21279459,   4.0
 84,  87, 28.47236141, 96.21093813,   3.9
 85,  87, 28.46427369, 96.20905669,   3.9
 86,  87, 28.45607589, 96.20714994,   3.8
 87,  87, 28.44776651, 96.20521755,   3.8
 88,  87, 28.43934403, 96.20325916,   3.7
 89,  87, 28.43080691, 96.20127444,   3.7
 90,  87, 28.42215359, 96.19926304,   3.7
 91,  87, 28.41338249, 96.19722461,   3.6
 92,  87, 28.40449200, 96.19515877,   3.6
 93,  87, 28.39548050, 96.19306518,   3.6
 94,  87, 28.38634633, 96.19094346,   3.5
 95,  87, 28.37708784, 96.18879323,   3.5
 96,  87, 28.36770333, 96.18661413,   3.5
 97,  87, 28.35819108, 96.18440576,   3.4
 98,  87, 28.34854935, 96.18216775,   3.4
 99,  87, 28.33877637, 96.17989969,   3.4
100,  87, 28.32887038, 96.17760119,   3.4
101,  87, 28.31882954, 96.17527184,   3.3
102,  87, 28.30865203, 96.17291125,   3.3
103,  87, 28.29833598, 96.17051899,   3.3
104,  87, 28.28787950, 96.16809465,   3.3
105,  87, 28.27728070, 96.16563779,   3.2
106,  87, 28.26653762, 96.16314801,   3.2
107,  87, 28.25564831, 96.16062485,   3.2
108,  87, 28.24461076, 96.15806787,   3.2
109,  87, 28.23342297, 96.15547664,   3.1
110,  87, 28.22208289, 96.15285070,   3.1
111,  87, 28.21058844, 96.15018959,   3.1
112,  87, 28.19893752, 96.14749284,   3.1
113,  87, 28.18712800, 96.14476000,   3.0
114,  87, 28.17515773, 96.14199058,   3.0
115,  87, 28.16302450, 96.13918410,   3.0
116,  87, 28.15072611, 96.13634007,   3.0
117,  87, 28.13826030, 96.13345801,   2.9
118,  87, 28.12562480, 96.13053741,   2.9
119,  87, 28.11281729, 96.12757776,   2.9
120,  87, 28.09983544, 96.12457855,   2.9
121,  87, 28.08667685, 96.12153926,   2.9
122,  87, 28.07333914, 96.11845937,   2.8
123,  87, 28.05981986, 96.11533835,   2.8
124,  87, 28.04611654, 96.11217565,   2.8
125,  87, 28.03222667, 96.10897072,   2.8
126,  87, 28.01814772, 96.10572303,   2.8
127,  87, 28.00387710, 96.10243200,   2.7
128,  87, 27.98941220, 96.09909707,   2.7
129,  87, 27.97475039, 96.09571766,   2.7
130,  87, 27.95988898, 96.09229320,   2.7
131,  87, 27.94482525, 96.08882310,   2.7
132,  87, 27.92955644, 96.08530675,   2.7
133,  87, 27.91407977, 96.08174356,   2.7
134,  87, 27.89839240, 96.07813292,   2.7
135,  87, 27.88249146, 96.07447421,   2.6
136,  87, 27.86637405, 96.07076679,   2.6
137,  87, 27.85003721, 96.06701005,   2.6
138,  87, 27.83347796, 96.06320333,   2.6
139,  87, 27.81669328, 96.05934598,   2.6
140,  87, 27.79968008, 96.05543736,   2.6
141,  87, 27.78243526, 96.05147679,   2.6
142,  87, 27.76495566, 96.04746359,   2.6
143,  87, 27.74723809, 96.04339709,   2.6
144,  87, 27.72927930, 96.03927660,   2.6
145,  87, 27.71107601, 96.03510141,   2.6
146,  87, 27.69262490, 96.03087082,   2.6
147,  87, 27.67392258, 96.02658411,   2.6
148,  87, 27.65496563, 96.02224056,   2.6
149,  87, 27.63575059, 96.01783943,   2.6
150,  87, 27.61627394, 96.01337997,   2.6
151,  87, 27.59653213, 96.00886144,   2.6
152,  87, 27.57652153, 96.00428308,   2.6
153,  87, 27.55623849, 95.99964411,   2.6
154,  87, 27.53567929, 95.99494375,   2.6
155,  87, 27.51484019, 95.99018121,   2.6
156,  87, 27.49371736, 95.98535570,   2.6
157,  87, 27.47230694, 95.98046640,   2.6
158,  87, 27.45060502, 95.97551250,   2.6
159,  87, 27.42860762, 95.97049317,   2.6
160,  87, 27.40631073, 95.96540757,   2.6
161,  87, 27.38371025, 95.96025484,   2.6
162,  87, 27.36080207, 95.95503414,   2.6
163,  87, 27.33758199, 95.94974459,   2.6
164,  87, 27.31404577, 95.94438531,   2.6
165,  87, 27.29018909, 95.93895542,   2.6
166,  87, 27.26600759, 95.93345401,   2.6
167,  87, 27.24149686, 95.92788016,   2.6
168,  87, 27.21665241, 95.92223297,   2.6
169,  87, 27.19146969, 95.91651149,   2.6
170,  87, 27.16594410, 95.91071479,   2.7
171,  87, 27.14007097, 95.90484189,   2.7
172,  87, 27.11384557, 95.89889185,   2.7
173,  87, 27.08726311, 95.89286368,   2.7
174,  87, 27.06031871, 95.88675639,   2.7
175,  87, 27.03300746, 95.88056898,   2.7
176,  87, 27.00532436, 95.87430044,   2.7
177,  87, 26.97726434, 95.86794973,   2.7
178,  87, 26.94882228, 95.86151584,   2.7
179,  87, 26.91999298, 95.85499770,   2.7
180,  87, 26.89077116, 95.84839426,   2.7
181,  87, 26.86115148, 95.84170444,   2.7
182,  87, 26.83112853, 95.83492716,   2.7
183,  87, 26.80069681, 95.82806132,   2.7
184,  87, 26.76985076, 95.82110581,   2.7
185,  87, 26.73858475, 95.81405950,   2.7
186,  87, 26.70689305, 95.80692126,   2.7
187,  87, 26.67476988, 95.79968994,   2.7
188,  87, 26.64220935, 95.79236438,   2.7
189,  87, 26.60920553, 95.78494339,   2.7
190,  87, 26.57575237, 95.77742580,   2.7
191,  87, 26.54184377, 95.76981039,   2.7
  1,  88, 28.87366786, 96.30156533,  99.9
  2,  88, 28.87104170, 96.30090754,  99.9
  3,  88, 28.86837982, 96.30024083,  99.9
  4,  88, 28.86568171, 96.29956509,  99.9
  5,  88, 28.86294688, 96.29888019,  99.9
  6,  88, 28.86017484, 96.29818600,  99.9
  7,  88, 28.85736507, 96.29748241,  99.9
  8,  88, 28.85451707, 96.29676928,  99.9
  9,  88, 28.85163031, 96.29604649,  99.9
 10,  88, 28.84870427, 96.29531390,  99.9
 11,  88, 28.84573841, 96.29457139,  99.9
 12,  88, 28.84273219, 96.29381881,  99.9
 13,  88, 28.83968506, 96.29305604,  99.9
 14,  88, 28.83659647, 96.29228294,  99.9
 15,  88, 28.83346584, 96.29149936,  99.9
 16,  88, 28.83029261, 96.29070517,  99.9
 17,  88, 28.82707620, 96.28990022,  99.9
 18,  88, 28.82381602, 96.28908437,  99.9
 19,  88, 28.82051147, 96.28825747,  99.9
 20,  88, 28.81716195, 96.28741938,  99.9
 21,  88, 28.81376685, 96.28656993,  99.9
 22,  88, 28.81032555, 96.28570898,  99.9
 23,  88, 28.80683741, 96.28483637,  99.9
 24,  88, 28.80330181, 96.28395195,  99.9
 25,  88, 28.79971809, 96.28305555,  99.9
 26,  88, 28.79608560, 96.28214702,  99.9
 27,  88, 28.79240368, 96.28122619,  99.9
 28,  88, 28.78867165, 96.28029290,  99.9
 29,  88, 28.78488884, 96.27934698,  99.9
 30,  88, 28.78105454, 96.27838825,  99.9
 31,  88, 28.77716807, 96.27741655,  99.9
 32,  88, 28.77322870, 96.27643171,  99.9
 33,  88, 28.76923572, 96.27543353,  99.9
 34,  88, 28.76518840, 96.27442185,  99.9
 35,  88, 28.76108600, 96.27339649,  99.9
 36,  88, 28.75692778, 96.27235725,  99.9
 37,  88, 28.75271296, 96.27130396,  99.9
 38,  88, 28.74844078, 96.27023642,  99.9
 39,  88, 28.74411046, 96.26915444,  99.9
 40,  88, 28.73972121, 96.26805784,  99.9
 41,  88, 28.73527223, 96.26694640,  99.9
 42,  88, 28.73076269, 96.26581994,  99.9
 43,  88, 28.72619179, 96.26467824,  99.9
 44,  88, 28.72155868, 96.26352111,  99.9
 45,  88, 28.71686251, 96.26234835,   4.1
 46,  88, 28.71210244, 96.26115972,   4.0
 47,  88, 28.70727758, 96.25995504,   4.0
 48,  88, 28.70238705, 96.25873408,   4.0
 49,  88, 28.69742997, 96.25749661,   4.0
 50,  88, 28.69240543, 96.25624243,  99.9
 51,  88, 28.68731250, 96.25497130,  99.9
 52,  88, 28.68215026, 96.25368301,   4.0
 53,  88, 28.67691776, 96.25237731,   4.0
 54,  88, 28.67161405, 96.25105397,   3.9
 55,  88, 28.66623816, 96.24971277,   3.9
 56,  88, 28.66078910, 96.24835345,   3.9
 57,  88, 28.65526588, 96.24697578,   3.9
 58,  88, 28.64966749, 96.24557951,   3.9
 59,  88, 28.64399290, 96.24416439,   3.9
 60,  88, 28.63824108, 96.24273017,   3.9
 61,  88, 28.63241099, 96.24127660,   3.9
 62,  88, 28.62650154, 96.23980341,   3.9
 63,  88, 28.62051166, 96.23831034,   3.9
 64,  88, 28.61444026, 96.23679712,   3.9
 65,  88, 28.60828623, 96.23526350,   3.9
 66,  88, 28.60204843, 96.23370918,   3.9
 67,  88, 28.59572574, 96.23213391,   3.8
 68,  88, 28.58931700, 96.23053738,   3.8
 69,  88, 28.58282103, 96.22891934,   3.8
 70,  88, 28.57623664, 96.22727947,   3.8
 71,  88, 28.56956264, 96.22561750,   3.7
 72,  88, 28.56279779, 96.22393313,   3.7
 73,  88, 28.55594088, 96.22222606,   3.7
 74,  88, 28.54899064, 96.22049598,   3.7
 75,  88, 28.54194579, 96.21874260,   3.7
 76,  88, 28.53480507, 96.21696559,   3.7
 77,  88, 28.52756715, 96.21516464,   3.7
 78,  88, 28.52023071, 96.21333944,   3.7
 79,  88, 28.51279442, 96.21148966,   3.7
 80,  88, 28.50525691, 96.20961497,   3.7
 81,  88, 28.49761681, 96.20771505,   3.7
 82,  88, 28.48987272, 96.20578955,   4.0
 83,  88, 28.48202321, 96.20383813,   4.0
 84,  88, 28.47406687, 96.20186046,   3.9
 85,  88, 28.46600223, 96.19985617,   3.9
 86,  88, 28.45782782, 96.19782492,   3.8
 87,  88, 28.44954215, 96.19576635,   3.8
 88,  88, 28.44114369, 96.19368009,   3.7
 89,  88, 28.43263091, 96.19156578,   3.7
 90,  88, 28.42400227, 96.18942304,   3.7
 91,  88, 28.41525617, 96.18725150,   3.6
 92,  88, 28.40639102, 96.18505077,   3.6
 93,  88, 28.39740520, 96.18282047,   3.5
 94,  88, 28.38829706, 96.18056020,   3.5
 95,  88, 28.37906495, 96.17826957,   3.5
 96,  88, 28.36970717, 96.17594817,   3.5
 97,  88, 28.36022201, 96.17359560,   3.4
 98,  88, 28.35060773, 96.17121144,   3.4
 99,  88, 28.34086258, 96.16879527,   3.4
100,  88, 28.33098478, 96.16634668,   3.4
101,  88, 28.32097252, 96.16386523,   3.3
102,  88, 28.31082396, 96.16135048,   3.3
103,  88, 28.30053726, 96.15880200,   3.3
104,  88, 28.29011053, 96.15621933,   3.2
105,  88, 28.27954187, 96.15360204,   3.2
106,  88, 28.26882933, 96.15094966,   3.2
107,  88, 28.25797097, 96.14826172,   3.2
108,  88, 28.24696480, 96.14553776,   3.1
109,  88, 28.23580880, 96.14277731,   3.1
110,  88, 28.22450093, 96.13997987,   3.1
111,  88, 28.21303913, 96.13714497,   3.1
112,  88, 28.20142129, 96.13427211,   3.1
113,  88, 28.18964530, 96.13136078,   3.0
114,  88, 28.17770901, 96.12841049,   3.0
115,  88, 28.16561021, 96.12542072,   3.0
116,  88, 28.15334672, 96.12239095,   3.0
117,  88, 28.14091627, 96.11932066,   2.9
118,  88, 28.12831660, 96.11620930,   2.9
119,  88, 28.11554540, 96.11305635,   2.9
120,  88, 28.10260034, 96.10986126,   2.9
121,  88, 28.08947905, 96.10662346,   2.9
122,  88, 28.07617913, 96.10334241,   2.8
123,  88, 28.06269814, 96.10001754,   2.8
124,  88, 28.04903363, 96.09664826,   2.8
125,  88, 28.03518308, 96.09323400,   2.8
126,  88, 28.02114397, 96.08977418,   2.8
127,  88, 28.00691373, 96.08626818,   2.7
128,  88, 27.99248976, 96.08271542,   2.7
129,  88, 27.97786941, 96.07911527,   2.7
130,  88, 27.96305002, 96.07546712,   2.7
131,  88, 27.94802887, 96.07177035,   2.7
132,  88, 27.93280321, 96.06802431,   2.7
133,  88, 27.91737026, 96.06422836,   2.7
134,  88, 27.90172719, 96.06038186,   2.7
135,  88, 27.88587115, 96.05648415,   2.6
136,  88, 27.86979923, 96.05253455,   2.6
137,  88, 27.85350850, 96.04853239,   2.6
138,  88, 27.83699596, 96.04447699,   2.6
139,  88, 27.82025861, 96.04036765,   2.6
140,  88, 27.80329338, 96.03620368,   2.6
141,  88, 27.78609716, 96.03198437,   2.6
142,  88, 27.76866681, 96.02770900,   2.6
143,  88, 27.75099914, 96.02337683,   2.6
144,  88, 27.73309092, 96.01898714,   2.6
145,  88, 27.71493888, 96.01453917,   2.6
146,  88, 27.69653968, 96.01003218,   2.6
147,  88, 27.67788997, 96.00546541,   2.6
148,  88, 27.65898633, 96.00083807,   2.6
149,  88, 27.63982530, 95.99614938,   2.6
150,  88, 27.62040339, 95.99139856,   2.6
151,  88, 27.60071702, 95.98658480,   2.6
152,  88, 27.58076262, 95.98170729,   2.6
153,  88, 27.56053651, 95.97676520,   2.6
154,  88, 27.54003501, 95.97175772,   2.6
155,  88, 27.51925436, 95.96668399,   2.6
156,  88, 27.49819075, 95.96154316,   2.6
157,  88, 27.47684035, 95.95633438,   2.6
158,  88, 27.45519923, 95.95105677,   2.6
159,  88, 27.43326344, 95.94570944,   2.6
160,  88, 27.41102897, 95.94029151,   2.6
161,  88, 27.38849175, 95.93480206,   2.6
162,  88, 27.36564765, 95.92924019,   2.6
163,  88, 27.34249250, 95.92360497,   2.6
164,  88, 27.31902206, 95.91789545,   2.6
165,  88, 27.29523203, 95.91211070,   2.6
166,  88, 27.27111807, 95.90624975,   2.6
167,  88, 27.24667576, 95.90031163,   2.6
168,  88, 27.22190063, 95.89429536,   2.6
169,  88, 27.19678815, 95.88819994,   2.6
170,  88, 27.17133372, 95.88202437,   2.6
171,  88, 27.14553269, 95.87576763,   2.7
172,  88, 27.11938034, 95.86942869,   2.7
173,  88, 27.09287188, 95.86300651,   2.7
174,  88, 27.06600246, 95.85650003,   2.7
175,  88, 27.03876718, 95.84990818,   2.7
176,  88, 27.01116104, 95.84322989,   2.7
177,  88, 26.98317899, 95.83646407,   2.7
178,  88, 26.95481593, 95.82960960,   2.7
179,  88, 26.92606666, 95.82266538,   2.7
180,  88, 26.89692592, 95.81563026,   2.7
181,  88, 26.86738838, 95.80850312,   2.7
182,  88, 26.83744864, 95.80128279,   2.7
183,  88, 26.80710123, 95.79396809,   2.7
184,  88, 26.77634059, 95.78655786,   2.7
185,  88, 26.74516110, 95.77905088,   2.7
186,  88, 26.71355705, 95.77144595,   2.7
187,  88, 26.68152268, 95.76374185,   2.7
188,  88, 26.64905212, 95.75593733,   2.7
189,  88, 26.61613943, 95.74803114,   2.7
190,  88, 26.58277859, 95.74002201,   2.7
191,  88, 26.54896351, 95.73190867,   2.7
  1,  89, 28.87426058, 96.29860663,  99.9
  2,  89, 28.87164248, 96.29790865,  99.9
  3,  89, 28.86898875, 96.29720121,  99.9
  4,  89, 28.86629891, 96.29648419,  99.9
  5,  89, 28.86357247, 96.29575744,  99.9
  6,  89, 28.86080892, 96.29502085,  99.9
  7,  89, 28.85800776, 96.29427427,  99.9
  8,  89, 28.85516849, 96.29351757,  99.9
  9,  89, 28.85229058, 96.29275062,  99.9
 10,  89, 28.84937350, 96.29197328,  99.9
 11,  89, 28.84641673, 96.29118540,  99.9
 12,  89, 28.84341972, 96.29038685,  99.9
 13,  89, 28.84038193, 96.28957748,  99.9
 14,  89, 28.83730280, 96.28875714,  99.9
 15,  89, 28.83418176, 96.28792569,  99.9
 16,  89, 28.83101825, 96.28708298,  99.9
 17,  89, 28.82781169, 96.28622886,  99.9
 18,  89, 28.82456149, 96.28536316,  99.9
 19,  89, 28.82126706, 96.28448574,  99.9
 20,  89, 28.81792780, 96.28359644,  99.9
 21,  89, 28.81454310, 96.28269509,  99.9
 22,  89, 28.81111233, 96.28178154,  99.9
 23,  89, 28.80763488, 96.28085562,  99.9
 24,  89, 28.80411010, 96.27991717,  99.9
 25,  89, 28.80053735, 96.27896600,  99.9
 26,  89, 28.79691598, 96.27800196,  99.9
 27,  89, 28.79324533, 96.27702488,  99.9
 28,  89, 28.78952473, 96.27603456,  99.9
 29,  89, 28.78575349, 96.27503085,  99.9
 30,  89, 28.78193093, 96.27401354,  99.9
 31,  89, 28.77805634, 96.27298248,  99.9
 32,  89, 28.77412903, 96.27193746,  99.9
 33,  89, 28.77014827, 96.27087830,  99.9
 34,  89, 28.76611333, 96.26980480,  99.9
 35,  89, 28.76202348, 96.26871679,  99.9
 36,  89, 28.75787798, 96.26761406,  99.9
 37,  89, 28.75367605, 96.26649641,  99.9
 38,  89, 28.74941694, 96.26536365,  99.9
 39,  89, 28.74509986, 96.26421556,  99.9
 40,  89, 28.74072403, 96.26305195,  99.9
 41,  89, 28.73628865, 96.26187261,  99.9
 42,  89, 28.73179291, 96.26067731,  99.9
 43,  89, 28.72723598, 96.25946586,  99.9
 44,  89, 28.72261703, 96.25823803,  99.9
 45,  89, 28.71793522, 96.25699360,   4.1
 46,  89, 28.71318969, 96.25573236,   4.1
 47,  89, 28.70837957, 96.25445406,   4.0
 48,  89, 28.70350399, 96.25315850,  99.9
 49,  89, 28.69856206, 96.25184542,  99.9
 50,  89, 28.69355287, 96.25051460,  99.9
 51,  89, 28.68847550, 96.24916581,   4.1
 52,  89, 28.68332902, 96.24779879,   4.0
 53,  89, 28.67811251, 96.24641331,   4.0
 54,  89, 28.67282499, 96.24500911,   3.9
 55,  89, 28.66746552, 96.24358595,   3.9
 56,  89, 28.66203310, 96.24214358,   3.9
 57,  89, 28.65652674, 96.24068173,   3.9
 58,  89, 28.65094544, 96.23920014,   3.9
 59,  89, 28.64528818, 96.23769855,   4.0
 60,  89, 28.63955391, 96.23617669,   4.0
 61,  89, 28.63374161, 96.23463429,   3.9
 62,  89, 28.62785019, 96.23307108,   3.9
 63,  89, 28.62187859, 96.23148677,   3.9
 64,  89, 28.61582571, 96.22988109,   3.9
 65,  89, 28.60969045, 96.22825375,   3.9
 66,  89, 28.60347168, 96.22660445,   3.9
 67,  89, 28.59716828, 96.22493291,  99.9
 68,  89, 28.59077907, 96.22323883,  99.9
 69,  89, 28.58430291, 96.22152190,   3.8
 70,  89, 28.57773859, 96.21978183,   3.8
 71,  89, 28.57108493, 96.21801830,   3.8
 72,  89, 28.56434071, 96.21623099,   3.7
 73,  89, 28.55750469, 96.21441960,   3.7
 74,  89, 28.55057563, 96.21258380,   3.7
 75,  89, 28.54355225, 96.21072326,   3.7
 76,  89, 28.53643327, 96.20883765,   3.7
 77,  89, 28.52921740, 96.20692665,   3.7
 78,  89, 28.52190330, 96.20498991,   3.7
 79,  89, 28.51448966, 96.20302708,   3.7
 80,  89, 28.50697510, 96.20103782,   3.7
 81,  89, 28.49935825, 96.19902179,   4.1
 82,  89, 28.49163773, 96.19697861,   4.0
 83,  89, 28.48381212, 96.19490793,   4.0
 84,  89, 28.47587998, 96.19280939,   3.9
 85,  89, 28.46783988, 96.19068261,   3.9
 86,  89, 28.45969034, 96.18852722,   3.8
 87,  89, 28.45142986, 96.18634283,   3.8
 88,  89, 28.44305694, 96.18412907,   3.7
 89,  89, 28.43457005, 96.18188554,   3.7
 90,  89, 28.42596763, 96.17961184,   3.6
 91,  89, 28.41724812, 96.17730758,   3.6
 92,  89, 28.40840991, 96.17497234,   3.6
 93,  89, 28.39945140, 96.17260573,   3.5
 94,  89, 28.39037093, 96.17020731,   3.5
 95,  89, 28.38116686, 96.16777667,   3.5
 96,  89, 28.37183750, 96.16531339,   3.5
 97,  89, 28.36238114, 96.16281702,   3.4
 98,  89, 28.35279605, 96.16028714,   3.4
 99,  89, 28.34308048, 96.15772329,   3.4
100,  89, 28.33323266, 96.15512503,   3.3
101,  89, 28.32325077, 96.15249190,   3.3
102,  89, 28.31313301, 96.14982344,   3.3
103,  89, 28.30287751, 96.14711918,   3.3
104,  89, 28.29248240, 96.14437865,   3.2
105,  89, 28.28194577, 96.14160138,   3.2
106,  89, 28.27126571, 96.13878686,   3.2
107,  89, 28.26044026, 96.13593462,   3.2
108,  89, 28.24946744, 96.13304415,   3.1
109,  89, 28.23834523, 96.13011495,   3.1
110,  89, 28.22707162, 96.12714651,   3.1
111,  89, 28.21564452, 96.12413831,   3.1
112,  89, 28.20406186, 96.12108983,   3.1
113,  89, 28.19232152, 96.11800053,   3.0
114,  89, 28.18042134, 96.11486989,   3.0
115,  89, 28.16835916, 96.11169735,   3.0
116,  89, 28.15613276, 96.10848236,   3.0
117,  89, 28.14373990, 96.10522436,   2.9
118,  89, 28.13117833, 96.10192280,   2.9
119,  89, 28.11844574, 96.09857709,   2.9
120,  89, 28.10553980, 96.09518666,   2.9
121,  89, 28.09245815, 96.09175092,   2.9
122,  89, 28.07919841, 96.08826927,   2.8
123,  89, 28.06575813, 96.08474112,   2.8
124,  89, 28.05213487, 96.08116585,   2.8
125,  89, 28.03832614, 96.07754285,   2.8
126,  89, 28.02432939, 96.07387149,   2.8
127,  89, 28.01014208, 96.07015114,   2.7
128,  89, 27.99576161, 96.06638115,   2.7
129,  89, 27.98118535, 96.06256088,   2.7
130,  89, 27.96641063, 96.05868967,   2.7
131,  89, 27.95143475, 96.05476686,   2.7
132,  89, 27.93625496, 96.05079177,   2.7
133,  89, 27.92086850, 96.04676372,   2.7
134,  89, 27.90527254, 96.04268202,   2.7
135,  89, 27.88946423, 96.03854597,   2.6
136,  89, 27.87344067, 96.03435485,   2.6
137,  89, 27.85719895, 96.03010797,   2.6
138,  89, 27.84073608, 96.02580458,   2.6
139,  89, 27.82404905, 96.02144396,   2.6
140,  89, 27.80713481, 96.01702535,   2.6
141,  89, 27.78999027, 96.01254802,   2.6
142,  89, 27.77261228, 96.00801119,   2.6
143,  89, 27.75499767, 96.00341409,   2.6
144,  89, 27.73714321, 95.99875594,   2.6
145,  89, 27.71904564, 95.99403596,   2.6
146,  89, 27.70070164, 95.98925334,   2.6
147,  89, 27.68210786, 95.98440726,   2.6
148,  89, 27.66326090, 95.97949692,   2.6
149,  89, 27.64415730, 95.97452147,   2.6
150,  89, 27.62479357, 95.96948008,   2.6
151,  89, 27.60516617, 95.96437190,   2.6
152,  89, 27.58527150, 95.95919606,   2.6
153,  89, 27.56510593, 95.95395170,   2.6
154,  89, 27.54466576, 95.94863793,   2.6
155,  89, 27.52394725, 95.94325386,   2.6
156,  89, 27.50294662, 95.93779858,   2.6
157,  89, 27.48166002, 95.93227119,   2.6
158,  89, 27.46008354, 95.92667074,   2.6
159,  89, 27.43821326, 95.92099632,   2.6
160,  89, 27.41604515, 95.91524696,   2.6
161,  89, 27.39357518, 95.90942171,   2.6
162,  89, 27.37079921, 95.90351959,   2.6
163,  89, 27.34771309, 95.89753963,   2.6
164,  89, 27.32431259, 95.89148083,   2.6
165,  89, 27.30059344, 95.88534218,   2.6
166,  89, 27.27655127, 95.87912267,   2.6
167,  89, 27.25218171, 95.87282125,   2.6
168,  89, 27.22748029, 95.86643690,   2.6
169,  89, 27.20244248, 95.85996855,   2.6
170,  89, 27.17706371, 95.85341513,   2.6
171,  89, 27.15133934, 95.84677557,   2.7
172,  89, 27.12526465, 95.84004878,   2.7
173,  89, 27.09883487, 95.83323363,   2.7
174,  89, 27.07204517, 95.82632903,   2.7
175,  89, 27.04489065, 95.81933383,   2.7
176,  89, 27.01736634, 95.81224688,   2.7
177,  89, 26.98946719, 95.80506704,   2.7
178,  89, 26.96118812, 95.79779312,   2.7
179,  89, 26.93252393, 95.79042394,   2.7
180,  89, 26.90346939, 95.78295830,   2.7
181,  89, 26.87401919, 95.77539498,   2.7
182,  89, 26.84416793, 95.76773277,   2.7
183,  89, 26.81391015, 95.75997041,   2.7
184,  89, 26.78324031, 95.75210665,   2.7
185,  89, 26.75215282, 95.74414021,   2.7
186,  89, 26.72064197, 95.73606982,   2.7
187,  89, 26.68870201, 95.72789417,   2.7
188,  89, 26.65632709, 95.71961195,   2.7
189,  89, 26.62351129, 95.71122182,   2.7
190,  89, 26.59024861, 95.70272244,   2.7
191,  89, 26.55653297, 95.69411246,   2.7
  1,  90, 28.87488839, 96.29565726,  99.9
  2,  90, 28.87227881, 96.29491922,  99.9
  3,  90, 28.86963373, 96.29417118,  99.9
  4,  90, 28.86695265, 96.29341300,  99.9
  5,  90, 28.86423508, 96.29264454,  99.9
  6,  90, 28.86148053, 96.29186567,  99.9
  7,  90, 28.85868850, 96.29107624,  99.9
  8,  90, 28.85585847, 96.29027612,  99.9
  9,  90, 28.85298992, 96.28946515,  99.9
 10,  90, 28.85008235, 96.28864319,  99.9
 11,  90, 28.84713520, 96.28781009,  99.9
 12,  90, 28.84414795, 96.28696570,  99.9
 13,  90, 28.84112004, 96.28610988,  99.9
 14,  90, 28.83805093, 96.28524246,  99.9
 15,  90, 28.83494005, 96.28436329,  99.9
 16,  90, 28.83178683, 96.28347221,  99.9
 17,  90, 28.82859071, 96.28256906,  99.9
 18,  90, 28.82535109, 96.28165367,  99.9
 19,  90, 28.82206738, 96.28072589,  99.9
 20,  90, 28.81873898, 96.27978554,  99.9
 21,  90, 28.81536529, 96.27883246,  99.9
 22,  90, 28.81194569, 96.27786648,  99.9
 23,  90, 28.80847954, 96.27688741,  99.9
 24,  90, 28.80496623, 96.27589509,  99.9
 25,  90, 28.80140510, 96.27488933,  99.9
 26,  90, 28.79779551, 96.27386996,  99.9
 27,  90, 28.79413680, 96.27283678,  99.9
 28,  90, 28.79042829, 96.27178963,  99.9
 29,  90, 28.78666931, 96.27072830,  99.9
 30,  90, 28.78285918, 96.26965260,  99.9
 31,  90, 28.77899719, 96.26856235,  99.9
 32,  90, 28.77508265, 96.26745735,  99.9
 33,  90, 28.77111483, 96.26633739,  99.9
 34,  90, 28.76709301, 96.26520228,  99.9
 35,  90, 28.76301645, 96.26405181,  99.9
 36,  90, 28.75888441, 96.26288578,  99.9
 37,  90, 28.75469614, 96.26170398,  99.9
 38,  90, 28.75045087, 96.26050619,  99.9
 39,  90, 28.74614782, 96.25929220,  99.9
 40,  90, 28.74178621, 96.25806180,  99.9
 41,  90, 28.73736524, 96.25681476,  99.9
 42,  90, 28.73288409, 96.25555085,  99.9
 43,  90, 28.72834197, 96.25426986,  99.9
 44,  90, 28.72373802, 96.25297155,  99.9
 45,  90, 28.71907141, 96.25165568,  99.9
 46,  90, 28.71434129, 96.25032204,  99.9
 47,  90, 28.70954680, 96.24897036,  99.9
 48,  90, 28.70468704, 96.24760042,  99.9
 49,  90, 28.69976115, 96.24621197,  99.9
 50,  90, 28.69476822, 96.24480476,  99.9
 51,  90, 28.68970733, 96.24337853,   4.1
 52,  90, 28.68457756, 96.24193304,   4.0
 53,  90, 28.67937797, 96.24046802,   4.0
 54,  90, 28.67410761, 96.23898322,   4.0
 55,  90, 28.66876552, 96.23747836,   4.0
 56,  90, 28.66335073, 96.23595318,   4.0
 57,  90, 28.65786223, 96.23440741,   4.0
 58,  90, 28.65229903, 96.23284076,   4.0
 59,  90, 28.64666012, 96.23125297,   4.0
 60,  90, 28.64094445, 96.22964374,   4.0
 61,  90, 28.63515099, 96.22801280,   4.0
 62,  90, 28.62927867, 96.22635984,   4.0
 63,  90, 28.62332643, 96.22468458,   4.0
 64,  90, 28.61729317, 96.22298672,   4.0
 65,  90, 28.61117779, 96.22126595,   4.0
 66,  90, 28.60497918, 96.21952196,   3.9
 67,  90, 28.59869619, 96.21775446,   3.9
 68,  90, 28.59232769, 96.21596312,  99.9
 69,  90, 28.58587250, 96.21414762,   3.8
 70,  90, 28.57932945, 96.21230764,   3.8
 71,  90, 28.57269734, 96.21044286,   3.8
 72,  90, 28.56597495, 96.20855294,   3.8
 73,  90, 28.55916107, 96.20663755,   3.8
 74,  90, 28.55225443, 96.20469635,   3.8
 75,  90, 28.54525379, 96.20272899,   3.8
 76,  90, 28.53815785, 96.20073512,   3.8
 77,  90, 28.53096533, 96.19871439,   3.8
 78,  90, 28.52367490, 96.19666645,   3.8
 79,  90, 28.51628524, 96.19459093,   3.7
 80,  90, 28.50879499, 96.19248745,  99.9
 81,  90, 28.50120278, 96.19035566,   4.1
 82,  90, 28.49350722, 96.18819517,   4.0
 83,  90, 28.48570691, 96.18600560,   3.9
 84,  90, 28.47780042, 96.18378656,   3.9
 85,  90, 28.46978631, 96.18153766,   3.8
 86,  90, 28.46166310, 96.17925851,   3.8
 87,  90, 28.45342932, 96.17694870,   3.8
 88,  90, 28.44508345, 96.17460782,   3.7
 89,  90, 28.43662397, 96.17223546,   3.7
 90,  90, 28.42804934, 96.16983120,   3.6
 91,  90, 28.41935798, 96.16739462,   3.6
 92,  90, 28.41054831, 96.16492530,   3.6
 93,  90, 28.40161872, 96.16242278,   3.5
 94,  90, 28.39256756, 96.15988664,   3.5
 95,  90, 28.38339319, 96.15731642,   3.5
 96,  90, 28.37409393, 96.15471169,   3.5
 97,  90, 28.36466808, 96.15207197,   3.4
 98,  90, 28.35511391, 96.14939680,   3.4
 99,  90, 28.34542967, 96.14668572,   3.4
100,  90, 28.33561360, 96.14393825,   3.3
101,  90, 28.32566390, 96.14115390,   3.3
102,  90, 28.31557874, 96.13833220,   3.3
103,  90, 28.30535629, 96.13547264,   3.3
104,  90, 28.29499467, 96.13257472,   3.2
105,  90, 28.28449199, 96.12963795,   3.2
106,  90, 28.27384632, 96.12666179,   3.2
107,  90, 28.26305573, 96.12364574,   3.2
108,  90, 28.25211823, 96.12058927,   3.1
109,  90, 28.24103183, 96.11749184,   3.1
110,  90, 28.22979449, 96.11435291,   3.1
111,  90, 28.21840416, 96.11117194,   3.1
112,  90, 28.20685876, 96.10794837,   3.0
113,  90, 28.19515617, 96.10468164,   3.0
114,  90, 28.18329426, 96.10137118,   3.0
115,  90, 28.17127084, 96.09801642,   3.0
116,  90, 28.15908374, 96.09461677,   3.0
117,  90, 28.14673070, 96.09117164,   2.9
118,  90, 28.13420948, 96.08768044,   2.9
119,  90, 28.12151778, 96.08414255,   2.9
120,  90, 28.10865328, 96.08055737,   2.9
121,  90, 28.09561363, 96.07692428,   2.8
122,  90, 28.08239644, 96.07324264,   2.8
123,  90, 28.06899929, 96.06951182,   2.8
124,  90, 28.05541973, 96.06573118,   2.8
125,  90, 28.04165527, 96.06190006,   2.8
126,  90, 28.02770341, 96.05801779,   2.8
127,  90, 28.01356157, 96.05408372,   2.7
128,  90, 27.99922718, 96.05009716,   2.7
129,  90, 27.98469762, 96.04605743,   2.7
130,  90, 27.96997022, 96.04196383,   2.7
131,  90, 27.95504228, 96.03781565,   2.7
132,  90, 27.93991109, 96.03361219,   2.7
133,  90, 27.92457386, 96.02935273,   2.7
134,  90, 27.90902779, 96.02503652,   2.6
135,  90, 27.89327004, 96.02066284,   2.6
136,  90, 27.87729772, 96.01623094,   2.6
137,  90, 27.86110791, 96.01174005,   2.6
138,  90, 27.84469765, 96.00718941,   2.6
139,  90, 27.82806393, 96.00257824,   2.6
140,  90, 27.81120371, 95.99790575,   2.6
141,  90, 27.79411389, 95.99317116,   2.6
142,  90, 27.77679137, 95.98837365,   2.6
143,  90, 27.75923296, 95.98351240,   2.6
144,  90, 27.74143544, 95.97858659,   2.6
145,  90, 27.72339558, 95.97359538,   2.6
146,  90, 27.70511005, 95.96853794,   2.6
147,  90, 27.68657551, 95.96341338,   2.6
148,  90, 27.66778858, 95.95822086,   2.6
149,  90, 27.64874581, 95.95295950,   2.6
150,  90, 27.62944372, 95.94762839,   2.6
151,  90, 27.60987877, 95.94222665,   2.6
152,  90, 27.59004738, 95.93675337,   2.6
153,  90, 27.56994593, 95.93120761,   2.6
154,  90, 27.54957073, 95.92558845,   2.6
155,  90, 27.52891806, 95.91989494,   2.6
156,  90, 27.50798412, 95.91412612,   2.6
157,  90, 27.48676510, 95.90828104,   2.6
158,  90, 27.46525711, 95.90235870,   2.6
159,  90, 27.44345621, 95.89635812,   2.6
160,  90, 27.42135840, 95.89027830,   2.6
161,  90, 27.39895965, 95.88411821,   2.6
162,  90, 27.37625586, 95.87787684,   2.6
163,  90, 27.35324286, 95.87155314,   2.6
164,  90, 27.32991645, 95.86514605,   2.6
165,  90, 27.30627236, 95.85865453,   2.6
166,  90, 27.28230625, 95.85207747,   2.6
167,  90, 27.25801375, 95.84541381,   2.6
168,  90, 27.23339040, 95.83866243,   2.6
169,  90, 27.20843170, 95.83182221,   2.6
170,  90, 27.18313307, 95.82489203,   2.6
171,  90, 27.15748989, 95.81787075,   2.6
172,  90, 27.13149747, 95.81075720,   2.6
173,  90, 27.10515104, 95.80355022,   2.7
174,  90, 27.07844579, 95.79624862,   2.7
175,  90, 27.05137682, 95.78885121,   2.7
176,  90, 27.02393918, 95.78135677,   2.7
177,  90, 26.99612785, 95.77376408,   2.7
178,  90, 26.96793774, 95.76607189,   2.7
179,  90, 26.93936369, 95.75827896,   2.7
180,  90, 26.91040046, 95.75038400,   2.7
181,  90, 26.88104277, 95.74238575,   2.7
182,  90, 26.85128523, 95.73428289,   2.7
183,  90, 26.82112240, 95.72607412,   2.7
184,  90, 26.79054875, 95.71775810,   2.7
185,  90, 26.75955870, 95.70933350,   2.7
186,  90, 26.72814658, 95.70079894,   2.7
187,  90, 26.69630663, 95.69215306,   2.7
188,  90, 26.66403303, 95.68339447,   2.7
189,  90, 26.63131987, 95.67452175,   2.7
190,  90, 26.59816116, 95.66553348,   2.7
191,  90, 26.56455085, 95.65642823,   2.7
  1,  91, 28.87555116, 96.29271776,  99.9
  2,  91, 28.87295058, 96.29193980,  99.9
  3,  91, 28.87031462, 96.29115129,  99.9
  4,  91, 28.86764279, 96.29035209,  99.9
  5,  91, 28.86493459, 96.28954206,  99.9
  6,  91, 28.86218955, 96.28872105,  99.9
  7,  91, 28.85940714, 96.28788892,  99.9
  8,  91, 28.85658687, 96.28704550,  99.9
  9,  91, 28.85372822, 96.28619066,  99.9
 10,  91, 28.85083067, 96.28532423,  99.9
 11,  91, 28.84789368, 96.28444607,  99.9
 12,  91, 28.84491673, 96.28355600,  99.9
 13,  91, 28.84189926, 96.28265387,  99.9
 14,  91, 28.83884073, 96.28173953,  99.9
 15,  91, 28.83574057, 96.28081279,  99.9
 16,  91, 28.83259823, 96.27987350,  99.9
 17,  91, 28.82941312, 96.27892149,  99.9
 18,  91, 28.82618466, 96.27795658,  99.9
 19,  91, 28.82291227, 96.27697861,  99.9
 20,  91, 28.81959534, 96.27598738,  99.9
 21,  91, 28.81623327, 96.27498274,  99.9
 22,  91, 28.81282545, 96.27396449,  99.9
 23,  91, 28.80937125, 96.27293245,  99.9
 24,  91, 28.80587004, 96.27188644,  99.9
 25,  91, 28.80232118, 96.27082627,  99.9
 26,  91, 28.79872402, 96.26975175,  99.9
 27,  91, 28.79507791, 96.26866268,  99.9
 28,  91, 28.79138218, 96.26755886,  99.9
 29,  91, 28.78763615, 96.26644011,  99.9
 30,  91, 28.78383914, 96.26530622,  99.9
 31,  91, 28.77999045, 96.26415698,  99.9
 32,  91, 28.77608938, 96.26299219,  99.9
 33,  91, 28.77213522, 96.26181164,  99.9
 34,  91, 28.76812724, 96.26061511,  99.9
 35,  91, 28.76406472, 96.25940240,  99.9
 36,  91, 28.75994691, 96.25817328,  99.9
 37,  91, 28.75577305, 96.25692753,  99.9
 38,  91, 28.75154239, 96.25566494,  99.9
 39,  91, 28.74725415, 96.25438526,  99.9
 40,  91, 28.74290755, 96.25308829,  99.9
 41,  91, 28.73850178, 96.25177377,  99.9
 42,  91, 28.73403606, 96.25044148,  99.9
 43,  91, 28.72950956, 96.24909117,  99.9
 44,  91, 28.72492145, 96.24772261,  99.9
 45,  91, 28.72027089, 96.24633555,  99.9
 46,  91, 28.71555704, 96.24492974,  99.9
 47,  91, 28.71077903, 96.24350493,  99.9
 48,  91, 28.70593599, 96.24206086,  99.9
 49,  91, 28.70102703, 96.24059728,  99.9
 50,  91, 28.69605126, 96.23911392,  99.9
 51,  91, 28.69100777, 96.23761053,   4.1
 52,  91, 28.68589563, 96.23608682,   4.1
 53,  91, 28.68071392, 96.23454253,   4.0
 54,  91, 28.67546167, 96.23297738,   4.0
 55,  91, 28.67013794, 96.23139109,   4.1
 56,  91, 28.66474175, 96.22978338,   4.1
 57,  91, 28.65927211, 96.22815396,   4.1
 58,  91, 28.65372802, 96.22650254,   4.1
 59,  91, 28.64810847, 96.22482882,   4.1
 60,  91, 28.64241244, 96.22313252,  99.9
 61,  91, 28.63663887, 96.22141332,  99.9
 62,  91, 28.63078672, 96.21967091,   4.1
 63,  91, 28.62485491, 96.21790499,   4.0
 64,  91, 28.61884237, 96.21611525,   4.0
 65,  91, 28.61274798, 96.21430136,   4.0
 66,  91, 28.60657064, 96.21246300,   3.9
 67,  91, 28.60030922, 96.21059984,   3.8
 68,  91, 28.59396256, 96.20871156,   3.7
 69,  91, 28.58752952, 96.20679781,   3.7
 70,  91, 28.58100892, 96.20485826,   3.8
 71,  91, 28.57439956, 96.20289256,   3.8
 72,  91, 28.56770023, 96.20090036,   3.8
 73,  91, 28.56090971, 96.19888131,   3.8
 74,  91, 28.55402676, 96.19683505,   3.8
 75,  91, 28.54705011, 96.19476122,   3.8
 76,  91, 28.53997850, 96.19265945,   3.8
 77,  91, 28.53281063, 96.19052936,   3.8
 78,  91, 28.52554518, 96.18837058,   3.8
 79,  91, 28.51818084, 96.18618272,   3.8
 80,  91, 28.51071625, 96.18396540,  99.9
 81,  91, 28.50315005, 96.18171823,   4.0
 82,  91, 28.49548085, 96.17944081,   4.0
 83,  91, 28.48770725, 96.17713273,   3.9
 84,  91, 28.47982784, 96.17479359,   3.9
 85,  91, 28.47184116, 96.17242297,   3.8
 86,  91, 28.46374576, 96.17002046,   3.8
 87,  91, 28.45554015, 96.16758563,   3.7
 88,  91, 28.44722285, 96.16511805,   3.7
 89,  91, 28.43879231, 96.16261728,   3.7
 90,  91, 28.43024701, 96.16008289,   3.6
 91,  91, 28.42158538, 96.15751442,   3.6
 92,  91, 28.41280584, 96.15491143,   3.6
 93,  91, 28.40390678, 96.15227346,   3.5
 94,  91, 28.39488656, 96.14960004,   3.5
 95,  91, 28.38574355, 96.14689070,   3.5
 96,  91, 28.37647607, 96.14414496,   3.4
 97,  91, 28.36708243, 96.14136235,   3.4
 98,  91, 28.35756089, 96.13854238,   3.4
 99,  91, 28.34790973, 96.13568454,   3.4
100,  91, 28.33812718, 96.13278834,   3.3
101,  91, 28.32821145, 96.12985327,   3.3
102,  91, 28.31816072, 96.12687881,   3.3
103,  91, 28.30797316, 96.12386445,   3.3
104,  91, 28.29764690, 96.12080965,   3.2
105,  91, 28.28718005, 96.11771389,   3.2
106,  91, 28.27657070, 96.11457662,   3.2
107,  91, 28.26581691, 96.11139728,   3.2
108,  91, 28.25491671, 96.10817534,   3.1
109,  91, 28.24386809, 96.10491022,   3.1
110,  91, 28.23266906, 96.10160135,   3.1
111,  91, 28.22131754, 96.09824816,   3.1
112,  91, 28.20981147, 96.09485006,   3.0
113,  91, 28.19814875, 96.09140646,   3.0
114,  91, 28.18632723, 96.08791677,   3.0
115,  91, 28.17434475, 96.08438037,   3.0
116,  91, 28.16219913, 96.08079665,   3.0
117,  91, 28.14988813, 96.07716499,   2.9
118,  91, 28.13740951, 96.07348475,   2.9
119,  91, 28.12476099, 96.06975530,   2.9
120,  91, 28.11194024, 96.06597600,   2.9
121,  91, 28.09894492, 96.06214618,   2.8
122,  91, 28.08577265, 96.05826519,   2.8
123,  91, 28.07242103, 96.05433235,   2.8
124,  91, 28.05888761, 96.05034698,   2.8
125,  91, 28.04516990, 96.04630840,   2.8
126,  91, 28.03126541, 96.04221590,   2.8
127,  91, 28.01717159, 96.03806879,   2.7
128,  91, 28.00288585, 96.03386635,   2.7
129,  91, 27.98840558, 96.02960784,   2.7
130,  91, 27.97372814, 96.02529255,   2.7
131,  91, 27.95885083, 96.02091973,   2.7
132,  91, 27.94377093, 96.01648862,   2.7
133,  91, 27.92848569, 96.01199847,   2.7
134,  91, 27.91299230, 96.00744850,   2.6
135,  91, 27.89728793, 96.00283794,   2.6
136,  91, 27.88136970, 95.99816600,   2.6
137,  91, 27.86523470, 95.99343188,   2.6
138,  91, 27.84887997, 95.98863476,   2.6
139,  91, 27.83230253, 95.98377383,   2.6
140,  91, 27.81549933, 95.97884827,   2.6
141,  91, 27.79846731, 95.97385722,   2.6
142,  91, 27.78120334, 95.96879984,   2.6
143,  91, 27.76370426, 95.96367526,   2.6
144,  91, 27.74596687, 95.95848263,   2.6
145,  91, 27.72798792, 95.95322105,   2.6
146,  91, 27.70976412, 95.94788963,   2.6
147,  91, 27.69129214, 95.94248748,   2.6
148,  91, 27.67256859, 95.93701366,   2.6
149,  91, 27.65359004, 95.93146726,   2.6
150,  91, 27.63435302, 95.92584734,   2.6
151,  91, 27.61485401, 95.92015295,   2.6
152,  91, 27.59508943, 95.91438313,   2.6
153,  91, 27.57505567, 95.90853691,   2.6
154,  91, 27.55474907, 95.90261330,   2.6
155,  91, 27.53416589, 95.89661131,   2.6
156,  91, 27.51330238, 95.89052993,   2.6
157,  91, 27.49215471, 95.88436814,   2.6
158,  91, 27.47071902, 95.87812490,   2.6
159,  91, 27.44899137, 95.87179917,   2.6
160,  91, 27.42696779, 95.86538990,   2.6
161,  91, 27.40464424, 95.85889601,   2.6
162,  91, 27.38201664, 95.85231641,   2.6
163,  91, 27.35908085, 95.84565002,   2.6
164,  91, 27.33583266, 95.83889572,   2.6
165,  91, 27.31226782, 95.83205239,   2.6
166,  91, 27.28838201, 95.82511889,   2.6
167,  91, 27.26417086, 95.81809408,   2.6
168,  91, 27.23962994, 95.81097679,   2.6
169,  91, 27.21475475, 95.80376584,   2.6
170,  91, 27.18954074, 95.79646004,   2.6
171,  91, 27.16398329, 95.78905819,   2.6
172,  91, 27.13807772, 95.78155906,   2.6
173,  91, 27.11181929, 95.77396142,   2.6
174,  91, 27.08520319, 95.76626403,   2.7
175,  91, 27.05822455, 95.75846562,   2.7
176,  91, 27.03087842, 95.75056491,   2.7
177,  91, 27.00315981, 95.74256061,   2.7
178,  91, 26.97506363, 95.73445141,   2.7
179,  91, 26.94658474, 95.72623599,   2.7
180,  91, 26.91771792, 95.71791301,   2.7
181,  91, 26.88845790, 95.70948111,   2.7
182,  91, 26.85879931, 95.70093893,   2.7
183,  91, 26.82873673, 95.69228507,   2.7
184,  91, 26.79826464, 95.68351815,   2.7
185,  91, 26.76737748, 95.67463673,   2.7
186,  91, 26.73606959, 95.66563939,   2.7
187,  91, 26.70433523, 95.65652467,   2.7
188,  91, 26.67216860, 95.64729111,   2.7
189,  91, 26.63956380, 95.63793722,   2.7
190,  91, 26.60651488, 95.62846150,   2.7
191,  91, 26.57301578, 95.61886244,   2.7
  1,  92, 28.87624877, 96.28978867,  99.9
  2,  92, 28.87365767, 96.28897092,  99.9
  3,  92, 28.87103131, 96.28814208,  99.9
  4,  92, 28.86836921, 96.28730202,  99.9
  5,  92, 28.86567089, 96.28645056,  99.9
  6,  92, 28.86293584, 96.28558756,  99.9
  7,  92, 28.86016357, 96.28471287,  99.9
  8,  92, 28.85735357, 96.28382632,  99.9
  9,  92, 28.85450533, 96.28292776,  99.9
 10,  92, 28.85161833, 96.28201702,  99.9
 11,  92, 28.84869204, 96.28109394,  99.9
 12,  92, 28.84572592, 96.28015835,  99.9
 13,  92, 28.84271944, 96.27921009,  99.9
 14,  92, 28.83967205, 96.27824898,  99.9
 15,  92, 28.83658318, 96.27727485,  99.9
 16,  92, 28.83345228, 96.27628752,  99.9
 17,  92, 28.83027876, 96.27528682,  99.9
 18,  92, 28.82706206, 96.27427256,  99.9
 19,  92, 28.82380158, 96.27324456,  99.9
 20,  92, 28.82049672, 96.27220265,  99.9
 21,  92, 28.81714689, 96.27114662,  99.9
 22,  92, 28.81375147, 96.27007629,  99.9
 23,  92, 28.81030984, 96.26899147,  99.9
 24,  92, 28.80682137, 96.26789196,  99.9
 25,  92, 28.80328542, 96.26677757,  99.9
 26,  92, 28.79970136, 96.26564808,  99.9
 27,  92, 28.79606851, 96.26450331,  99.9
 28,  92, 28.79238622, 96.26334304,  99.9
 29,  92, 28.78865381, 96.26216707,  99.9
 30,  92, 28.78487061, 96.26097518,  99.9
 31,  92, 28.78103592, 96.25976716,  99.9
 32,  92, 28.77714904, 96.25854279,  99.9
 33,  92, 28.77320926, 96.25730185,  99.9
 34,  92, 28.76921586, 96.25604413,  99.9
 35,  92, 28.76516811, 96.25476939,  99.9
 36,  92, 28.76106527, 96.25347740,  99.9
 37,  92, 28.75690658, 96.25216793,  99.9
 38,  92, 28.75269130, 96.25084076,  99.9
 39,  92, 28.74841865, 96.24949563,  99.9
 40,  92, 28.74408784, 96.24813231,  99.9
 41,  92, 28.73969809, 96.24675055,  99.9
 42,  92, 28.73524859, 96.24535011,  99.9
 43,  92, 28.73073854, 96.24393074,  99.9
 44,  92, 28.72616709, 96.24249217,  99.9
 45,  92, 28.72153343, 96.24103416,  99.9
 46,  92, 28.71683671, 96.23955644,  99.9
 47,  92, 28.71207605, 96.23805875,  99.9
 48,  92, 28.70725060, 96.23654081,  99.9
 49,  92, 28.70235947, 96.23500237,  99.9
 50,  92, 28.69740177, 96.23344313,   4.1
 51,  92, 28.69237659, 96.23186283,   4.1
 52,  92, 28.68728302, 96.23026117,   4.1
 53,  92, 28.68212011, 96.22863789,   4.1
 54,  92, 28.67688693, 96.22699267,   4.1
 55,  92, 28.67158252, 96.22532523,   4.1
 56,  92, 28.66620591, 96.22363528,   4.1
 57,  92, 28.66075612, 96.22192251,   4.1
 58,  92, 28.65523215, 96.22018661,   4.1
 59,  92, 28.64963299, 96.21842727,   4.1
 60,  92, 28.64395761, 96.21664419,  99.9
 61,  92, 28.63820499, 96.21483703,  99.9
 62,  92, 28.63237406, 96.21300549,  99.9
 63,  92, 28.62646377, 96.21114923,  99.9
 64,  92, 28.62047302, 96.20926793,   4.0
 65,  92, 28.61440073, 96.20736124,   4.0
 66,  92, 28.60824578, 96.20542883,   3.9
 67,  92, 28.60200706, 96.20347035,   3.9
 68,  92, 28.59568341, 96.20148547,   3.8
 69,  92, 28.58927368, 96.19947381,   3.8
 70,  92, 28.58277670, 96.19743503,   3.8
 71,  92, 28.57619128, 96.19536876,   3.8
 72,  92, 28.56951622, 96.19327464,   3.8
 73,  92, 28.56275030, 96.19115229,   3.8
 74,  92, 28.55589227, 96.18900133,   3.8
 75,  92, 28.54894089, 96.18682139,   3.8
 76,  92, 28.54189489, 96.18461208,   3.8
 77,  92, 28.53475296, 96.18237301,   3.8
 78,  92, 28.52751382, 96.18010377,   3.9
 79,  92, 28.52017613, 96.17780398,   3.9
 80,  92, 28.51273855, 96.17547321,  99.9
 81,  92, 28.50519972, 96.17311106,   4.0
 82,  92, 28.49755827, 96.17071710,   4.0
 83,  92, 28.48981279, 96.16829093,   3.9
 84,  92, 28.48196187, 96.16583210,   3.9
 85,  92, 28.47400407, 96.16334018,   3.8
 86,  92, 28.46593794, 96.16081473,   3.8
 87,  92, 28.45776199, 96.15825531,   3.7
 88,  92, 28.44947475, 96.15566146,   3.7
 89,  92, 28.44107468, 96.15303273,   3.7
 90,  92, 28.43256026, 96.15036864,   3.6
 91,  92, 28.42392992, 96.14766875,   3.6
 92,  92, 28.41518209, 96.14493255,   3.6
 93,  92, 28.40631516, 96.14215959,   3.5
 94,  92, 28.39732752, 96.13934935,   3.5
 95,  92, 28.38821752, 96.13650137,   3.5
 96,  92, 28.37898349, 96.13361512,   3.4
 97,  92, 28.36962374, 96.13069011,   3.4
 98,  92, 28.36013657, 96.12772581,   3.4
 99,  92, 28.35052023, 96.12472172,   3.4
100,  92, 28.34077296, 96.12167730,   3.3
101,  92, 28.33089299, 96.11859201,   3.3
102,  92, 28.32087850, 96.11546533,   3.3
103,  92, 28.31072766, 96.11229669,   3.3
104,  92, 28.30043862, 96.10908555,   3.2
105,  92, 28.29000949, 96.10583134,   3.2
106,  92, 28.27943837, 96.10253350,   3.2
107,  92, 28.26872331, 96.09919144,   3.2
108,  92, 28.25786236, 96.09580459,   3.1
109,  92, 28.24685353, 96.09237234,   3.1
110,  92, 28.23569481, 96.08889411,   3.1
111,  92, 28.22438415, 96.08536929,   3.1
112,  92, 28.21291949, 96.08179725,   3.0
113,  92, 28.20129872, 96.07817739,   3.0
114,  92, 28.18951972, 96.07450907,   3.0
115,  92, 28.17758034, 96.07079164,   3.0
116,  92, 28.16547838, 96.06702448,   3.0
117,  92, 28.15321164, 96.06320691,   2.9
118,  92, 28.14077786, 96.05933828,   2.9
119,  92, 28.12817478, 96.05541792,   2.9
120,  92, 28.11540008, 96.05144514,   2.9
121,  92, 28.10245143, 96.04741926,   2.8
122,  92, 28.08932645, 96.04333958,   2.8
123,  92, 28.07602275, 96.03920540,   2.8
124,  92, 28.06253789, 96.03501600,   2.8
125,  92, 28.04886940, 96.03077065,   2.8
126,  92, 28.03501478, 96.02646863,   2.8
127,  92, 28.02097149, 96.02210919,   2.7
128,  92, 28.00673697, 96.01769158,   2.7
129,  92, 27.99230860, 96.01321504,   2.7
130,  92, 27.97768374, 96.00867880,   2.7
131,  92, 27.96285972, 96.00408208,   2.7
132,  92, 27.94783382, 95.99942409,   2.7
133,  92, 27.93260330, 95.99470402,   2.7
134,  92, 27.91716535, 95.98992107,   2.6
135,  92, 27.90151717, 95.98507443,   2.6
136,  92, 27.88565587, 95.98016325,   2.6
137,  92, 27.86957857, 95.97518670,   2.6
138,  92, 27.85328231, 95.97014392,   2.6
139,  92, 27.83676411, 95.96503407,   2.6
140,  92, 27.82002094, 95.95985625,   2.6
141,  92, 27.80304974, 95.95460960,   2.6
142,  92, 27.78584741, 95.94929322,   2.6
143,  92, 27.76841079, 95.94390619,   2.6
144,  92, 27.75073669, 95.93844761,   2.6
145,  92, 27.73282187, 95.93291655,   2.6
146,  92, 27.71466305, 95.92731207,   2.6
147,  92, 27.69625691, 95.92163322,   2.6
148,  92, 27.67760007, 95.91587904,   2.6
149,  92, 27.65868912, 95.91004854,   2.6
150,  92, 27.63952060, 95.90414076,   2.6
151,  92, 27.62009100, 95.89815468,   2.6
152,  92, 27.60039675, 95.89208930,   2.6
153,  92, 27.58043426, 95.88594360,   2.6
154,  92, 27.56019985, 95.87971654,   2.6
155,  92, 27.53968984, 95.87340708,   2.6
156,  92, 27.51890046, 95.86701415,   2.6
157,  92, 27.49782790, 95.86053668,   2.6
158,  92, 27.47646831, 95.85397359,   2.6
159,  92, 27.45481777, 95.84732377,   2.6
160,  92, 27.43287232, 95.84058611,   2.6
161,  92, 27.41062794, 95.83375950,   2.6
162,  92, 27.38808055, 95.82684278,   2.6
163,  92, 27.36522602, 95.81983481,   2.6
164,  92, 27.34206017, 95.81273442,   2.6
165,  92, 27.31857876, 95.80554042,   2.6
166,  92, 27.29477748, 95.79825163,   2.6
167,  92, 27.27065197, 95.79086683,   2.6
168,  92, 27.24619782, 95.78338480,   2.6
169,  92, 27.22141055, 95.77580431,   2.6
170,  92, 27.19628561, 95.76812410,   2.6
171,  92, 27.17081840, 95.76034289,   2.6
172,  92, 27.14500426, 95.75245942,   2.6
173,  92, 27.11883847, 95.74447238,   2.6
174,  92, 27.09231622, 95.73638046,   2.7
175,  92, 27.06543266, 95.72818232,   2.7
176,  92, 27.03818287, 95.71987664,   2.7
177,  92, 27.01056185, 95.71146204,   2.7
178,  92, 26.98256455, 95.70293715,   2.7
179,  92, 26.95418583, 95.69430058,   2.7
180,  92, 26.92542051, 95.68555093,   2.7
181,  92, 26.89626331, 95.67668676,   2.7
182,  92, 26.86670888, 95.66770663,   2.7
183,  92, 26.83675183, 95.65860910,   2.7
184,  92, 26.80638665, 95.64939268,   2.7
185,  92, 26.77560780, 95.64005588,   2.7
186,  92, 26.74440963, 95.63059720,   2.7
187,  92, 26.71278642, 95.62101511,   2.7
188,  92, 26.68073240, 95.61130807,   2.7
189,  92, 26.64824169, 95.60147451,   2.7
190,  92, 26.61530833, 95.59151286,   2.7
191,  92, 26.58192630, 95.58142152,   2.7
  1,  93, 28.87698110, 96.28687051,  99.9
  2,  93, 28.87439995, 96.28601312,  99.9
  3,  93, 28.87178367, 96.28514411,  99.9
  4,  93, 28.86913179, 96.28426333,  99.9
  5,  93, 28.86644382, 96.28337060,  99.9
  6,  93, 28.86371927, 96.28246577,  99.9
  7,  93, 28.86095764, 96.28154868,  99.9
  8,  93, 28.85815842, 96.28061915,  99.9
  9,  93, 28.85532111, 96.27967703,  99.9
 10,  93, 28.85244519, 96.27872215,  99.9
 11,  93, 28.84953013, 96.27775432,  99.9
 12,  93, 28.84657540, 96.27677338,  99.9
 13,  93, 28.84358045, 96.27577915,  99.9
 14,  93, 28.84054474, 96.27477145,  99.9
 15,  93, 28.83746773, 96.27375010,  99.9
 16,  93, 28.83434883, 96.27271491,  99.9
 17,  93, 28.83118749, 96.27166570,  99.9
 18,  93, 28.82798312, 96.27060227,  99.9
 19,  93, 28.82473515, 96.26952445,  99.9
 20,  93, 28.82144296, 96.26843202,  99.9
 21,  93, 28.81810598, 96.26732480,  99.9
 22,  93, 28.81472358, 96.26620259,  99.9
 23,  93, 28.81129514, 96.26506518,  99.9
 24,  93, 28.80782005, 96.26391237,  99.9
 25,  93, 28.80429766, 96.26274395,  99.9
 26,  93, 28.80072733, 96.26155971,  99.9
 27,  93, 28.79710840, 96.26035944,  99.9
 28,  93, 28.79344023, 96.25914292,  99.9
 29,  93, 28.78972213, 96.25790994,  99.9
 30,  93, 28.78595343, 96.25666027,  99.9
 31,  93, 28.78213343, 96.25539368,  99.9
 32,  93, 28.77826144, 96.25410996,  99.9
 33,  93, 28.77433676, 96.25280886,  99.9
 34,  93, 28.77035865, 96.25149016,  99.9
 35,  93, 28.76632641, 96.25015362,  99.9
 36,  93, 28.76223928, 96.24879900,  99.9
 37,  93, 28.75809653, 96.24742605,  99.9
 38,  93, 28.75389739, 96.24603453,  99.9
 39,  93, 28.74964110, 96.24462419,  99.9
 40,  93, 28.74532688, 96.24319477,  99.9
 41,  93, 28.74095394, 96.24174602,  99.9
 42,  93, 28.73652147, 96.24027769,  99.9
 43,  93, 28.73202868, 96.23878950,  99.9
 44,  93, 28.72747474, 96.23728119,  99.9
 45,  93, 28.72285882, 96.23575248,  99.9
 46,  93, 28.71818007, 96.23420312,  99.9
 47,  93, 28.71343763, 96.23263281,  99.9
 48,  93, 28.70863065, 96.23104128,  99.9
 49,  93, 28.70375823, 96.22942824,  99.9
 50,  93, 28.69881950, 96.22779340,   4.1
 51,  93, 28.69381354, 96.22613648,   4.1
 52,  93, 28.68873945, 96.22445717,   4.2
 53,  93, 28.68359629, 96.22275517,   4.2
 54,  93, 28.67838313, 96.22103018,   4.2
 55,  93, 28.67309900, 96.21928190,   4.2
 56,  93, 28.66774295, 96.21751000,   4.2
 57,  93, 28.66231399, 96.21571418,   4.2
 58,  93, 28.65681114, 96.21389411,   4.2
 59,  93, 28.65123338, 96.21204947,  99.9
 60,  93, 28.64557970, 96.21017992,  99.9
 61,  93, 28.63984906, 96.20828514,  99.9
 62,  93, 28.63404041, 96.20636479,  99.9
 63,  93, 28.62815270, 96.20441852,  99.9
 64,  93, 28.62218484, 96.20244599,   4.0
 65,  93, 28.61613575, 96.20044684,   3.9
 66,  93, 28.61000431, 96.19842073,   3.9
 67,  93, 28.60378941, 96.19636728,   3.9
 68,  93, 28.59748991, 96.19428614,   4.0
 69,  93, 28.59110465, 96.19217693,   3.9
 70,  93, 28.58463248, 96.19003928,   3.9
 71,  93, 28.57807220, 96.18787281,   3.9
 72,  93, 28.57142261, 96.18567713,   3.9
 73,  93, 28.56468251, 96.18345186,   3.9
 74,  93, 28.55785065, 96.18119660,   3.9
 75,  93, 28.55092579, 96.17891094,   3.9
 76,  93, 28.54390666, 96.17659448,   3.9
 77,  93, 28.53679198, 96.17424682,   3.9
 78,  93, 28.52958044, 96.17186753,   3.9
 79,  93, 28.52227073, 96.16945620,   4.0
 80,  93, 28.51486151, 96.16701239,   4.1
 81,  93, 28.50735142, 96.16453568,   4.0
 82,  93, 28.49973909, 96.16202562,   4.0
 83,  93, 28.49202313, 96.15948178,   3.9
 84,  93, 28.48420213, 96.15690369,   3.9
 85,  93, 28.47627465, 96.15429091,   3.8
 86,  93, 28.46823924, 96.15164297,   3.8
 87,  93, 28.46009444, 96.14895941,   3.7
 88,  93, 28.45183875, 96.14623975,   3.7
 89,  93, 28.44347067, 96.14348352,   3.7
 90,  93, 28.43498866, 96.14069022,   3.6
 91,  93, 28.42639117, 96.13785936,   3.6
 92,  93, 28.41767663, 96.13499045,   3.6
 93,  93, 28.40884344, 96.13208297,   3.5
 94,  93, 28.39988999, 96.12913643,   3.5
 95,  93, 28.39081464, 96.12615029,   3.5
 96,  93, 28.38161573, 96.12312404,   3.4
 97,  93, 28.37229157, 96.12005714,   3.4
 98,  93, 28.36284047, 96.11694905,   3.4
 99,  93, 28.35326068, 96.11379923,   3.4
100,  93, 28.34355046, 96.11060712,   3.3
101,  93, 28.33370802, 96.10737216,   3.3
102,  93, 28.32373158, 96.10409380,   3.3
103,  93, 28.31361930, 96.10077144,   3.3
104,  93, 28.30336933, 96.09740452,   3.2
105,  93, 28.29297980, 96.09399243,   3.2
106,  93, 28.28244880, 96.09053459,   3.2
107,  93, 28.27177441, 96.08703039,   3.2
108,  93, 28.26095467, 96.08347922,   3.1
109,  93, 28.24998761, 96.07988045,   3.1
110,  93, 28.23887121, 96.07623347,   3.1
111,  93, 28.22760345, 96.07253762,   3.1
112,  93, 28.21618225, 96.06879228,   3.0
113,  93, 28.20460553, 96.06499678,   3.0
114,  93, 28.19287117, 96.06115046,   3.0
115,  93, 28.18097702, 96.05725266,   3.0
116,  93, 28.16892091, 96.05330270,   3.0
117,  93, 28.15670062, 96.04929989,   2.9
118,  93, 28.14431392, 96.04524354,   2.9
119,  93, 28.13175854, 96.04113294,   2.9
120,  93, 28.11903219, 96.03696738,   2.9
121,  93, 28.10613253, 96.03274613,   2.8
122,  93, 28.09305720, 96.02846848,   2.8
123,  93, 28.07980382, 96.02413367,   2.8
124,  93, 28.06636994, 96.01974096,   2.8
125,  93, 28.05275311, 96.01528958,   2.8
126,  93, 28.03895085, 96.01077878,   2.8
127,  93, 28.02496061, 96.00620776,   2.7
128,  93, 28.01077985, 96.00157575,   2.7
129,  93, 27.99640596, 95.99688195,   2.7
130,  93, 27.98183631, 95.99212554,   2.7
131,  93, 27.96706823, 95.98730571,   2.7
132,  93, 27.95209902, 95.98242162,   2.7
133,  93, 27.93692595, 95.97747245,   2.7
134,  93, 27.92154622, 95.97245735,   2.6
135,  93, 27.90595702, 95.96737544,   2.6
136,  93, 27.89015550, 95.96222586,   2.6
137,  93, 27.87413876, 95.95700774,   2.6
138,  93, 27.85790388, 95.95172017,   2.6
139,  93, 27.84144787, 95.94636226,   2.6
140,  93, 27.82476773, 95.94093308,   2.6
141,  93, 27.80786039, 95.93543172,   2.6
142,  93, 27.79072277, 95.92985723,   2.6
143,  93, 27.77335171, 95.92420867,   2.6
144,  93, 27.75574405, 95.91848508,   2.6
145,  93, 27.73789656, 95.91268548,   2.6
146,  93, 27.71980596, 95.90680888,   2.6
147,  93, 27.70146894, 95.90085430,   2.6
148,  93, 27.68288215, 95.89482072,   2.6
149,  93, 27.66404217, 95.88870712,   2.6
150,  93, 27.64494557, 95.88251246,   2.6
151,  93, 27.62558883, 95.87623571,   2.6
152,  93, 27.60596842, 95.86987580,   2.6
153,  93, 27.58608074, 95.86343165,   2.6
154,  93, 27.56592214, 95.85690219,   2.6
155,  93, 27.54548893, 95.85028631,   2.6
156,  93, 27.52477737, 95.84358290,   2.6
157,  93, 27.50378367, 95.83679084,   2.6
158,  93, 27.48250398, 95.82990899,   2.6
159,  93, 27.46093440, 95.82293620,   2.6
160,  93, 27.43907097, 95.81587129,   2.6
161,  93, 27.41690970, 95.80871309,   2.6
162,  93, 27.39444651, 95.80146040,   2.6
163,  93, 27.37167731, 95.79411202,   2.6
164,  93, 27.34859791, 95.78666671,   2.6
165,  93, 27.32520408, 95.77912325,   2.6
166,  93, 27.30149154, 95.77148037,   2.6
167,  93, 27.27745595, 95.76373681,   2.6
168,  93, 27.25309290, 95.75589129,   2.6
169,  93, 27.22839792, 95.74794250,   2.6
170,  93, 27.20336650, 95.73988914,   2.6
171,  93, 27.17799404, 95.73172987,   2.6
172,  93, 27.15227589, 95.72346335,   2.6
173,  93, 27.12620735, 95.71508821,   2.6
174,  93, 27.09978363, 95.70660309,   2.7
175,  93, 27.07299990, 95.69800658,   2.7
176,  93, 27.04585125, 95.68929728,   2.7
177,  93, 27.01833270, 95.68047375,   2.7
178,  93, 26.99043921, 95.67153457,   2.7
179,  93, 26.96216566, 95.66247826,   2.7
180,  93, 26.93350689, 95.65330335,   2.7
181,  93, 26.90445763, 95.64400835,   2.7
182,  93, 26.87501257, 95.63459175,   2.7
183,  93, 26.84516631, 95.62505201,   2.7
184,  93, 26.81491338, 95.61538759,   2.7
185,  93, 26.78424824, 95.60559692,   2.7
186,  93, 26.75316526, 95.59567843,   2.7
187,  93, 26.72165877, 95.58563051,   2.7
188,  93, 26.68972297, 95.57545155,   2.7
189,  93, 26.65735202, 95.56513990,   2.7
190,  93, 26.62454000, 95.55469391,   2.7
191,  93, 26.59128088, 95.54411191,   2.7
  1,  94, 28.87774802, 96.28396382,  99.9
  2,  94, 28.87517728, 96.28306695,  99.9
  3,  94, 28.87257156, 96.28215792,  99.9
  4,  94, 28.86993038, 96.28123657,  99.9
  5,  94, 28.86725326, 96.28030273,  99.9
  6,  94, 28.86453970, 96.27935624,  99.9
  7,  94, 28.86178921, 96.27839691,  99.9
  8,  94, 28.85900129, 96.27742458,  99.9
  9,  94, 28.85617542, 96.27643908,  99.9
 10,  94, 28.85331110, 96.27544022,  99.9
 11,  94, 28.85040780, 96.27442782,  99.9
 12,  94, 28.84746498, 96.27340170,  99.9
 13,  94, 28.84448212, 96.27236169,  99.9
 14,  94, 28.84145865, 96.27130758,  99.9
 15,  94, 28.83839404, 96.27023919,  99.9
 16,  94, 28.83528773, 96.26915632,  99.9
 17,  94, 28.83213913, 96.26805879,  99.9
 18,  94, 28.82894768, 96.26694639,  99.9
 19,  94, 28.82571280, 96.26581892,  99.9
 20,  94, 28.82243390, 96.26467619,  99.9
 21,  94, 28.81911036, 96.26351797,  99.9
 22,  94, 28.81574159, 96.26234408,  99.9
 23,  94, 28.81232698, 96.26115428,  99.9
 24,  94, 28.80886589, 96.25994838,  99.9
 25,  94, 28.80535769, 96.25872615,  99.9
 26,  94, 28.80180175, 96.25748737,  99.9
 27,  94, 28.79819741, 96.25623182,  99.9
 28,  94, 28.79454402, 96.25495927,  99.9
 29,  94, 28.79084090, 96.25366950,  99.9
 30,  94, 28.78708738, 96.25236227,  99.9
 31,  94, 28.78328277, 96.25103735,  99.9
 32,  94, 28.77942638, 96.24969450,  99.9
 33,  94, 28.77551750, 96.24833348,  99.9
 34,  94, 28.77155542, 96.24695404,  99.9
 35,  94, 28.76753942, 96.24555594,  99.9
 36,  94, 28.76346875, 96.24413892,  99.9
 37,  94, 28.75934268, 96.24270273,  99.9
 38,  94, 28.75516045, 96.24124712,  99.9
 39,  94, 28.75092129, 96.23977182,  99.9
 40,  94, 28.74662443, 96.23827656,  99.9
 41,  94, 28.74226910, 96.23676108,  99.9
 42,  94, 28.73785447, 96.23522511,  99.9
 43,  94, 28.73337977, 96.23366837,  99.9
 44,  94, 28.72884415, 96.23209059,  99.9
 45,  94, 28.72424680, 96.23049147,  99.9
 46,  94, 28.71958687, 96.22887074,  99.9
 47,  94, 28.71486352, 96.22722809,  99.9
 48,  94, 28.71007587, 96.22556325,  99.9
 49,  94, 28.70522306, 96.22387591,  99.9
 50,  94, 28.70030419, 96.22216577,  99.9
 51,  94, 28.69531836, 96.22043252,   4.2
 52,  94, 28.69026468, 96.21867585,   4.2
 53,  94, 28.68514220, 96.21689545,   4.2
 54,  94, 28.67994999, 96.21509100,   4.2
 55,  94, 28.67468711, 96.21326218,   4.2
 56,  94, 28.66935259, 96.21140865,   4.2
 57,  94, 28.66394545, 96.20953010,   4.2
 58,  94, 28.65846471, 96.20762619,  99.9
 59,  94, 28.65290937, 96.20569656,  99.9
 60,  94, 28.64727840, 96.20374089,  99.9
 61,  94, 28.64157079, 96.20175882,  99.9
 62,  94, 28.63578548, 96.19975000,  99.9
 63,  94, 28.62992141, 96.19771406,  99.9
 64,  94, 28.62397752, 96.19565066,   3.8
 65,  94, 28.61795272, 96.19355941,   3.9
 66,  94, 28.61184590, 96.19143995,   3.9
 67,  94, 28.60565595, 96.18929190,   3.9
 68,  94, 28.59938174, 96.18711488,   3.9
 69,  94, 28.59302211, 96.18490849,   3.9
 70,  94, 28.58657591, 96.18267235,   3.9
 71,  94, 28.58004196, 96.18040607,   3.9
 72,  94, 28.57341905, 96.17810923,   3.9
 73,  94, 28.56670599, 96.17578143,   3.9
 74,  94, 28.55990154, 96.17342225,   3.9
 75,  94, 28.55300445, 96.17103128,   3.9
 76,  94, 28.54601347, 96.16860809,   3.9
 77,  94, 28.53892732, 96.16615226,   3.9
 78,  94, 28.53174469, 96.16366334,   3.9
 79,  94, 28.52446428, 96.16114090,  99.9
 80,  94, 28.51708476, 96.15858449,   4.1
 81,  94, 28.50960477, 96.15599365,   4.0
 82,  94, 28.50202294, 96.15336793,   4.0
 83,  94, 28.49433789, 96.15070686,   3.9
 84,  94, 28.48654822, 96.14800998,   3.9
 85,  94, 28.47865249, 96.14527680,   3.8
 86,  94, 28.47064926, 96.14250684,   3.8
 87,  94, 28.46253707, 96.13969961,   3.7
 88,  94, 28.45431443, 96.13685463,   3.7
 89,  94, 28.44597984, 96.13397137,   3.7
 90,  94, 28.43753178, 96.13104934,   3.6
 91,  94, 28.42896869, 96.12808803,   3.6
 92,  94, 28.42028902, 96.12508690,   3.5
 93,  94, 28.41149116, 96.12204543,   3.5
 94,  94, 28.40257352, 96.11896309,   3.5
 95,  94, 28.39353446, 96.11583933,   3.5
 96,  94, 28.38437233, 96.11267360,   3.4
 97,  94, 28.37508544, 96.10946535,   3.4
 98,  94, 28.36567211, 96.10621401,   3.4
 99,  94, 28.35613060, 96.10291902,   3.4
100,  94, 28.34645917, 96.09957978,   3.3
101,  94, 28.33665605, 96.09619572,   3.3
102,  94, 28.32671945, 96.09276625,   3.3
103,  94, 28.31664755, 96.08929076,   3.3
104,  94, 28.30643850, 96.08576864,   3.2
105,  94, 28.29609044, 96.08219928,   3.2
106,  94, 28.28560147, 96.07858205,   3.2
107,  94, 28.27496966, 96.07491632,   3.2
108,  94, 28.26419309, 96.07120145,   3.1
109,  94, 28.25326976, 96.06743678,   3.1
110,  94, 28.24219769, 96.06362168,   3.1
111,  94, 28.23097484, 96.05975546,   3.1
112,  94, 28.21959917, 96.05583745,   3.0
113,  94, 28.20806858, 96.05186697,   3.0
114,  94, 28.19638097, 96.04784334,   3.0
115,  94, 28.18453420, 96.04376584,   3.0
116,  94, 28.17252609, 96.03963377,   2.9
117,  94, 28.16035445, 96.03544641,   2.9
118,  94, 28.14801706, 96.03120304,   2.9
119,  94, 28.13551165, 96.02690292,   2.9
120,  94, 28.12283592, 96.02254530,   2.9
121,  94, 28.10998758, 96.01812942,   2.8
122,  94, 28.09696424, 96.01365453,   2.8
123,  94, 28.08376354, 96.00911984,   2.8
124,  94, 28.07038306, 96.00452458,   2.8
125,  94, 28.05682035, 95.99986794,   2.8
126,  94, 28.04307291, 95.99514913,   2.8
127,  94, 28.02913824, 95.99036733,   2.7
128,  94, 28.01501378, 95.98552172,   2.7
129,  94, 28.00069694, 95.98061145,   2.7
130,  94, 27.98618511, 95.97563569,   2.7
131,  94, 27.97147563, 95.97059358,   2.7
132,  94, 27.95656579, 95.96548425,   2.7
133,  94, 27.94145287, 95.96030682,   2.7
134,  94, 27.92613411, 95.95506041,   2.7
135,  94, 27.91060669, 95.94974412,   2.6
136,  94, 27.89486777, 95.94435703,   2.6
137,  94, 27.87891447, 95.93889822,   2.6
138,  94, 27.86274387, 95.93336676,   2.6
139,  94, 27.84635299, 95.92776170,   2.6
140,  94, 27.82973885, 95.92208209,   2.6
141,  94, 27.81289840, 95.91632696,   2.6
142,  94, 27.79582854, 95.91049532,   2.6
143,  94, 27.77852616, 95.90458619,   2.6
144,  94, 27.76098808, 95.89859855,   2.6
145,  94, 27.74321110, 95.89253139,   2.6
146,  94, 27.72519195, 95.88638368,   2.6
147,  94, 27.70692732, 95.88015437,   2.6
148,  94, 27.68841389, 95.87384242,   2.6
149,  94, 27.66964824, 95.86744674,   2.6
150,  94, 27.65062695, 95.86096627,   2.6
151,  94, 27.63134653, 95.85439989,   2.6
152,  94, 27.61180345, 95.84774652,   2.6
153,  94, 27.59199412, 95.84100501,   2.6
154,  94, 27.57191491, 95.83417424,   2.6
155,  94, 27.55156215, 95.82725307,   2.6
156,  94, 27.53093210, 95.82024031,   2.6
157,  94, 27.51002098, 95.81313480,   2.6
158,  94, 27.48882497, 95.80593534,   2.6
159,  94, 27.46734017, 95.79864074,   2.6
160,  94, 27.44556265, 95.79124976,   2.6
161,  94, 27.42348842, 95.78376117,   2.6
162,  94, 27.40111344, 95.77617372,   2.6
163,  94, 27.37843359, 95.76848614,   2.6
164,  94, 27.35544472, 95.76069716,   2.6
165,  94, 27.33214263, 95.75280548,   2.6
166,  94, 27.30852304, 95.74480978,   2.6
167,  94, 27.28458161, 95.73670875,   2.6
168,  94, 27.26031397, 95.72850103,   2.6
169,  94, 27.23571566, 95.72018526,   2.6
170,  94, 27.21078218, 95.71176008,   2.6
171,  94, 27.18550894, 95.70322409,   2.6
172,  94, 27.15989134, 95.69457589,   2.6
173,  94, 27.13392465, 95.68581403,   2.6
174,  94, 27.10760413, 95.67693710,   2.7
175,  94, 27.08092496, 95.66794363,   2.7
176,  94, 27.05388223, 95.65883213,   2.7
177,  94, 27.02647100, 95.64960113,   2.7
178,  94, 26.99868623, 95.64024911,   2.7
179,  94, 26.97052284, 95.63077454,   2.7
180,  94, 26.94197567, 95.62117587,   2.7
181,  94, 26.91303947, 95.61145155,   2.7
182,  94, 26.88370895, 95.60159999,   2.7
183,  94, 26.85397873, 95.59161959,   2.7
184,  94, 26.82384336, 95.58150873,   2.7
185,  94, 26.79329731, 95.57126578,   2.7
186,  94, 26.76233499, 95.56088908,   2.7
187,  94, 26.73095072, 95.55037695,   2.7
188,  94, 26.69913875, 95.53972770,   2.7
189,  94, 26.66689325, 95.52893962,   2.7
190,  94, 26.63420830, 95.51801097,   2.7
191,  94, 26.60107793, 95.50694000,   2.7
  1,  95, 28.87854938, 96.28106913,  99.9
  2,  95, 28.87598953, 96.28013294,  99.9
  3,  95, 28.87339484, 96.27918406,  99.9
  4,  95, 28.87076484, 96.27822231,  99.9
  5,  95, 28.86809905, 96.27724753,  99.9
  6,  95, 28.86539698, 96.27625953,  99.9
  7,  95, 28.86265813, 96.27525815,  99.9
  8,  95, 28.85988201, 96.27424319,  99.9
  9,  95, 28.85706811, 96.27321447,  99.9
 10,  95, 28.85421591, 96.27217182,  99.9
 11,  95, 28.85132489, 96.27111503,  99.9
 12,  95, 28.84839453, 96.27004393,  99.9
 13,  95, 28.84542428, 96.26895831,  99.9
 14,  95, 28.84241361, 96.26785798,  99.9
 15,  95, 28.83936197, 96.26674275,  99.9
 16,  95, 28.83626879, 96.26561240,  99.9
 17,  95, 28.83313352, 96.26446675,  99.9
 18,  95, 28.82995557, 96.26330557,  99.9
 19,  95, 28.82673437, 96.26212867,  99.9
 20,  95, 28.82346933, 96.26093583,  99.9
 21,  95, 28.82015986, 96.25972683,  99.9
 22,  95, 28.81680534, 96.25850146,  99.9
 23,  95, 28.81340516, 96.25725950,  99.9
 24,  95, 28.80995871, 96.25600072,  99.9
 25,  95, 28.80646535, 96.25472489,  99.9
 26,  95, 28.80292444, 96.25343179,  99.9
 27,  95, 28.79933534, 96.25212119,  99.9
 28,  95, 28.79569739, 96.25079284,  99.9
 29,  95, 28.79200992, 96.24944651,  99.9
 30,  95, 28.78827227, 96.24808196,  99.9
 31,  95, 28.78448374, 96.24669895,  99.9
 32,  95, 28.78064365, 96.24529721,  99.9
 33,  95, 28.77675129, 96.24387651,  99.9
 34,  95, 28.77280595, 96.24243658,  99.9
 35,  95, 28.76880691, 96.24097717,  99.9
 36,  95, 28.76475344, 96.23949801,  99.9
 37,  95, 28.76064480, 96.23799884,  99.9
 38,  95, 28.75648023, 96.23647940,  99.9
 39,  95, 28.75225898, 96.23493940,  99.9
 40,  95, 28.74798028, 96.23337857,  99.9
 41,  95, 28.74364333, 96.23179664,  99.9
 42,  95, 28.73924735, 96.23019331,  99.9
 43,  95, 28.73479154, 96.22856830,  99.9
 44,  95, 28.73027507, 96.22692132,  99.9
 45,  95, 28.72569713, 96.22525207,  99.9
 46,  95, 28.72105688, 96.22356026,  99.9
 47,  95, 28.71635346, 96.22184558,  99.9
 48,  95, 28.71158602, 96.22010772,  99.9
 49,  95, 28.70675368, 96.21834638,  99.9
 50,  95, 28.70185557, 96.21656123,  99.9
 51,  95, 28.69689078, 96.21475197,   4.3
 52,  95, 28.69185842, 96.21291826,   4.3
 53,  95, 28.68675755, 96.21105977,   4.3
 54,  95, 28.68158724, 96.20917618,   4.3
 55,  95, 28.67634656, 96.20726715,   4.3
 56,  95, 28.67103453, 96.20533233,  99.9
 57,  95, 28.66565020, 96.20337139,  99.9
 58,  95, 28.66019257, 96.20138397,  99.9
 59,  95, 28.65466065, 96.19936971,  99.9
 60,  95, 28.64905342, 96.19732826,  99.9
 61,  95, 28.64336986, 96.19525925,  99.9
 62,  95, 28.63760893, 96.19316232,  99.9
 63,  95, 28.63176958, 96.19103708,  99.9
 64,  95, 28.62585073, 96.18888317,   3.9
 65,  95, 28.61985131, 96.18670019,   4.0
 66,  95, 28.61377022, 96.18448777,   4.0
 67,  95, 28.60760634, 96.18224549,   3.9
 68,  95, 28.60135856, 96.17997297,   3.9
 69,  95, 28.59502571, 96.17766980,   3.9
 70,  95, 28.58860665, 96.17533558,   3.9
 71,  95, 28.58210021, 96.17296988,   3.9
 72,  95, 28.57550519, 96.17057228,   3.9
 73,  95, 28.56882038, 96.16814236,   4.0
 74,  95, 28.56204456, 96.16567970,   4.0
 75,  95, 28.55517650, 96.16318384,   4.0
 76,  95, 28.54821493, 96.16065435,   4.0
 77,  95, 28.54115859, 96.15809078,   3.9
 78,  95, 28.53400618, 96.15549267,   3.9
 79,  95, 28.52675639, 96.15285957,  99.9
 80,  95, 28.51940789, 96.15019100,   4.1
 81,  95, 28.51195935, 96.14748650,   4.0
 82,  95, 28.50440940, 96.14474558,   3.9
 83,  95, 28.49675665, 96.14196776,   3.9
 84,  95, 28.48899971, 96.13915256,   3.8
 85,  95, 28.48113716, 96.13629946,   3.8
 86,  95, 28.47316756, 96.13340797,   3.8
 87,  95, 28.46508944, 96.13047758,   3.7
 88,  95, 28.45690134, 96.12750776,   3.7
 89,  95, 28.44860176, 96.12449800,   3.6
 90,  95, 28.44018916, 96.12144776,   3.6
 91,  95, 28.43166202, 96.11835651,   3.6
 92,  95, 28.42301878, 96.11522369,   3.5
 93,  95, 28.41425785, 96.11204877,   3.5
 94,  95, 28.40537763, 96.10883117,   3.5
 95,  95, 28.39637649, 96.10557034,   3.5
 96,  95, 28.38725278, 96.10226569,   3.4
 97,  95, 28.37800485, 96.09891666,   3.4
 98,  95, 28.36863098, 96.09552264,   3.4
 99,  95, 28.35912947, 96.09208304,   3.4
100,  95, 28.34949859, 96.08859727,   3.3
101,  95, 28.33973655, 96.08506470,   3.3
102,  95, 28.32984159, 96.08148472,   3.3
103,  95, 28.31981188, 96.07785670,   3.3
104,  95, 28.30964559, 96.07418000,   3.2
105,  95, 28.29934086, 96.07045399,   3.2
106,  95, 28.28889580, 96.06667800,   3.2
107,  95, 28.27830850, 96.06285138,   3.2
108,  95, 28.26757702, 96.05897346,   3.1
109,  95, 28.25669941, 96.05504356,   3.1
110,  95, 28.24567365, 96.05106100,   3.1
111,  95, 28.23449774, 96.04702508,   3.1
112,  95, 28.22316964, 96.04293509,   3.0
113,  95, 28.21168725, 96.03879033,   3.0
114,  95, 28.20004849, 96.03459007,   3.0
115,  95, 28.18825123, 96.03033359,   3.0
116,  95, 28.17629329, 96.02602013,   2.9
117,  95, 28.16417249, 96.02164895,   2.9
118,  95, 28.15188662, 96.01721930,   2.9
119,  95, 28.13943342, 96.01273040,   2.9
120,  95, 28.12681061, 96.00818147,   2.9
121,  95, 28.11401587, 96.00357172,   2.8
122,  95, 28.10104687, 95.99890037,   2.8
123,  95, 28.08790124, 95.99416659,   2.8
124,  95, 28.07457655, 95.98936957,   2.8
125,  95, 28.06107037, 95.98450847,   2.8
126,  95, 28.04738024, 95.97958247,   2.8
127,  95, 28.03350363, 95.97459071,   2.7
128,  95, 28.01943800, 95.96953233,   2.7
129,  95, 28.00518079, 95.96440645,   2.7
130,  95, 27.99072938, 95.95921219,   2.7
131,  95, 27.97608112, 95.95394867,   2.7
132,  95, 27.96123333, 95.94861497,   2.7
133,  95, 27.94618328, 95.94321018,   2.7
134,  95, 27.93092822, 95.93773336,   2.7
135,  95, 27.91546536, 95.93218359,   2.6
136,  95, 27.89979186, 95.92655991,   2.6
137,  95, 27.88390485, 95.92086135,   2.6
138,  95, 27.86780141, 95.91508695,   2.6
139,  95, 27.85147861, 95.90923570,   2.6
140,  95, 27.83493344, 95.90330663,   2.6
141,  95, 27.81816287, 95.89729870,   2.6
142,  95, 27.80116384, 95.89121091,   2.6
143,  95, 27.78393322, 95.88504220,   2.6
144,  95, 27.76646786, 95.87879154,   2.6
145,  95, 27.74876455, 95.87245785,   2.6
146,  95, 27.73082006, 95.86604006,   2.6
147,  95, 27.71263109, 95.85953709,   2.6
148,  95, 27.69419432, 95.85294783,   2.6
149,  95, 27.67550635, 95.84627116,   2.6
150,  95, 27.65656376, 95.83950596,   2.6
151,  95, 27.63736309, 95.83265108,   2.6
152,  95, 27.61790082, 95.82570536,   2.6
153,  95, 27.59817336, 95.81866763,   2.6
154,  95, 27.57817712, 95.81153671,   2.6
155,  95, 27.55790842, 95.80431139,   2.6
156,  95, 27.53736355, 95.79699047,   2.6
157,  95, 27.51653874, 95.78957270,   2.6
158,  95, 27.49543017, 95.78205684,   2.6
159,  95, 27.47403398, 95.77444165,   2.6
160,  95, 27.45234623, 95.76672583,   2.6
161,  95, 27.43036297, 95.75890810,   2.6
162,  95, 27.40808014, 95.75098715,   2.6
163,  95, 27.38549367, 95.74296167,   2.6
164,  95, 27.36259943, 95.73483031,   2.6
165,  95, 27.33939319, 95.72659172,   2.6
166,  95, 27.31587073, 95.71824454,   2.6
167,  95, 27.29202771, 95.70978737,   2.6
168,  95, 27.26785978, 95.70121881,   2.6
169,  95, 27.24336249, 95.69253744,   2.6
170,  95, 27.21853135, 95.68374184,   2.6
171,  95, 27.19336182, 95.67483053,   2.6
172,  95, 27.16784928, 95.66580206,   2.6
173,  95, 27.14198904, 95.65665494,   2.6
174,  95, 27.11577636, 95.64738765,   2.6
175,  95, 27.08920645, 95.63799869,   2.7
176,  95, 27.06227442, 95.62848650,   2.7
177,  95, 27.03497534, 95.61884952,   2.7
178,  95, 27.00730420, 95.60908619,   2.7
179,  95, 26.97925592, 95.59919490,   2.7
180,  95, 26.95082537, 95.58917404,   2.7
181,  95, 26.92200733, 95.57902198,   2.7
182,  95, 26.89279651, 95.56873707,   2.7
183,  95, 26.86318756, 95.55831763,   2.7
184,  95, 26.83317504, 95.54776197,   2.7
185,  95, 26.80275346, 95.53706839,   2.7
186,  95, 26.77191723, 95.52623515,   2.7
187,  95, 26.74066069, 95.51526051,   2.7
188,  95, 26.70897813, 95.50414269,   2.7
189,  95, 26.67686372, 95.49287990,   2.7
190,  95, 26.64431158, 95.48147035,   2.7
191,  95, 26.61131574, 95.46991218,   2.7
  1,  96, 28.87938504, 96.27818696,  99.9
  2,  96, 28.87683654, 96.27721162,  99.9
  3,  96, 28.87425336, 96.27622305,  99.9
  4,  96, 28.87163502, 96.27522109,  99.9
  5,  96, 28.86898104, 96.27420554,  99.9
  6,  96, 28.86629095, 96.27317622,  99.9
  7,  96, 28.86356424, 96.27213295,  99.9
  8,  96, 28.86080043, 96.27107555,  99.9
  9,  96, 28.85799900, 96.27000381,  99.9
 10,  96, 28.85515944, 96.26891755,  99.9
 11,  96, 28.85228123, 96.26781657,  99.9
 12,  96, 28.84936386, 96.26670066,  99.9
 13,  96, 28.84640678, 96.26556964,  99.9
 14,  96, 28.84340945, 96.26442329,  99.9
 15,  96, 28.84037132, 96.26326142,  99.9
 16,  96, 28.83729185, 96.26208380,  99.9
 17,  96, 28.83417047, 96.26089023,  99.9
 18,  96, 28.83100660, 96.25968049,  99.9
 19,  96, 28.82779967, 96.25845436,  99.9
 20,  96, 28.82454909, 96.25721163,  99.9
 21,  96, 28.82125428, 96.25595206,  99.9
 22,  96, 28.81791461, 96.25467544,  99.9
 23,  96, 28.81452949, 96.25338153,  99.9
 24,  96, 28.81109830, 96.25207010,  99.9
 25,  96, 28.80762041, 96.25074091,  99.9
 26,  96, 28.80409518, 96.24939372,  99.9
 27,  96, 28.80052197, 96.24802830,  99.9
 28,  96, 28.79690012, 96.24664439,  99.9
 29,  96, 28.79322898, 96.24524175,  99.9
 30,  96, 28.78950787, 96.24382013,  99.9
 31,  96, 28.78573611, 96.24237926,  99.9
 32,  96, 28.78191302, 96.24091889,  99.9
 33,  96, 28.77803788, 96.23943876,  99.9
 34,  96, 28.77411000, 96.23793860,  99.9
 35,  96, 28.77012866, 96.23641814,  99.9
 36,  96, 28.76609313, 96.23487711,  99.9
 37,  96, 28.76200266, 96.23331523,  99.9
 38,  96, 28.75785652, 96.23173223,  99.9
 39,  96, 28.75365394, 96.23012781,  99.9
 40,  96, 28.74939416, 96.22850169,  99.9
 41,  96, 28.74507639, 96.22685358,  99.9
 42,  96, 28.74069986, 96.22518318,  99.9
 43,  96, 28.73626374, 96.22349019,  99.9
 44,  96, 28.73176725, 96.22177431,  99.9
 45,  96, 28.72720955, 96.22003524,  99.9
 46,  96, 28.72258980, 96.21827265,  99.9
 47,  96, 28.71790718, 96.21648624,  99.9
 48,  96, 28.71316081, 96.21467568,  99.9
 49,  96, 28.70834983, 96.21284065,  99.9
 50,  96, 28.70347336, 96.21098082,  99.9
 51,  96, 28.69853052, 96.20909587,   4.3
 52,  96, 28.69352038, 96.20718544,   4.3
 53,  96, 28.68844205, 96.20524920,   4.3
 54,  96, 28.68329458, 96.20328681,   4.3
 55,  96, 28.67807704, 96.20129791,   4.3
 56,  96, 28.67278848, 96.19928214,  99.9
 57,  96, 28.66742792, 96.19723915,  99.9
 58,  96, 28.66199439, 96.19516858,  99.9
 59,  96, 28.65648690, 96.19307005,  99.9
 60,  96, 28.65090442, 96.19094318,  99.9
 61,  96, 28.64524595, 96.18878761,  99.9
 62,  96, 28.63951045, 96.18660294,  99.9
 63,  96, 28.63369687, 96.18438878,   4.1
 64,  96, 28.62780414, 96.18214474,   4.1
 65,  96, 28.62183119, 96.17987043,   4.0
 66,  96, 28.61577693, 96.17756542,   4.0
 67,  96, 28.60964024, 96.17522933,   4.0
 68,  96, 28.60342001, 96.17286172,   4.0
 69,  96, 28.59711509, 96.17046217,   4.0
 70,  96, 28.59072434, 96.16803027,   4.0
 71,  96, 28.58424658, 96.16556558,   4.0
 72,  96, 28.57768063, 96.16306765,   4.0
 73,  96, 28.57102529, 96.16053605,   4.0
 74,  96, 28.56427934, 96.15797033,   4.0
 75,  96, 28.55744154, 96.15537003,   4.0
 76,  96, 28.55051065, 96.15273468,   4.0
 77,  96, 28.54348539, 96.15006383,   4.0
 78,  96, 28.53636448, 96.14735699,   4.0
 79,  96, 28.52914662, 96.14461370,   4.0
 80,  96, 28.52183049, 96.14183345,   4.0
 81,  96, 28.51441475, 96.13901576,   4.0
 82,  96, 28.50689803, 96.13616013,   3.9
 83,  96, 28.49927897, 96.13326606,   3.9
 84,  96, 28.49155617, 96.13033302,   3.8
 85,  96, 28.48372822, 96.12736052,   3.8
 86,  96, 28.47579368, 96.12434801,   3.8
 87,  96, 28.46775111, 96.12129496,   3.7
 88,  96, 28.45959902, 96.11820084,   3.7
 89,  96, 28.45133593, 96.11506510,   3.6
 90,  96, 28.44296033, 96.11188719,   3.6
 91,  96, 28.43447068, 96.10866654,   3.6
 92,  96, 28.42586543, 96.10540260,   3.5
 93,  96, 28.41714300, 96.10209477,   3.5
 94,  96, 28.40830180, 96.09874249,   3.5
 95,  96, 28.39934021, 96.09534516,   3.5
 96,  96, 28.39025658, 96.09190217,   3.4
 97,  96, 28.38104926, 96.08841294,   3.4
 98,  96, 28.37171656, 96.08487684,   3.4
 99,  96, 28.36225677, 96.08129325,   3.4
100,  96, 28.35266815, 96.07766155,   3.3
101,  96, 28.34294896, 96.07398109,   3.3
102,  96, 28.33309742, 96.07025123,   3.3
103,  96, 28.32311171, 96.06647131,   3.3
104,  96, 28.31299001, 96.06264068,   3.2
105,  96, 28.30273047, 96.05875867,   3.2
106,  96, 28.29233121, 96.05482458,   3.2
107,  96, 28.28179032, 96.05083774,   3.2
108,  96, 28.27110588, 96.04679745,   3.1
109,  96, 28.26027593, 96.04270300,   3.1
110,  96, 28.24929848, 96.03855368,   3.1
111,  96, 28.23817152, 96.03434876,   3.1
112,  96, 28.22689302, 96.03008751,   3.0
113,  96, 28.21546091, 96.02576919,   3.0
114,  96, 28.20387309, 96.02139304,   3.0
115,  96, 28.19212745, 96.01695830,   3.0
116,  96, 28.18022184, 96.01246420,   2.9
117,  96, 28.16815406, 96.00790997,   2.9
118,  96, 28.15592191, 96.00329480,   2.9
119,  96, 28.14352316, 95.99861790,   2.9
120,  96, 28.13095552, 95.99387845,   2.9
121,  96, 28.11821671, 95.98907564,   2.8
122,  96, 28.10530437, 95.98420863,   2.8
123,  96, 28.09221615, 95.97927657,   2.8
124,  96, 28.07894965, 95.97427862,   2.8
125,  96, 28.06550244, 95.96921392,   2.8
126,  96, 28.05187206, 95.96408157,   2.8
127,  96, 28.03805600, 95.95888071,   2.7
128,  96, 28.02405174, 95.95361043,   2.7
129,  96, 28.00985671, 95.94826982,   2.7
130,  96, 27.99546831, 95.94285796,   2.7
131,  96, 27.98088389, 95.93737393,   2.7
132,  96, 27.96610080, 95.93181678,   2.7
133,  96, 27.95111632, 95.92618555,   2.7
134,  96, 27.93592770, 95.92047927,   2.7
135,  96, 27.92053217, 95.91469697,   2.6
136,  96, 27.90492689, 95.90883766,   2.6
137,  96, 27.88910901, 95.90290033,   2.6
138,  96, 27.87307563, 95.89688397,   2.6
139,  96, 27.85682380, 95.89078754,   2.6
140,  96, 27.84035057, 95.88461001,   2.6
141,  96, 27.82365289, 95.87835031,   2.6
142,  96, 27.80672771, 95.87200740,   2.6
143,  96, 27.78957193, 95.86558017,   2.6
144,  96, 27.77218240, 95.85906754,   2.6
145,  96, 27.75455594, 95.85246841,   2.6
146,  96, 27.73668932, 95.84578164,   2.6
147,  96, 27.71857925, 95.83900610,   2.6
148,  96, 27.70022241, 95.83214065,   2.6
149,  96, 27.68161545, 95.82518412,   2.6
150,  96, 27.66275495, 95.81813534,   2.6
151,  96, 27.64363745, 95.81099310,   2.6
152,  96, 27.62425945, 95.80375621,   2.6
153,  96, 27.60461739, 95.79642345,   2.6
154,  96, 27.58470767, 95.78899357,   2.6
155,  96, 27.56452664, 95.78146533,   2.6
156,  96, 27.54407060, 95.77383746,   2.6
157,  96, 27.52333579, 95.76610868,   2.6
158,  96, 27.50231843, 95.75827769,   2.6
159,  96, 27.48101464, 95.75034317,   2.6
160,  96, 27.45942052, 95.74230381,   2.6
161,  96, 27.43753212, 95.73415824,   2.6
162,  96, 27.41534541, 95.72590513,   2.6
163,  96, 27.39285633, 95.71754307,   2.6
164,  96, 27.37006076, 95.70907069,   2.6
165,  96, 27.34695451, 95.70048657,   2.6
166,  96, 27.32353334, 95.69178928,   2.6
167,  96, 27.29979295, 95.68297737,   2.6
168,  96, 27.27572900, 95.67404940,   2.6
169,  96, 27.25133707, 95.66500386,   2.6
170,  96, 27.22661268, 95.65583928,   2.6
171,  96, 27.20155130, 95.64655414,   2.6
172,  96, 27.17614833, 95.63714689,   2.6
173,  96, 27.15039910, 95.62761600,   2.6
174,  96, 27.12429890, 95.61795988,   2.6
175,  96, 27.09784294, 95.60817697,   2.6
176,  96, 27.07102637, 95.59826564,   2.6
177,  96, 27.04384425, 95.58822427,   2.7
178,  96, 27.01629161, 95.57805123,   2.7
179,  96, 26.98836340, 95.56774483,   2.7
180,  96, 26.96005448, 95.55730342,   2.7
181,  96, 26.93135966, 95.54672527,   2.7
182,  96, 26.90227368, 95.53600867,   2.7
183,  96, 26.87279120, 95.52515188,   2.7
184,  96, 26.84290682, 95.51415313,   2.7
185,  96, 26.81261504, 95.50301065,   2.7
186,  96, 26.78191032, 95.49172262,   2.7
187,  96, 26.75078701, 95.48028723,   2.7
188,  96, 26.71923941, 95.46870263,   2.7
189,  96, 26.68726173, 95.45696696,   2.7
190,  96, 26.65484810, 95.44507832,   2.7
191,  96, 26.62199258, 95.43303482,   2.7
  1,  97, 28.88025485, 96.27531784,  99.9
  2,  97, 28.87771816, 96.27430352,  99.9
  3,  97, 28.87514695, 96.27327545,  99.9
  4,  97, 28.87254075, 96.27223344,  99.9
  5,  97, 28.86989908, 96.27117731,  99.9
  6,  97, 28.86722145, 96.27010686,  99.9
  7,  97, 28.86450738, 96.26902190,  99.9
  8,  97, 28.86175638, 96.26792224,  99.9
  9,  97, 28.85896793, 96.26680767,  99.9
 10,  97, 28.85614153, 96.26567800,  99.9
 11,  97, 28.85327666, 96.26453302,  99.9
 12,  97, 28.85037280, 96.26337252,  99.9
 13,  97, 28.84742942, 96.26219630,  99.9
 14,  97, 28.84444598, 96.26100414,  99.9
 15,  97, 28.84142193, 96.25979583,  99.9
 16,  97, 28.83835672, 96.25857114,  99.9
 17,  97, 28.83524979, 96.25732987,  99.9
 18,  97, 28.83210058, 96.25607178,  99.9
 19,  97, 28.82890850, 96.25479665,  99.9
 20,  97, 28.82567298, 96.25350425,  99.9
 21,  97, 28.82239342, 96.25219435,  99.9
 22,  97, 28.81906922, 96.25086671,  99.9
 23,  97, 28.81569977, 96.24952108,  99.9
 24,  97, 28.81228447, 96.24815724,  99.9
 25,  97, 28.80882268, 96.24677492,  99.9
 26,  97, 28.80531377, 96.24537390,  99.9
 27,  97, 28.80175710, 96.24395390,  99.9
 28,  97, 28.79815201, 96.24251468,  99.9
 29,  97, 28.79449786, 96.24105598,  99.9
 30,  97, 28.79079397, 96.23957753,  99.9
 31,  97, 28.78703967, 96.23807907,  99.9
 32,  97, 28.78323426, 96.23656033,  99.9
 33,  97, 28.77937706, 96.23502104,  99.9
 34,  97, 28.77546735, 96.23346092,  99.9
 35,  97, 28.77150443, 96.23187969,  99.9
 36,  97, 28.76748756, 96.23027706,  99.9
 37,  97, 28.76341602, 96.22865275,  99.9
 38,  97, 28.75928905, 96.22700647,  99.9
 39,  97, 28.75510591, 96.22533792,  99.9
 40,  97, 28.75086582, 96.22364680,  99.9
 41,  97, 28.74656802, 96.22193281,  99.9
 42,  97, 28.74221172, 96.22019564,  99.9
 43,  97, 28.73779612, 96.21843498,  99.9
 44,  97, 28.73332041, 96.21665051,  99.9
 45,  97, 28.72878377, 96.21484191,  99.9
 46,  97, 28.72418538, 96.21300887,  99.9
 47,  97, 28.71952440, 96.21115104,  99.9
 48,  97, 28.71479996, 96.20926811,  99.9
 49,  97, 28.71001121, 96.20735972,   4.4
 50,  97, 28.70515728, 96.20542554,   4.4
 51,  97, 28.70023726, 96.20346523,   4.4
 52,  97, 28.69525027, 96.20147843,   4.4
 53,  97, 28.69019540, 96.19946479,   4.4
 54,  97, 28.68507170, 96.19742394,   4.4
 55,  97, 28.67987826, 96.19535552,  99.9
 56,  97, 28.67461412, 96.19325917,  99.9
 57,  97, 28.66927831, 96.19113451,  99.9
 58,  97, 28.66386986, 96.18898115,  99.9
 59,  97, 28.65838779, 96.18679872,  99.9
 60,  97, 28.65283108, 96.18458682,  99.9
 61,  97, 28.64719872, 96.18234506,  99.9
 62,  97, 28.64148969, 96.18007304,  99.9
 63,  97, 28.63570293, 96.17777036,   4.2
 64,  97, 28.62983739, 96.17543660,   4.1
 65,  97, 28.62389199, 96.17307134,   4.1
 66,  97, 28.61786565, 96.17067418,   4.1
 67,  97, 28.61175727, 96.16824467,   4.1
 68,  97, 28.60556572, 96.16578239,   4.1
 69,  97, 28.59928988, 96.16328690,   4.0
 70,  97, 28.59292859, 96.16075776,   4.0
 71,  97, 28.58648069, 96.15819451,   4.0
 72,  97, 28.57994500, 96.15559670,   4.0
 73,  97, 28.57332033, 96.15296387,   4.0
 74,  97, 28.56660546, 96.15029554,   4.0
 75,  97, 28.55979917, 96.14759126,   4.0
 76,  97, 28.55290020, 96.14485053,   4.0
 77,  97, 28.54590731, 96.14207286,   4.0
 78,  97, 28.53881919, 96.13925778,   4.0
 79,  97, 28.53163457, 96.13640477,   4.0
 80,  97, 28.52435212, 96.13351334,   4.0
 81,  97, 28.51697052, 96.13058296,   4.0
 82,  97, 28.50948840, 96.12761313,   3.9
 83,  97, 28.50190440, 96.12460331,   3.9
 84,  97, 28.49421714, 96.12155297,   3.8
 85,  97, 28.48642520, 96.11846157,   3.8
 86,  97, 28.47852716, 96.11532857,   3.8
 87,  97, 28.47052158, 96.11215342,   3.7
 88,  97, 28.46240698, 96.10893554,   3.7
 89,  97, 28.45418189, 96.10567438,   3.6
 90,  97, 28.44584479, 96.10236935,   3.6
 91,  97, 28.43739416, 96.09901988,   3.6
 92,  97, 28.42882846, 96.09562538,   3.5
 93,  97, 28.42014611, 96.09218523,   3.5
 94,  97, 28.41134553, 96.08869885,   3.5
 95,  97, 28.40242510, 96.08516562,   3.5
 96,  97, 28.39338319, 96.08158491,   3.4
 97,  97, 28.38421814, 96.07795609,   3.4
 98,  97, 28.37492829, 96.07427853,   3.4
 99,  97, 28.36551192, 96.07055157,   3.4
100,  97, 28.35596731, 96.06677458,   3.3
101,  97, 28.34629271, 96.06294687,   3.3
102,  97, 28.33648636, 96.05906779,   3.3
103,  97, 28.32654646, 96.05513664,   3.2
104,  97, 28.31647117, 96.05115275,   3.2
105,  97, 28.30625867, 96.04711541,   3.2
106,  97, 28.29590708, 96.04302392,   3.2
107,  97, 28.28541451, 96.03887755,   3.2
108,  97, 28.27477902, 96.03467560,   3.1
109,  97, 28.26399868, 96.03041731,   3.1
110,  97, 28.25307151, 96.02610195,   3.1
111,  97, 28.24199551, 96.02172877,   3.1
112,  97, 28.23076865, 96.01729700,   3.0
113,  97, 28.21938887, 96.01280586,   3.0
114,  97, 28.20785408, 96.00825459,   3.0
115,  97, 28.19616218, 96.00364237,   3.0
116,  97, 28.18431102, 95.99896842,   2.9
117,  97, 28.17229844, 95.99423191,   2.9
118,  97, 28.16012222, 95.98943203,   2.9
119,  97, 28.14778014, 95.98456794,   2.9
120,  97, 28.13526994, 95.97963880,   2.9
121,  97, 28.12258933, 95.97464375,   2.8
122,  97, 28.10973597, 95.96958193,   2.8
123,  97, 28.09670753, 95.96445245,   2.8
124,  97, 28.08350160, 95.95925444,   2.8
125,  97, 28.07011577, 95.95398699,   2.8
126,  97, 28.05654758, 95.94864919,   2.8
127,  97, 28.04279456, 95.94324012,   2.7
128,  97, 28.02885417, 95.93775885,   2.7
129,  97, 28.01472386, 95.93220444,   2.7
130,  97, 28.00040105, 95.92657591,   2.7
131,  97, 27.98588310, 95.92087231,   2.7
132,  97, 27.97116736, 95.91509266,   2.7
133,  97, 27.95625113, 95.90923596,   2.7
134,  97, 27.94113167, 95.90330120,   2.7
135,  97, 27.92580621, 95.89728737,   2.6
136,  97, 27.91027195, 95.89119343,   2.6
137,  97, 27.89452603, 95.88501834,   2.6
138,  97, 27.87856557, 95.87876105,   2.6
139,  97, 27.86238764, 95.87242047,   2.6
140,  97, 27.84598928, 95.86599554,   2.6
141,  97, 27.82936747, 95.85948515,   2.6
142,  97, 27.81251918, 95.85288819,   2.6
143,  97, 27.79544130, 95.84620354,   2.6
144,  97, 27.77813072, 95.83943006,   2.6
145,  97, 27.76058424, 95.83256659,   2.6
146,  97, 27.74279867, 95.82561197,   2.6
147,  97, 27.72477073, 95.81856502,   2.6
148,  97, 27.70649712, 95.81142455,   2.6
149,  97, 27.68797448, 95.80418933,   2.6
150,  97, 27.66919943, 95.79685816,   2.6
151,  97, 27.65016850, 95.78942978,   2.6
152,  97, 27.63087823, 95.78190294,   2.6
153,  97, 27.61132506, 95.77427637,   2.6
154,  97, 27.59150541, 95.76654879,   2.6
155,  97, 27.57141564, 95.75871890,   2.6
156,  97, 27.55105207, 95.75078536,   2.6
157,  97, 27.53041096, 95.74274686,   2.6
158,  97, 27.50948853, 95.73460205,   2.6
159,  97, 27.48828093, 95.72634955,   2.6
160,  97, 27.46678428, 95.71798798,   2.6
161,  97, 27.44499463, 95.70951595,   2.6
162,  97, 27.42290798, 95.70093203,   2.6
163,  97, 27.40052028, 95.69223480,   2.6
164,  97, 27.37782742, 95.68342280,   2.6
165,  97, 27.35482525, 95.67449457,   2.6
166,  97, 27.33150952, 95.66544862,   2.6
167,  97, 27.30787598, 95.65628345,   2.6
168,  97, 27.28392028, 95.64699753,   2.6
169,  97, 27.25963802, 95.63758933,   2.6
170,  97, 27.23502475, 95.62805729,   2.6
171,  97, 27.21007595, 95.61839983,   2.6
172,  97, 27.18478704, 95.60861537,   2.6
173,  97, 27.15915338, 95.59870227,   2.6
174,  97, 27.13317027, 95.58865892,   2.6
175,  97, 27.10683294, 95.57848366,   2.6
176,  97, 27.08013654, 95.56817481,   2.6
177,  97, 27.05307619, 95.55773070,   2.7
178,  97, 27.02564692, 95.54714960,   2.7
179,  97, 26.99784368, 95.53642979,   2.7
180,  97, 26.96966138, 95.52556951,   2.7
181,  97, 26.94109484, 95.51456700,   2.7
182,  97, 26.91213882, 95.50342046,   2.7
183,  97, 26.88278801, 95.49212808,   2.7
184,  97, 26.85303701, 95.48068803,   2.7
185,  97, 26.82288037, 95.46909845,   2.7
186,  97, 26.79231254, 95.45735746,   2.7
187,  97, 26.76132793, 95.44546317,   2.7
188,  97, 26.72992083, 95.43341365,   2.7
189,  97, 26.69808548, 95.42120698,   2.7
190,  97, 26.66581605, 95.40884117,   2.7
191,  97, 26.63310660, 95.39631425,   2.7
  1,  98, 28.88115865, 96.27246228,  99.9
  2,  98, 28.87863424, 96.27140917,  99.9
  3,  98, 28.87607547, 96.27034178,  99.9
  4,  98, 28.87348188, 96.26925992,  99.9
  5,  98, 28.87085299, 96.26816340,  99.9
  6,  98, 28.86818832, 96.26705201,  99.9
  7,  98, 28.86548738, 96.26592555,  99.9
  8,  98, 28.86274968, 96.26478383,  99.9
  9,  98, 28.85997472, 96.26362664,  99.9
 10,  98, 28.85716199, 96.26245376,  99.9
 11,  98, 28.85431098, 96.26126498,  99.9
 12,  98, 28.85142117, 96.26006010,  99.9
 13,  98, 28.84849202, 96.25883889,  99.9
 14,  98, 28.84552301, 96.25760113,  99.9
 15,  98, 28.84251358, 96.25634661,  99.9
 16,  98, 28.83946320, 96.25507508,  99.9
 17,  98, 28.83637130, 96.25378633,  99.9
 18,  98, 28.83323731, 96.25248012,  99.9
 19,  98, 28.83006067, 96.25115622,  99.9
 20,  98, 28.82684078, 96.24981439,  99.9
 21,  98, 28.82357708, 96.24845438,  99.9
 22,  98, 28.82026895, 96.24707595,  99.9
 23,  98, 28.81691579, 96.24567886,  99.9
 24,  98, 28.81351699, 96.24426284,  99.9
 25,  98, 28.81007193, 96.24282765,  99.9
 26,  98, 28.80657998, 96.24137303,  99.9
 27,  98, 28.80304049, 96.23989872,  99.9
 28,  98, 28.79945283, 96.23840445,  99.9
 29,  98, 28.79581633, 96.23688994,  99.9
 30,  98, 28.79213034, 96.23535494,  99.9
 31,  98, 28.78839417, 96.23379916,  99.9
 32,  98, 28.78460714, 96.23222233,  99.9
 33,  98, 28.78076857, 96.23062415,  99.9
 34,  98, 28.77687775, 96.22900435,  99.9
 35,  98, 28.77293396, 96.22736262,  99.9
 36,  98, 28.76893649, 96.22569869,  99.9
 37,  98, 28.76488461, 96.22401224,  99.9
 38,  98, 28.76077757, 96.22230298,  99.9
 39,  98, 28.75661462, 96.22057060,  99.9
 40,  98, 28.75239501, 96.21881478,  99.9
 41,  98, 28.74811795, 96.21703522,  99.9
 42,  98, 28.74378267, 96.21523159,  99.9
 43,  98, 28.73938838, 96.21340357,  99.9
 44,  98, 28.73493427, 96.21155083,  99.9
 45,  98, 28.73041953, 96.20967304,  99.9
 46,  98, 28.72584333, 96.20776986,  99.9
 47,  98, 28.72120483, 96.20584096,  99.9
 48,  98, 28.71650318, 96.20388598,  99.9
 49,  98, 28.71173753, 96.20190458,   4.4
 50,  98, 28.70690701, 96.19989640,   4.4
 51,  98, 28.70201072, 96.19786108,   4.4
 52,  98, 28.69704778, 96.19579826,   4.4
 53,  98, 28.69201727, 96.19370757,   4.4
 54,  98, 28.68691829, 96.19158864,  99.9
 55,  98, 28.68174988, 96.18944108,  99.9
 56,  98, 28.67651111, 96.18726451,  99.9
 57,  98, 28.67120102, 96.18505855,  99.9
 58,  98, 28.66581864, 96.18282279,  99.9
 59,  98, 28.66036298, 96.18055685,  99.9
 60,  98, 28.65483305, 96.17826031,  99.9
 61,  98, 28.64922783, 96.17593277,  99.9
 62,  98, 28.64354629, 96.17357381,   4.0
 63,  98, 28.63778741, 96.17118301,   4.2
 64,  98, 28.63195011, 96.16875994,   4.2
 65,  98, 28.62603335, 96.16630418,   4.2
 66,  98, 28.62003603, 96.16381527,   4.2
 67,  98, 28.61395705, 96.16129279,   4.1
 68,  98, 28.60779531, 96.15873628,   4.1
 69,  98, 28.60154967, 96.15614529,   4.1
 70,  98, 28.59521900, 96.15351935,   4.1
 71,  98, 28.58880213, 96.15085800,   4.1
 72,  98, 28.58229789, 96.14816077,   4.1
 73,  98, 28.57570508, 96.14542717,   4.1
 74,  98, 28.56902252, 96.14265672,   4.1
 75,  98, 28.56224896, 96.13984893,   4.1
 76,  98, 28.55538317, 96.13700330,   4.1
 77,  98, 28.54842390, 96.13411932,   4.0
 78,  98, 28.54136986, 96.13119649,   4.0
 79,  98, 28.53421978, 96.12823428,   4.1
 80,  98, 28.52697233, 96.12523217,   4.1
 81,  98, 28.51962620, 96.12218962,   4.0
 82,  98, 28.51218003, 96.11910611,   3.9
 83,  98, 28.50463247, 96.11598107,   3.9
 84,  98, 28.49698213, 96.11281397,   3.8
 85,  98, 28.48922762, 96.10960423,   3.8
 86,  98, 28.48136751, 96.10635130,   3.8
 87,  98, 28.47340036, 96.10305459,   3.7
 88,  98, 28.46532472, 96.09971353,   3.7
 89,  98, 28.45713910, 96.09632751,   3.6
 90,  98, 28.44884202, 96.09289596,   3.6
 91,  98, 28.44043194, 96.08941826,   3.6
 92,  98, 28.43190733, 96.08589379,   3.5
 93,  98, 28.42326663, 96.08232194,   3.5
 94,  98, 28.41450825, 96.07870207,   3.5
 95,  98, 28.40563060, 96.07503356,   3.5
 96,  98, 28.39663204, 96.07131574,   3.4
 97,  98, 28.38751093, 96.06754798,   3.4
 98,  98, 28.37826559, 96.06372960,   3.4
 99,  98, 28.36889434, 96.05985994,   3.4
100,  98, 28.35939546, 96.05593831,   3.3
101,  98, 28.34976721, 96.05196404,   3.3
102,  98, 28.34000782, 96.04793641,   3.3
103,  98, 28.33011550, 96.04385472,   3.2
104,  98, 28.32008846, 96.03971826,   3.2
105,  98, 28.30992484, 96.03552631,   3.2
106,  98, 28.29962278, 96.03127812,   3.2
107,  98, 28.28918041, 96.02697296,   3.2
108,  98, 28.27859580, 96.02261007,   3.1
109,  98, 28.26786701, 96.01818869,   3.1
110,  98, 28.25699209, 96.01370805,   3.1
111,  98, 28.24596904, 96.00916737,   3.1
112,  98, 28.23479583, 96.00456585,   3.0
113,  98, 28.22347043, 95.99990268,   3.0
114,  98, 28.21199075, 95.99517707,   3.0
115,  98, 28.20035469, 95.99038818,   3.0
116,  98, 28.18856013, 95.98553518,   2.9
117,  98, 28.17660489, 95.98061723,   2.9
118,  98, 28.16448679, 95.97563347,   2.9
119,  98, 28.15220361, 95.97058304,   2.9
120,  98, 28.13975309, 95.96546506,   2.9
121,  98, 28.12713296, 95.96027863,   2.8
122,  98, 28.11434090, 95.95502287,   2.8
123,  98, 28.10137456, 95.94969687,   2.8
124,  98, 28.08823157, 95.94429969,   2.8
125,  98, 28.07490952, 95.93883041,   2.8
126,  98, 28.06140597, 95.93328808,   2.8
127,  98, 28.04771844, 95.92767174,   2.7
128,  98, 28.03384443, 95.92198043,   2.7
129,  98, 28.01978138, 95.91621316,   2.7
130,  98, 28.00552672, 95.91036893,   2.7
131,  98, 27.99107785, 95.90444675,   2.7
132,  98, 27.97643209, 95.89844559,   2.7
133,  98, 27.96158678, 95.89236442,   2.7
134,  98, 27.94653919, 95.88620220,   2.7
135,  98, 27.93128656, 95.87995786,   2.6
136,  98, 27.91582610, 95.87363034,   2.6
137,  98, 27.90015496, 95.86721855,   2.6
138,  98, 27.88427028, 95.86072140,   2.6
139,  98, 27.86816913, 95.85413777,   2.6
140,  98, 27.85184858, 95.84746653,   2.6
141,  98, 27.83530562, 95.84070655,   2.6
142,  98, 27.81853721, 95.83385668,   2.6
143,  98, 27.80154030, 95.82691574,   2.6
144,  98, 27.78431174, 95.81988255,   2.6
145,  98, 27.76684839, 95.81275592,   2.6
146,  98, 27.74914705, 95.80553464,   2.6
147,  98, 27.73120445, 95.79821747,   2.6
148,  98, 27.71301732, 95.79080318,   2.6
149,  98, 27.69458232, 95.78329050,   2.6
150,  98, 27.67589605, 95.77567818,   2.6
151,  98, 27.65695510, 95.76796491,   2.6
152,  98, 27.63775599, 95.76014939,   2.6
153,  98, 27.61829519, 95.75223031,   2.6
154,  98, 27.59856914, 95.74420633,   2.6
155,  98, 27.57857421, 95.73607609,   2.6
156,  98, 27.55830673, 95.72783823,   2.6
157,  98, 27.53776299, 95.71949137,   2.6
158,  98, 27.51693922, 95.71103409,   2.6
159,  98, 27.49583158, 95.70246499,   2.6
160,  98, 27.47443621, 95.69378262,   2.6
161,  98, 27.45274918, 95.68498553,   2.6
162,  98, 27.43076652, 95.67607225,   2.6
163,  98, 27.40848417, 95.66704129,   2.6
164,  98, 27.38589806, 95.65789115,   2.6
165,  98, 27.36300404, 95.64862029,   2.6
166,  98, 27.33979790, 95.63922719,   2.6
167,  98, 27.31627538, 95.62971027,   2.6
168,  98, 27.29243217, 95.62006795,   2.6
169,  98, 27.26826389, 95.61029864,   2.6
170,  98, 27.24376609, 95.60040071,   2.6
171,  98, 27.21893429, 95.59037254,   2.6
172,  98, 27.19376392, 95.58021246,   2.6
173,  98, 27.16825036, 95.56991880,   2.6
174,  98, 27.14238893, 95.55948986,   2.6
175,  98, 27.11617487, 95.54892392,   2.6
176,  98, 27.08960338, 95.53821926,   2.6
177,  98, 27.06266956, 95.52737411,   2.7
178,  98, 27.03536849, 95.51638669,   2.7
179,  98, 27.00769513, 95.50525521,   2.7
180,  98, 26.97964442, 95.49397784,   2.7
181,  98, 26.95121119, 95.48255276,   2.7
182,  98, 26.92239024, 95.47097809,   2.7
183,  98, 26.89317625, 95.45925196,   2.7
184,  98, 26.86356387, 95.44737245,   2.7
185,  98, 26.83354766, 95.43533765,   2.7
186,  98, 26.80312211, 95.42314559,   2.7
187,  98, 26.77228162, 95.41079432,   2.7
188,  98, 26.74102054, 95.39828183,   2.7
189,  98, 26.70933312, 95.38560611,   2.7
190,  98, 26.67721354, 95.37276512,   2.7
191,  98, 26.64465589, 95.35975680,   2.7
  1,  99, 28.88209627, 96.26962081,  99.9
  2,  99, 28.87958460, 96.26852910,  99.9
  3,  99, 28.87703874, 96.26742259,  99.9
  4,  99, 28.87445823, 96.26630107,  99.9
  5,  99, 28.87184260, 96.26516435,  99.9
  6,  99, 28.86919137, 96.26401222,  99.9
  7,  99, 28.86650405, 96.26284448,  99.9
  8,  99, 28.86378016, 96.26166090,  99.9
  9,  99, 28.86101920, 96.26046129,  99.9
 10,  99, 28.85822065, 96.25924541,  99.9
 11,  99, 28.85538402, 96.25801306,  99.9
 12,  99, 28.85250878, 96.25676401,  99.9
 13,  99, 28.84959440, 96.25549803,  99.9
 14,  99, 28.84664035, 96.25421490,  99.9
 15,  99, 28.84364610, 96.25291438,  99.9
 16,  99, 28.84061109, 96.25159624,  99.9
 17,  99, 28.83753478, 96.25026025,  99.9
 18,  99, 28.83441659, 96.24890615,  99.9
 19,  99, 28.83125595, 96.24753372,  99.9
 20,  99, 28.82805230, 96.24614269,  99.9
 21,  99, 28.82480504, 96.24473282,  99.9
 22,  99, 28.82151358, 96.24330386,  99.9
 23,  99, 28.81817732, 96.24185555,  99.9
 24,  99, 28.81479564, 96.24038762,  99.9
 25,  99, 28.81136794, 96.23889981,  99.9
 26,  99, 28.80789358, 96.23739186,  99.9
 27,  99, 28.80437192, 96.23586350,  99.9
 28,  99, 28.80080233, 96.23431444,  99.9
 29,  99, 28.79718415, 96.23274441,  99.9
 30,  99, 28.79351672, 96.23115313,  99.9
 31,  99, 28.78979937, 96.22954031,  99.9
 32,  99, 28.78603141, 96.22790566,  99.9
 33,  99, 28.78221217, 96.22624889,  99.9
 34,  99, 28.77834094, 96.22456969,  99.9
 35,  99, 28.77441700, 96.22286778,  99.9
 36,  99, 28.77043966, 96.22114283,  99.9
 37,  99, 28.76640817, 96.21939455,  99.9
 38,  99, 28.76232180, 96.21762262,  99.9
 39,  99, 28.75817981, 96.21582671,  99.9
 40,  99, 28.75398143, 96.21400651,  99.9
 41,  99, 28.74972590, 96.21216170,  99.9
 42,  99, 28.74541243, 96.21029193,  99.9
 43,  99, 28.74104025, 96.20839688,  99.9
 44,  99, 28.73660855, 96.20647620,  99.9
 45,  99, 28.73211651, 96.20452955,  99.9
 46,  99, 28.72756333, 96.20255659,   4.4
 47,  99, 28.72294816, 96.20055695,   4.4
 48,  99, 28.71827016, 96.19853028,   4.4
 49,  99, 28.71352847, 96.19647622,   4.5
 50,  99, 28.70872224, 96.19439439,   4.5
 51,  99, 28.70385057, 96.19228444,   4.5
 52,  99, 28.69891257, 96.19014597,   4.5
 53,  99, 28.69390735, 96.18797860,  99.9
 54,  99, 28.68883399, 96.18578196,  99.9
 55,  99, 28.68369156, 96.18355564,  99.9
 56,  99, 28.67847912, 96.18129925,  99.9
 57,  99, 28.67319571, 96.17901238,  99.9
 58,  99, 28.66784037, 96.17669463,  99.9
 59,  99, 28.66241212, 96.17434558,  99.9
 60,  99, 28.65690996, 96.17196481,  99.9
 61,  99, 28.65133289, 96.16955190,  99.9
 62,  99, 28.64567989, 96.16710642,  99.9
 63,  99, 28.63994992, 96.16462793,  99.9
 64,  99, 28.63414193, 96.16211598,  99.9
 65,  99, 28.62825487, 96.15957014,  99.9
 66,  99, 28.62228765, 96.15698995,   4.2
 67,  99, 28.61623919, 96.15437494,   4.1
 68,  99, 28.61010837, 96.15172465,   4.1
 69,  99, 28.60389407, 96.14903862,   4.1
 70,  99, 28.59759516, 96.14631635,   4.1
 71,  99, 28.59121048, 96.14355738,   4.1
 72,  99, 28.58473886, 96.14076120,   4.1
 73,  99, 28.57817912, 96.13792732,   4.1
 74,  99, 28.57153007, 96.13505524,   4.1
 75,  99, 28.56479047, 96.13214444,   4.1
 76,  99, 28.55795910, 96.12919442,   4.1
 77,  99, 28.55103471, 96.12620463,   4.0
 78,  99, 28.54401603, 96.12317457,   4.0
 79,  99, 28.53690178, 96.12010368,   4.1
 80,  99, 28.52969064, 96.11699143,   4.1
 81,  99, 28.52238131, 96.11383725,   4.0
 82,  99, 28.51497245, 96.11064060,   3.9
 83,  99, 28.50746269, 96.10740091,   3.9
 84,  99, 28.49985066, 96.10411760,   3.8
 85,  99, 28.49213497, 96.10079009,   3.8
 86,  99, 28.48431421, 96.09741780,   3.8
 87,  99, 28.47638694, 96.09400012,   3.7
 88,  99, 28.46835171, 96.09053645,   3.7
 89,  99, 28.46020705, 96.08702619,   3.6
 90,  99, 28.45195148, 96.08346871,   3.6
 91,  99, 28.44358347, 96.07986339,   3.6
 92,  99, 28.43510149, 96.07620958,   3.5
 93,  99, 28.42650400, 96.07250665,   3.5
 94,  99, 28.41778941, 96.06875394,   3.5
 95,  99, 28.40895613, 96.06495079,   3.5
 96,  99, 28.40000255, 96.06109653,   3.4
 97,  99, 28.39092702, 96.05719048,   3.4
 98,  99, 28.38172787, 96.05323196,   3.4
 99,  99, 28.37240344, 96.04922027,   3.3
100,  99, 28.36295199, 96.04515470,   3.3
101,  99, 28.35337182, 96.04103455,   3.3
102,  99, 28.34366115, 96.03685908,   3.3
103,  99, 28.33381822, 96.03262757,   3.2
104,  99, 28.32384121, 96.02833927,   3.2
105,  99, 28.31372830, 96.02399343,   3.2
106,  99, 28.30347764, 96.01958930,   3.2
107,  99, 28.29308735, 96.01512609,   3.2
108,  99, 28.28255552, 96.01060304,   3.1
109,  99, 28.27188022, 96.00601934,   3.1
110,  99, 28.26105951, 96.00137420,   3.1
111,  99, 28.25009139, 95.99666680,   3.1
112,  99, 28.23897385, 95.99189633,   3.0
113,  99, 28.22770486, 95.98706196,   3.0
114,  99, 28.21628236, 95.98216283,   3.0
115,  99, 28.20470424, 95.97719810,   3.0
116,  99, 28.19296839, 95.97216690,   2.9
117,  99, 28.18107265, 95.96706836,   2.9
118,  99, 28.16901485, 95.96190158,   2.9
119,  99, 28.15679277, 95.95666568,   2.9
120,  99, 28.14440417, 95.95135975,   2.9
121,  99, 28.13184679, 95.94598285,   2.8
122,  99, 28.11911832, 95.94053407,   2.8
123,  99, 28.10621642, 95.93501245,   2.8
124,  99, 28.09313873, 95.92941704,   2.8
125,  99, 28.07988286, 95.92374688,   2.8
126,  99, 28.06644637, 95.91800097,   2.8
127,  99, 28.05282679, 95.91217833,   2.7
128,  99, 28.03902164, 95.90627796,   2.7
129,  99, 28.02502838, 95.90029883,   2.7
130,  99, 28.01084443, 95.89423991,   2.7
131,  99, 27.99646721, 95.88810016,   2.7
132,  99, 27.98189407, 95.88187853,   2.7
133,  99, 27.96712235, 95.87557394,   2.7
134,  99, 27.95214932, 95.86918531,   2.7
135,  99, 27.93697225, 95.86271154,   2.6
136,  99, 27.92158835, 95.85615152,   2.6
137,  99, 27.90599480, 95.84950413,   2.6
138,  99, 27.89018873, 95.84276823,   2.6
139,  99, 27.87416726, 95.83594266,   2.6
140,  99, 27.85792743, 95.82902626,   2.6
141,  99, 27.84146627, 95.82201785,   2.6
142,  99, 27.82478076, 95.81491623,   2.6
143,  99, 27.80786783, 95.80772018,   2.6
144,  99, 27.79072439, 95.80042849,   2.6
145,  99, 27.77334729, 95.79303991,   2.6
146,  99, 27.75573333, 95.78555318,   2.6
147,  99, 27.73787929, 95.77796704,   2.6
148,  99, 27.71978188, 95.77028019,   2.6
149,  99, 27.70143779, 95.76249133,   2.6
150,  99, 27.68284365, 95.75459914,   2.6
151,  99, 27.66399605, 95.74660228,   2.6
152,  99, 27.64489153, 95.73849941,   2.6
153,  99, 27.62552657, 95.73028915,   2.6
154,  99, 27.60589763, 95.72197011,   2.6
155,  99, 27.58600109, 95.71354091,   2.6
156,  99, 27.56583332, 95.70500011,   2.6
157,  99, 27.54539060, 95.69634628,   2.6
158,  99, 27.52466918, 95.68757796,   2.6
159,  99, 27.50366526, 95.67869369,   2.6
160,  99, 27.48237498, 95.66969197,   2.6
161,  99, 27.46079443, 95.66057129,   2.6
162,  99, 27.43891965, 95.65133014,   2.6
163,  99, 27.41674661, 95.64196696,   2.6
164,  99, 27.39427126, 95.63248020,   2.6
165,  99, 27.37148945, 95.62286827,   2.6
166,  99, 27.34839701, 95.61312956,   2.6
167,  99, 27.32498969, 95.60326247,   2.6
168,  99, 27.30126320, 95.59326536,   2.6
169,  99, 27.27721317, 95.58313655,   2.6
170,  99, 27.25283519, 95.57287438,   2.6
171,  99, 27.22812478, 95.56247715,   2.6
172,  99, 27.20307740, 95.55194314,   2.6
173,  99, 27.17768845, 95.54127060,   2.6
174,  99, 27.15195327, 95.53045779,   2.6
175,  99, 27.12586712, 95.51950292,   2.6
176,  99, 27.09942522, 95.50840419,   2.6
177,  99, 27.07262270, 95.49715977,   2.7
178,  99, 27.04545464, 95.48576783,   2.7
179,  99, 27.01791605, 95.47422650,   2.7
180,  99, 26.99000187, 95.46253389,   2.7
181,  99, 26.96170697, 95.45068810,   2.7
182,  99, 26.93302614, 95.43868718,   2.7
183,  99, 26.90395413, 95.42652920,   2.7
184,  99, 26.87448558, 95.41421217,   2.7
185,  99, 26.84461509, 95.40173409,   2.7
186,  99, 26.81433715, 95.38909294,   2.7
187,  99, 26.78364622, 95.37628668,   2.7
188,  99, 26.75253664, 95.36331324,   2.7
189,  99, 26.72100270, 95.35017052,   2.7
190,  99, 26.68903860, 95.33685641,   2.7
191,  99, 26.65663848, 95.32336877,   2.7
  1, 100, 28.88306755, 96.26679395,  99.9
  2, 100, 28.88056907, 96.26566383,  99.9
  3, 100, 28.87803658, 96.26451839,  99.9
  4, 100, 28.87546963, 96.26335742,  99.9
  5, 100, 28.87286773, 96.26218071,  99.9
  6, 100, 28.87023043, 96.26098805,  99.9
  7, 100, 28.86755722, 96.25977922,  99.9
  8, 100, 28.86484763, 96.25855401,  99.9
  9, 100, 28.86210117, 96.25731219,  99.9
 10, 100, 28.85931732, 96.25605354,  99.9
 11, 100, 28.85649557, 96.25477784,  99.9
 12, 100, 28.85363543, 96.25348484,  99.9
 13, 100, 28.85073635, 96.25217432,  99.9
 14, 100, 28.84779781, 96.25084605,  99.9
 15, 100, 28.84481927, 96.24949978,  99.9
 16, 100, 28.84180019, 96.24813526,  99.9
 17, 100, 28.83874002, 96.24675226,  99.9
 18, 100, 28.83563819, 96.24535053,  99.9
 19, 100, 28.83249415, 96.24392980,  99.9
 20, 100, 28.82930730, 96.24248984,  99.9
 21, 100, 28.82607708, 96.24103036,  99.9
 22, 100, 28.82280289, 96.23955112,  99.9
 23, 100, 28.81948413, 96.23805185,  99.9
 24, 100, 28.81612020, 96.23653227,  99.9
 25, 100, 28.81271047, 96.23499212,  99.9
 26, 100, 28.80925433, 96.23343111,  99.9
 27, 100, 28.80575115, 96.23184897,  99.9
 28, 100, 28.80220028, 96.23024540,  99.9
 29, 100, 28.79860107, 96.22862013,  99.9
 30, 100, 28.79495287, 96.22697286,  99.9
 31, 100, 28.79125501, 96.22530328,  99.9
 32, 100, 28.78750681, 96.22361111,  99.9
 33, 100, 28.78370759, 96.22189604,  99.9
 34, 100, 28.77985665, 96.22015776,  99.9
 35, 100, 28.77595329, 96.21839596,  99.9
 36, 100, 28.77199679, 96.21661031,  99.9
 37, 100, 28.76798643, 96.21480051,  99.9
 38, 100, 28.76392148, 96.21296622,  99.9
 39, 100, 28.75980118, 96.21110711,  99.9
 40, 100, 28.75562480, 96.20922286,  99.9
 41, 100, 28.75139157, 96.20731312,  99.9
 42, 100, 28.74710070, 96.20537755,  99.9
 43, 100, 28.74275142, 96.20341581,  99.9
 44, 100, 28.73834293, 96.20142754,  99.9
 45, 100, 28.73387442, 96.19941238,  99.9
 46, 100, 28.72934508, 96.19736998,   4.5
 47, 100, 28.72475408, 96.19529997,   4.5
 48, 100, 28.72010057, 96.19320197,   4.5
 49, 100, 28.71538371, 96.19107561,   4.5
 50, 100, 28.71060264, 96.18892052,   4.5
 51, 100, 28.70575647, 96.18673630,   4.5
 52, 100, 28.70084432, 96.18452256,   4.5
 53, 100, 28.69586529, 96.18227892,  99.9
 54, 100, 28.69081848, 96.18000495,  99.9
 55, 100, 28.68570296, 96.17770027,  99.9
 56, 100, 28.68051778, 96.17536446,  99.9
 57, 100, 28.67526201, 96.17299710,  99.9
 58, 100, 28.66993469, 96.17059776,  99.9
 59, 100, 28.66453483, 96.16816602,  99.9
 60, 100, 28.65906144, 96.16570145,  99.9
 61, 100, 28.65351354, 96.16320360,  99.9
 62, 100, 28.64789009, 96.16067204,  99.9
 63, 100, 28.64219008, 96.15810629,  99.9
 64, 100, 28.63641245, 96.15550592,  99.9
 65, 100, 28.63055616, 96.15287046,  99.9
 66, 100, 28.62462013, 96.15019943,   4.2
 67, 100, 28.61860327, 96.14749236,   4.2
 68, 100, 28.61250448, 96.14474877,   4.1
 69, 100, 28.60632265, 96.14196817,   4.1
 70, 100, 28.60005664, 96.13915007,   4.1
 71, 100, 28.59370530, 96.13629395,   4.1
 72, 100, 28.58726748, 96.13339933,   4.1
 73, 100, 28.58074200, 96.13046567,   4.1
 74, 100, 28.57412766, 96.12749247,   4.1
 75, 100, 28.56742324, 96.12447918,   4.1
 76, 100, 28.56062753, 96.12142529,   4.1
 77, 100, 28.55373928, 96.11833023,   4.1
 78, 100, 28.54675722, 96.11519347,   4.1
 79, 100, 28.53968009, 96.11201445,   4.1
 80, 100, 28.53250657, 96.10879260,   4.0
 81, 100, 28.52523537, 96.10552736,   4.0
 82, 100, 28.51786514, 96.10221814,   3.9
 83, 100, 28.51039454, 96.09886436,   3.9
 84, 100, 28.50282220, 96.09546542,   3.8
 85, 100, 28.49514673, 96.09202073,   3.8
 86, 100, 28.48736673, 96.08852967,   3.8
 87, 100, 28.47948077, 96.08499163,   3.7
 88, 100, 28.47148741, 96.08140598,   3.7
 89, 100, 28.46338519, 96.07777209,   3.6
 90, 100, 28.45517261, 96.07408931,   3.6
 91, 100, 28.44684818, 96.07035700,   3.6
 92, 100, 28.43841037, 96.06657450,   3.5
 93, 100, 28.42985764, 96.06274114,   3.5
 94, 100, 28.42118841, 96.05885624,   3.5
 95, 100, 28.41240111, 96.05491913,   3.5
 96, 100, 28.40349412, 96.05092910,   3.4
 97, 100, 28.39446580, 96.04688546,   3.4
 98, 100, 28.38531451, 96.04278749,   3.4
 99, 100, 28.37603857, 96.03863447,   3.3
100, 100, 28.36663627, 96.03442568,   3.3
101, 100, 28.35710590, 96.03016037,   3.3
102, 100, 28.34744571, 96.02583780,   3.3
103, 100, 28.33765393, 96.02145720,   3.2
104, 100, 28.32772876, 96.01701781,   3.2
105, 100, 28.31766839, 96.01251886,   3.2
106, 100, 28.30747097, 96.00795954,   3.2
107, 100, 28.29713463, 96.00333907,   3.2
108, 100, 28.28665748, 95.99865664,   3.1
109, 100, 28.27603760, 95.99391142,   3.1
110, 100, 28.26527304, 95.98910259,   3.1
111, 100, 28.25436183, 95.98422931,   3.1
112, 100, 28.24330196, 95.97929072,   3.0
113, 100, 28.23209142, 95.97428597,   3.0
114, 100, 28.22072814, 95.96921419,   3.0
115, 100, 28.20921004, 95.96407448,   3.0
116, 100, 28.19753502, 95.95886595,   2.9
117, 100, 28.18570092, 95.95358771,   2.9
118, 100, 28.17370558, 95.94823882,   2.9
119, 100, 28.16154681, 95.94281836,   2.9
120, 100, 28.14922236, 95.93732539,   2.9
121, 100, 28.13672998, 95.93175896,   2.8
122, 100, 28.12406739, 95.92611810,   2.8
123, 100, 28.11123225, 95.92040182,   2.8
124, 100, 28.09822221, 95.91460915,   2.8
125, 100, 28.08503489, 95.90873908,   2.8
126, 100, 28.07166787, 95.90279059,   2.8
127, 100, 28.05811870, 95.89676266,   2.7
128, 100, 28.04438488, 95.89065424,   2.7
129, 100, 28.03046391, 95.88446428,   2.7
130, 100, 28.01635323, 95.87819171,   2.7
131, 100, 28.00205024, 95.87183546,   2.7
132, 100, 27.98755233, 95.86539442,   2.7
133, 100, 27.97285683, 95.85886750,   2.7
134, 100, 27.95796105, 95.85225355,   2.7
135, 100, 27.94286226, 95.84555146,   2.7
136, 100, 27.92755768, 95.83876007,   2.6
137, 100, 27.91204451, 95.83187822,   2.6
138, 100, 27.89631989, 95.82490472,   2.6
139, 100, 27.88038095, 95.81783839,   2.6
140, 100, 27.86422476, 95.81067801,   2.6
141, 100, 27.84784834, 95.80342236,   2.6
142, 100, 27.83124871, 95.79607020,   2.6
143, 100, 27.81442280, 95.78862027,   2.6
144, 100, 27.79736753, 95.78107132,   2.6
145, 100, 27.78007977, 95.77342204,   2.6
146, 100, 27.76255635, 95.76567114,   2.6
147, 100, 27.74479405, 95.75781731,   2.6
148, 100, 27.72678960, 95.74985920,   2.6
149, 100, 27.70853970, 95.74179547,   2.6
150, 100, 27.69004100, 95.73362476,   2.6
151, 100, 27.67129011, 95.72534567,   2.6
152, 100, 27.65228358, 95.71695680,   2.6
153, 100, 27.63301791, 95.70845675,   2.6
154, 100, 27.61348958, 95.69984407,   2.6
155, 100, 27.59369499, 95.69111731,   2.6
156, 100, 27.57363051, 95.68227501,   2.6
157, 100, 27.55329245, 95.67331567,   2.6
158, 100, 27.53267708, 95.66423778,   2.6
159, 100, 27.51178061, 95.65503983,   2.6
160, 100, 27.49059920, 95.64572027,   2.6
161, 100, 27.46912896, 95.63627754,   2.6
162, 100, 27.44736595, 95.62671006,   2.6
163, 100, 27.42530616, 95.61701622,   2.6
164, 100, 27.40294555, 95.60719442,   2.6
165, 100, 27.38028000, 95.59724301,   2.6
166, 100, 27.35730535, 95.58716033,   2.6
167, 100, 27.33401738, 95.57694471,   2.6
168, 100, 27.31041181, 95.56659445,   2.6
169, 100, 27.28648430, 95.55610783,   2.6
170, 100, 27.26223046, 95.54548311,   2.6
171, 100, 27.23764582, 95.53471854,   2.6
172, 100, 27.21272586, 95.52381233,   2.6
173, 100, 27.18746602, 95.51276268,   2.6
174, 100, 27.16186163, 95.50156778,   2.6
175, 100, 27.13590800, 95.49022577,   2.6
176, 100, 27.10960036, 95.47873480,   2.6
177, 100, 27.08293387, 95.46709296,   2.7
178, 100, 27.05590362, 95.45529837,   2.7
179, 100, 27.02850466, 95.44334907,   2.7
180, 100, 27.00073193, 95.43124313,   2.7
181, 100, 26.97258034, 95.41897855,   2.7
182, 100, 26.94404471, 95.40655334,   2.7
183, 100, 26.91511978, 95.39396549,   2.7
184, 100, 26.88580025, 95.38121293,   2.7
185, 100, 26.85608073, 95.36829360,   2.7
186, 100, 26.82595574, 95.35520540,   2.7
187, 100, 26.79541975, 95.34194622,   2.7
188, 100, 26.76446714, 95.32851392,   2.7
189, 100, 26.73309222, 95.31490631,   2.7
190, 100, 26.70128922, 95.30112122,   2.7
191, 100, 26.66905229, 95.28715643,   2.7
  1, 101, 28.88407231, 96.26398220,  99.9
  2, 101, 28.88158747, 96.26281388,  99.9
  3, 101, 28.87906882, 96.26162972,  99.9
  4, 101, 28.87651588, 96.26042951,  99.9
  5, 101, 28.87392820, 96.25921302,  99.9
  6, 101, 28.87130530, 96.25798005,  99.9
  7, 101, 28.86864669, 96.25673036,  99.9
  8, 101, 28.86595190, 96.25546373,  99.9
  9, 101, 28.86322043, 96.25417993,  99.9
 10, 101, 28.86045178, 96.25287873,  99.9
 11, 101, 28.85764544, 96.25155990,  99.9
 12, 101, 28.85480091, 96.25022319,  99.9
 13, 101, 28.85191766, 96.24886837,  99.9
 14, 101, 28.84899516, 96.24749519,  99.9
 15, 101, 28.84603288, 96.24610341,  99.9
 16, 101, 28.84303028, 96.24469277,  99.9
 17, 101, 28.83998681, 96.24326301,  99.9
 18, 101, 28.83690191, 96.24181389,  99.9
 19, 101, 28.83377502, 96.24034514,  99.9
 20, 101, 28.83060557, 96.23885648,  99.9
 21, 101, 28.82739297, 96.23734767,  99.9
 22, 101, 28.82413665, 96.23581842,  99.9
 23, 101, 28.82083599, 96.23426846,  99.9
 24, 101, 28.81749041, 96.23269751,  99.9
 25, 101, 28.81409929, 96.23110528,  99.9
 26, 101, 28.81066200, 96.22949149,  99.9
 27, 101, 28.80717792, 96.22785586,  99.9
 28, 101, 28.80364642, 96.22619808,  99.9
 29, 101, 28.80006684, 96.22451785,  99.9
 30, 101, 28.79643854, 96.22281488,  99.9
 31, 101, 28.79276084, 96.22108886,  99.9
 32, 101, 28.78903307, 96.21933947,  99.9
 33, 101, 28.78525457, 96.21756641,  99.9
 34, 101, 28.78142462, 96.21576935,  99.9
 35, 101, 28.77754253, 96.21394797,  99.9
 36, 101, 28.77360760, 96.21210195,  99.9
 37, 101, 28.76961910, 96.21023095,  99.9
 38, 101, 28.76557630, 96.20833463,  99.9
 39, 101, 28.76147846, 96.20641266,  99.9
 40, 101, 28.75732483, 96.20446469,  99.9
 41, 101, 28.75311466, 96.20249038,  99.9
 42, 101, 28.74884717, 96.20048936,  99.9
 43, 101, 28.74452158, 96.19846127,  99.9
 44, 101, 28.74013711, 96.19640576,  99.9
 45, 101, 28.73569294, 96.19432246,   4.5
 46, 101, 28.73118826, 96.19221099,   4.5
 47, 101, 28.72662226, 96.19007097,   4.5
 48, 101, 28.72199409, 96.18790202,   4.5
 49, 101, 28.71730291, 96.18570375,   4.5
 50, 101, 28.71254786, 96.18347577,   4.6
 51, 101, 28.70772808, 96.18121768,   4.6
 52, 101, 28.70284267, 96.17892907,  99.9
 53, 101, 28.69789074, 96.17660954,  99.9
 54, 101, 28.69287139, 96.17425867,  99.9
 55, 101, 28.68778370, 96.17187604,  99.9
 56, 101, 28.68262674, 96.16946122,  99.9
 57, 101, 28.67739956, 96.16701378,  99.9
 58, 101, 28.67210121, 96.16453329,  99.9
 59, 101, 28.66673072, 96.16201930,  99.9
 60, 101, 28.66128711, 96.15947137,  99.9
 61, 101, 28.65576937, 96.15688903,  99.9
 62, 101, 28.65017650, 96.15427182,  99.9
 63, 101, 28.64450748, 96.15161929,  99.9
 64, 101, 28.63876126, 96.14893096,  99.9
 65, 101, 28.63293680, 96.14620634,  99.9
 66, 101, 28.62703303, 96.14344495,   4.2
 67, 101, 28.62104887, 96.14064630,   4.2
 68, 101, 28.61498321, 96.13780990,   4.2
 69, 101, 28.60883497, 96.13493523,   4.2
 70, 101, 28.60260300, 96.13202178,   4.2
 71, 101, 28.59628616, 96.12906904,   4.2
 72, 101, 28.58988330, 96.12607649,   4.2
 73, 101, 28.58339325, 96.12304358,   4.2
 74, 101, 28.57681482, 96.11996978,   4.2
 75, 101, 28.57014681, 96.11685454,   4.2
 76, 101, 28.56338798, 96.11369731,   4.2
 77, 101, 28.55653711, 96.11049753,   4.2
 78, 101, 28.54959295, 96.10725464,   4.1
 79, 101, 28.54255421, 96.10396804,   4.1
 80, 101, 28.53541961, 96.10063718,   4.0
 81, 101, 28.52818785, 96.09726144,   4.0
 82, 101, 28.52085759, 96.09384024,   3.9
 83, 101, 28.51342750, 96.09037296,   3.9
 84, 101, 28.50589622, 96.08685901,   3.8
 85, 101, 28.49826236, 96.08329774,   3.8
 86, 101, 28.49052453, 96.07968853,   3.8
 87, 101, 28.48268131, 96.07603075,   3.7
 88, 101, 28.47473126, 96.07232375,   3.7
 89, 101, 28.46667293, 96.06856687,   3.6
 90, 101, 28.45850484, 96.06475945,   3.6
 91, 101, 28.45022549, 96.06090081,   3.6
 92, 101, 28.44183338, 96.05699028,   3.5
 93, 101, 28.43332695, 96.05302716,   3.5
 94, 101, 28.42470465, 96.04901077,   3.5
 95, 101, 28.41596491, 96.04494038,   3.5
 96, 101, 28.40710611, 96.04081529,   3.4
 97, 101, 28.39812664, 96.03663476,   3.4
 98, 101, 28.38902486, 96.03239806,   3.4
 99, 101, 28.37979908, 96.02810445,   3.3
100, 101, 28.37044763, 96.02375317,   3.3
101, 101, 28.36096879, 96.01934346,   3.3
102, 101, 28.35136081, 96.01487454,   3.3
103, 101, 28.34162195, 96.01034562,   3.2
104, 101, 28.33175041, 96.00575593,   3.2
105, 101, 28.32174439, 96.00110464,   3.2
106, 101, 28.31160205, 95.99639094,   3.2
107, 101, 28.30132153, 95.99161402,   3.2
108, 101, 28.29090095, 95.98677302,   3.1
109, 101, 28.28033839, 95.98186712,   3.1
110, 101, 28.26963193, 95.97689544,   3.1
111, 101, 28.25877959, 95.97185712,   3.1
112, 101, 28.24777939, 95.96675128,   3.0
113, 101, 28.23662931, 95.96157703,   3.0
114, 101, 28.22532730, 95.95633347,   3.0
115, 101, 28.21387130, 95.95101968,   3.0
116, 101, 28.20225920, 95.94563473,   3.0
117, 101, 28.19048887, 95.94017770,   2.9
118, 101, 28.17855816, 95.93464763,   2.9
119, 101, 28.16646487, 95.92904355,   2.9
120, 101, 28.15420679, 95.92336450,   2.9
121, 101, 28.14178167, 95.91760950,   2.8
122, 101, 28.12918722, 95.91177753,   2.8
123, 101, 28.11642115, 95.90586759,   2.8
124, 101, 28.10348110, 95.89987866,   2.8
125, 101, 28.09036470, 95.89380970,   2.8
126, 101, 28.07706955, 95.88765965,   2.8
127, 101, 28.06359321, 95.88142747,   2.7
128, 101, 28.04993320, 95.87511206,   2.7
129, 101, 28.03608702, 95.86871234,   2.7
130, 101, 28.02205213, 95.86222720,   2.7
131, 101, 28.00782594, 95.85565554,   2.7
132, 101, 27.99340586, 95.84899620,   2.7
133, 101, 27.97878923, 95.84224806,   2.7
134, 101, 27.96397336, 95.83540995,   2.7
135, 101, 27.94895555, 95.82848069,   2.7
136, 101, 27.93373304, 95.82145909,   2.6
137, 101, 27.91830302, 95.81434395,   2.6
138, 101, 27.90266267, 95.80713405,   2.6
139, 101, 27.88680911, 95.79982816,   2.6
140, 101, 27.87073944, 95.79242502,   2.6
141, 101, 27.85445071, 95.78492337,   2.6
142, 101, 27.83793991, 95.77732193,   2.6
143, 101, 27.82120403, 95.76961939,   2.6
144, 101, 27.80423999, 95.76181446,   2.6
145, 101, 27.78704467, 95.75390579,   2.6
146, 101, 27.76961491, 95.74589204,   2.6
147, 101, 27.75194752, 95.73777185,   2.6
148, 101, 27.73403924, 95.72954384,   2.6
149, 101, 27.71588679, 95.72120661,   2.6
150, 101, 27.69748684, 95.71275875,   2.6
151, 101, 27.67883600, 95.70419882,   2.6
152, 101, 27.65993085, 95.69552539,   2.6
153, 101, 27.64076791, 95.68673698,   2.6
154, 101, 27.62134366, 95.67783210,   2.6
155, 101, 27.60165454, 95.66880927,   2.6
156, 101, 27.58169693, 95.65966694,   2.6
157, 101, 27.56146715, 95.65040360,   2.6
158, 101, 27.54096149, 95.64101767,   2.6
159, 101, 27.52017619, 95.63150758,   2.6
160, 101, 27.49910742, 95.62187174,   2.6
161, 101, 27.47775131, 95.61210853,   2.6
162, 101, 27.45610394, 95.60221632,   2.6
163, 101, 27.43416132, 95.59219345,   2.6
164, 101, 27.41191942, 95.58203824,   2.6
165, 101, 27.38937416, 95.57174901,   2.6
166, 101, 27.36652138, 95.56132403,   2.6
167, 101, 27.34335689, 95.55076158,   2.6
168, 101, 27.31987643, 95.54005989,   2.6
169, 101, 27.29607568, 95.52921720,   2.6
170, 101, 27.27195026, 95.51823169,   2.6
171, 101, 27.24749574, 95.50710156,   2.6
172, 101, 27.22270762, 95.49582495,   2.6
173, 101, 27.19758135, 95.48440002,   2.6
174, 101, 27.17211229, 95.47282487,   2.6
175, 101, 27.14629577, 95.46109759,   2.6
176, 101, 27.12012704, 95.44921626,   2.6
177, 101, 27.09360129, 95.43717892,   2.6
178, 101, 27.06671363, 95.42498359,   2.7
179, 101, 27.03945912, 95.41262829,   2.7
180, 101, 27.01183275, 95.40011098,   2.7
181, 101, 26.98382943, 95.38742963,   2.7
182, 101, 26.95544402, 95.37458215,   2.7
183, 101, 26.92667128, 95.36156647,   2.7
184, 101, 26.89750593, 95.34838045,   2.7
185, 101, 26.86794261, 95.33502197,   2.7
186, 101, 26.83797586, 95.32148884,   2.7
187, 101, 26.80760018, 95.30777889,   2.7
188, 101, 26.77680998, 95.29388988,   2.7
189, 101, 26.74559959, 95.27981959,   2.7
190, 101, 26.71396327, 95.26556574,   2.7
191, 101, 26.68189520, 95.25112603,   2.7
  1, 102, 28.88511036, 96.26118608,  99.9
  2, 102, 28.88263963, 96.25997977,  99.9
  3, 102, 28.88013526, 96.25875711,  99.9
  4, 102, 28.87759681, 96.25751787,  99.9
  5, 102, 28.87502381, 96.25626182,  99.9
  6, 102, 28.87241579, 96.25498875,  99.9
  7, 102, 28.86977227, 96.25369843,  99.9
  8, 102, 28.86709276, 96.25239061,  99.9
  9, 102, 28.86437678, 96.25106506,  99.9
 10, 102, 28.86162384, 96.24972155,  99.9
 11, 102, 28.85883342, 96.24835983,  99.9
 12, 102, 28.85600502, 96.24697966,  99.9
 13, 102, 28.85313811, 96.24558078,  99.9
 14, 102, 28.85023219, 96.24416295,  99.9
 15, 102, 28.84728671, 96.24272590,  99.9
 16, 102, 28.84430113, 96.24126938,  99.9
 17, 102, 28.84127492, 96.23979313,  99.9
 18, 102, 28.83820751, 96.23829688,  99.9
 19, 102, 28.83509835, 96.23678036,  99.9
 20, 102, 28.83194686, 96.23524330,  99.9
 21, 102, 28.82875247, 96.23368541,  99.9
 22, 102, 28.82551460, 96.23210643,  99.9
 23, 102, 28.82223266, 96.23050606,  99.9
 24, 102, 28.81890603, 96.22888401,  99.9
 25, 102, 28.81553413, 96.22724000,  99.9
 26, 102, 28.81211632, 96.22557373,  99.9
 27, 102, 28.80865198, 96.22388489,  99.9
 28, 102, 28.80514049, 96.22217319,  99.9
 29, 102, 28.80158119, 96.22043832,  99.9
 30, 102, 28.79797344, 96.21867996,  99.9
 31, 102, 28.79431657, 96.21689779,  99.9
 32, 102, 28.79060992, 96.21509150,  99.9
 33, 102, 28.78685281, 96.21326077,  99.9
 34, 102, 28.78304455, 96.21140526,  99.9
 35, 102, 28.77918445, 96.20952464,  99.9
 36, 102, 28.77527180, 96.20761856,  99.9
 37, 102, 28.77130588, 96.20568670,  99.9
 38, 102, 28.76728596, 96.20372870,  99.9
 39, 102, 28.76321132, 96.20174421,  99.9
 40, 102, 28.75908121, 96.19973288,  99.9
 41, 102, 28.75489487, 96.19769433,  99.9
 42, 102, 28.75065153, 96.19562822,  99.9
 43, 102, 28.74635042, 96.19353416,  99.9
 44, 102, 28.74199075, 96.19141178,   4.5
 45, 102, 28.73757173, 96.18926070,   4.5
 46, 102, 28.73309254, 96.18708054,   4.5
 47, 102, 28.72855237, 96.18487090,  99.9
 48, 102, 28.72395038, 96.18263138,  99.9
 49, 102, 28.71928573, 96.18036160,  99.9
 50, 102, 28.71455757, 96.17806113,   4.7
 51, 102, 28.70976504, 96.17572957,  99.9
 52, 102, 28.70490725, 96.17336650,  99.9
 53, 102, 28.69998332, 96.17097150,  99.9
 54, 102, 28.69499235, 96.16854414,  99.9
 55, 102, 28.68993342, 96.16608399,  99.9
 56, 102, 28.68480561, 96.16359060,  99.9
 57, 102, 28.67960797, 96.16106352,  99.9
 58, 102, 28.67433956, 96.15850232,  99.9
 59, 102, 28.66899941, 96.15590653,  99.9
 60, 102, 28.66358655, 96.15327568,  99.9
 61, 102, 28.65809999, 96.15060931,  99.9
 62, 102, 28.65253871, 96.14790694,  99.9
 63, 102, 28.64690170, 96.14516809,  99.9
 64, 102, 28.64118793, 96.14239227,  99.9
 65, 102, 28.63539636, 96.13957898,  99.9
 66, 102, 28.62952592, 96.13672773,  99.9
 67, 102, 28.62357554, 96.13383801,   4.2
 68, 102, 28.61754413, 96.13090929,   4.2
 69, 102, 28.61143058, 96.12794106,   4.2
 70, 102, 28.60523377, 96.12493280,   4.2
 71, 102, 28.59895258, 96.12188395,   4.2
 72, 102, 28.59258585, 96.11879399,   4.2
 73, 102, 28.58613241, 96.11566237,   4.2
 74, 102, 28.57959108, 96.11248852,   4.2
 75, 102, 28.57296067, 96.10927188,   4.2
 76, 102, 28.56623995, 96.10601189,   4.2
 77, 102, 28.55942771, 96.10270795,   4.2
 78, 102, 28.55252269, 96.09935949,  99.9
 79, 102, 28.54552362, 96.09596591,   4.1
 80, 102, 28.53842923, 96.09252661,   4.0
 81, 102, 28.53123822, 96.08904098,   4.0
 82, 102, 28.52394926, 96.08550841,   3.9
 83, 102, 28.51656103, 96.08192825,   3.9
 84, 102, 28.50907216, 96.07829989,   3.8
 85, 102, 28.50148129, 96.07462268,   3.8
 86, 102, 28.49378703, 96.07089597,   3.8
 87, 102, 28.48598797, 96.06711909,   3.7
 88, 102, 28.47808267, 96.06329139,   3.7
 89, 102, 28.47006969, 96.05941219,   3.6
 90, 102, 28.46194756, 96.05548079,   3.6
 91, 102, 28.45371480, 96.05149651,   3.6
 92, 102, 28.44536989, 96.04745864,   3.5
 93, 102, 28.43691131, 96.04336647,   3.5
 94, 102, 28.42833750, 96.03921928,   3.5
 95, 102, 28.41964689, 96.03501634,   3.4
 96, 102, 28.41083789, 96.03075690,   3.4
 97, 102, 28.40190889, 96.02644023,   3.4
 98, 102, 28.39285825, 96.02206555,   3.4
 99, 102, 28.38368431, 96.01763209,   3.3
100, 102, 28.37438539, 96.01313909,   3.3
101, 102, 28.36495978, 96.00858575,   3.3
102, 102, 28.35540576, 96.00397127,   3.3
103, 102, 28.34572158, 95.99929483,   3.2
104, 102, 28.33590545, 95.99455563,   3.2
105, 102, 28.32595558, 95.98975282,   3.2
106, 102, 28.31587015, 95.98488557,   3.2
107, 102, 28.30564730, 95.97995303,   3.2
108, 102, 28.29528517, 95.97495432,   3.1
109, 102, 28.28478184, 95.96988858,   3.1
110, 102, 28.27413540, 95.96475492,   3.1
111, 102, 28.26334389, 95.95955245,   3.1
112, 102, 28.25240533, 95.95428024,   3.0
113, 102, 28.24131773, 95.94893740,   3.0
114, 102, 28.23007903, 95.94352297,   3.0
115, 102, 28.21868718, 95.93803602,   3.0
116, 102, 28.20714010, 95.93247560,   3.0
117, 102, 28.19543566, 95.92684073,   2.9
118, 102, 28.18357171, 95.92113043,   2.9
119, 102, 28.17154609, 95.91534371,   2.9
120, 102, 28.15935658, 95.90947957,   2.9
121, 102, 28.14700094, 95.90353699,   2.8
122, 102, 28.13447691, 95.89751493,   2.8
123, 102, 28.12178220, 95.89141235,   2.8
124, 102, 28.10891446, 95.88522820,   2.8
125, 102, 28.09587135, 95.87896139,   2.8
126, 102, 28.08265046, 95.87261086,   2.8
127, 102, 28.06924936, 95.86617549,   2.7
128, 102, 28.05566561, 95.85965419,   2.7
129, 102, 28.04189671, 95.85304581,   2.7
130, 102, 28.02794012, 95.84634923,   2.7
131, 102, 28.01379329, 95.83956328,   2.7
132, 102, 27.99945362, 95.83268680,   2.7
133, 102, 27.98491847, 95.82571860,   2.7
134, 102, 27.97018518, 95.81865748,   2.7
135, 102, 27.95525105, 95.81150224,   2.7
136, 102, 27.94011332, 95.80425164,   2.6
137, 102, 27.92476922, 95.79690444,   2.6
138, 102, 27.90921594, 95.78945937,   2.6
139, 102, 27.89345061, 95.78191517,   2.6
140, 102, 27.87747034, 95.77427054,   2.6
141, 102, 27.86127220, 95.76652417,   2.6
142, 102, 27.84485320, 95.75867474,   2.6
143, 102, 27.82821034, 95.75072091,   2.6
144, 102, 27.81134055, 95.74266133,   2.6
145, 102, 27.79424074, 95.73449461,   2.6
146, 102, 27.77690776, 95.72621938,   2.6
147, 102, 27.75933843, 95.71783421,   2.6
148, 102, 27.74152953, 95.70933769,   2.6
149, 102, 27.72347777, 95.70072837,   2.6
150, 102, 27.70517984, 95.69200480,   2.6
151, 102, 27.68663238, 95.68316549,   2.6
152, 102, 27.66783198, 95.67420895,   2.6
153, 102, 27.64877519, 95.66513366,   2.6
154, 102, 27.62945849, 95.65593810,   2.6
155, 102, 27.60987835, 95.64662070,   2.6
156, 102, 27.59003116, 95.63717990,   2.6
157, 102, 27.56991326, 95.62761411,   2.6
158, 102, 27.54952097, 95.61792171,   2.6
159, 102, 27.52885054, 95.60810109,   2.6
160, 102, 27.50789816, 95.59815058,   2.6
161, 102, 27.48665997, 95.58806853,   2.6
162, 102, 27.46513208, 95.57785324,   2.6
163, 102, 27.44331053, 95.56750300,   2.6
164, 102, 27.42119130, 95.55701609,   2.6
165, 102, 27.39877032, 95.54639075,   2.6
166, 102, 27.37604347, 95.53562521,   2.6
167, 102, 27.35300657, 95.52471768,   2.6
168, 102, 27.32965539, 95.51366635,   2.6
169, 102, 27.30598561, 95.50246937,   2.6
170, 102, 27.28199290, 95.49112490,   2.6
171, 102, 27.25767284, 95.47963104,   2.6
172, 102, 27.23302094, 95.46798591,   2.6
173, 102, 27.20803269, 95.45618757,   2.6
174, 102, 27.18270347, 95.44423407,   2.6
175, 102, 27.15702862, 95.43212346,   2.6
176, 102, 27.13100343, 95.41985372,   2.6
177, 102, 27.10462310, 95.40742285,   2.6
178, 102, 27.07788278, 95.39482880,   2.6
179, 102, 27.05077754, 95.38206951,   2.6
180, 102, 27.02330240, 95.36914288,   2.7
181, 102, 26.99545229, 95.35604682,   2.7
182, 102, 26.96722210, 95.34277917,   2.7
183, 102, 26.93860663, 95.32933778,   2.7
184, 102, 26.90960060, 95.31572045,   2.7
185, 102, 26.88019867, 95.30192497,   2.7
186, 102, 26.85039544, 95.28794911,   2.7
187, 102, 26.82018542, 95.27379059,   2.7
188, 102, 26.78956304, 95.25944714,   2.7
189, 102, 26.75852267, 95.24491642,   2.7
190, 102, 26.72705858, 95.23019610,   2.7
191, 102, 26.69516500, 95.21528381,   2.7
  1, 103, 28.88618152, 96.25840610,  99.9
  2, 103, 28.88372534, 96.25716202,  99.9
  3, 103, 28.88123572, 96.25590107,  99.9
  4, 103, 28.87871222, 96.25462303,  99.9
  5, 103, 28.87615437, 96.25332765,  99.9
  6, 103, 28.87356170, 96.25201472,  99.9
  7, 103, 28.87093374, 96.25068399,  99.9
  8, 103, 28.86827001, 96.24933522,  99.9
  9, 103, 28.86557002, 96.24796817,  99.9
 10, 103, 28.86283328, 96.24658258,  99.9
 11, 103, 28.86005928, 96.24517822,  99.9
 12, 103, 28.85724753, 96.24375483,  99.9
 13, 103, 28.85439750, 96.24231215,  99.9
 14, 103, 28.85150868, 96.24084991,  99.9
 15, 103, 28.84858053, 96.23936786,  99.9
 16, 103, 28.84561252, 96.23786573,  99.9
 17, 103, 28.84260411, 96.23634325,  99.9
 18, 103, 28.83955475, 96.23480014,  99.9
 19, 103, 28.83646388, 96.23323613,  99.9
 20, 103, 28.83333093, 96.23165093,  99.9
 21, 103, 28.83015534, 96.23004426,  99.9
 22, 103, 28.82693651, 96.22841582,  99.9
 23, 103, 28.82367387, 96.22676533,  99.9
 24, 103, 28.82036681, 96.22509248,  99.9
 25, 103, 28.81701474, 96.22339698,  99.9
 26, 103, 28.81361703, 96.22167852,  99.9
 27, 103, 28.81017306, 96.21993679,  99.9
 28, 103, 28.80668221, 96.21817148,  99.9
 29, 103, 28.80314384, 96.21638227,  99.9
 30, 103, 28.79955730, 96.21456883,  99.9
 31, 103, 28.79592193, 96.21273085,  99.9
 32, 103, 28.79223707, 96.21086799,  99.9
 33, 103, 28.78850204, 96.20897991,  99.9
 34, 103, 28.78471616, 96.20706628,  99.9
 35, 103, 28.78087875, 96.20512675,  99.9
 36, 103, 28.77698908, 96.20316097,  99.9
 37, 103, 28.77304647, 96.20116859,  99.9
 38, 103, 28.76905017, 96.19914926,  99.9
 39, 103, 28.76499947, 96.19710261,  99.9
 40, 103, 28.76089362, 96.19502826,  99.9
 41, 103, 28.75673186, 96.19292586,  99.9
 42, 103, 28.75251345, 96.19079502,  99.9
 43, 103, 28.74823760, 96.18863536,  99.9
 44, 103, 28.74390353, 96.18644649,   4.6
 45, 103, 28.73951045, 96.18422803,   4.6
 46, 103, 28.73505756, 96.18197956,   4.6
 47, 103, 28.73054405, 96.17970070,  99.9
 48, 103, 28.72596907, 96.17739102,  99.9
 49, 103, 28.72133180, 96.17505012,  99.9
 50, 103, 28.71663140, 96.17267758,  99.9
 51, 103, 28.71186699, 96.17027297,  99.9
 52, 103, 28.70703771, 96.16783587,  99.9
 53, 103, 28.70214267, 96.16536583,  99.9
 54, 103, 28.69718098, 96.16286241,  99.9
 55, 103, 28.69215172, 96.16032517,  99.9
 56, 103, 28.68705399, 96.15775365,  99.9
 57, 103, 28.68188683, 96.15514740,  99.9
 58, 103, 28.67664932, 96.15250594,  99.9
 59, 103, 28.67134049, 96.14982880,  99.9
 60, 103, 28.66595936, 96.14711552,  99.9
 61, 103, 28.66050496, 96.14436559,  99.9
 62, 103, 28.65497628, 96.14157854,  99.9
 63, 103, 28.64937232, 96.13875386,  99.9
 64, 103, 28.64369203, 96.13589105,  99.9
 65, 103, 28.63793440, 96.13298960,  99.9
 66, 103, 28.63209835, 96.13004899,   4.2
 67, 103, 28.62618283, 96.12706870,   4.2
 68, 103, 28.62018675, 96.12404819,   4.2
 69, 103, 28.61410901, 96.12098693,   4.2
 70, 103, 28.60794850, 96.11788438,   4.2
 71, 103, 28.60170408, 96.11473998,   4.2
 72, 103, 28.59537462, 96.11155317,   4.2
 73, 103, 28.58895896, 96.10832338,   4.2
 74, 103, 28.58245593, 96.10505005,   4.2
 75, 103, 28.57586432, 96.10173258,   4.2
 76, 103, 28.56918293, 96.09837040,   4.2
 77, 103, 28.56241055, 96.09496289,   4.2
 78, 103, 28.55554592, 96.09150947,   4.1
 79, 103, 28.54858780, 96.08800950,   4.1
 80, 103, 28.54153490, 96.08446238,   4.0
 81, 103, 28.53438594, 96.08086748,   4.0
 82, 103, 28.52713960, 96.07722415,   3.9
 83, 103, 28.51979455, 96.07353175,   3.9
 84, 103, 28.51234946, 96.06978963,   3.8
 85, 103, 28.50480296, 96.06599713,   3.8
 86, 103, 28.49715365, 96.06215356,   3.8
 87, 103, 28.48940016, 96.05825826,   3.7
 88, 103, 28.48154104, 96.05431054,   3.7
 89, 103, 28.47357486, 96.05030969,   3.6
 90, 103, 28.46550017, 96.04625501,   3.6
 91, 103, 28.45731547, 96.04214579,   3.6
 92, 103, 28.44901928, 96.03798130,   3.5
 93, 103, 28.44061006, 96.03376079,   3.5
 94, 103, 28.43208629, 96.02948354,   3.5
 95, 103, 28.42344639, 96.02514879,   3.4
 96, 103, 28.41468879, 96.02075576,   3.4
 97, 103, 28.40581187, 96.01630369,   3.4
 98, 103, 28.39681401, 96.01179180,   3.4
 99, 103, 28.38769356, 96.00721929,   3.3
100, 103, 28.37844885, 96.00258535,   3.3
101, 103, 28.36907818, 95.99788918,   3.3
102, 103, 28.35957983, 95.99312994,   3.3
103, 103, 28.34995207, 95.98830681,   3.3
104, 103, 28.34019312, 95.98341893,   3.2
105, 103, 28.33030121, 95.97846545,   3.2
106, 103, 28.32027450, 95.97344549,   3.2
107, 103, 28.31011117, 95.96835819,   3.2
108, 103, 28.29980934, 95.96320265,   3.1
109, 103, 28.28936714, 95.95797796,   3.1
110, 103, 28.27878264, 95.95268322,   3.1
111, 103, 28.26805391, 95.94731750,   3.1
112, 103, 28.25717897, 95.94187985,   3.0
113, 103, 28.24615583, 95.93636934,   3.0
114, 103, 28.23498246, 95.93078499,   3.0
115, 103, 28.22365683, 95.92512585,   3.0
116, 103, 28.21217684, 95.91939091,   3.0
117, 103, 28.20054039, 95.91357918,   2.9
118, 103, 28.18874535, 95.90768965,   2.9
119, 103, 28.17678955, 95.90172130,   2.9
120, 103, 28.16467080, 95.89567308,   2.9
121, 103, 28.15238687, 95.88954395,   2.9
122, 103, 28.13993551, 95.88333285,   2.8
123, 103, 28.12731444, 95.87703868,   2.8
124, 103, 28.11452133, 95.87066038,   2.8
125, 103, 28.10155384, 95.86419682,   2.8
126, 103, 28.08840958, 95.85764689,   2.8
127, 103, 28.07508615, 95.85100946,   2.7
128, 103, 28.06158109, 95.84428338,   2.7
129, 103, 28.04789194, 95.83746749,   2.7
130, 103, 28.03401616, 95.83056061,   2.7
131, 103, 28.01995122, 95.82356155,   2.7
132, 103, 28.00569454, 95.81646910,   2.7
133, 103, 27.99124348, 95.80928205,   2.7
134, 103, 27.97659541, 95.80199915,   2.7
135, 103, 27.96174763, 95.79461915,   2.7
136, 103, 27.94669740, 95.78714079,   2.6
137, 103, 27.93144198, 95.77956278,   2.6
138, 103, 27.91597854, 95.77188383,   2.6
139, 103, 27.90030426, 95.76410261,   2.6
140, 103, 27.88441626, 95.75621779,   2.6
141, 103, 27.86831160, 95.74822803,   2.6
142, 103, 27.85198734, 95.74013196,   2.6
143, 103, 27.83544047, 95.73192819,   2.6
144, 103, 27.81866796, 95.72361533,   2.6
145, 103, 27.80166671, 95.71519196,   2.6
146, 103, 27.78443362, 95.70665664,   2.6
147, 103, 27.76696549, 95.69800792,   2.6
148, 103, 27.74925914, 95.68924433,   2.6
149, 103, 27.73131129, 95.68036439,   2.6
150, 103, 27.71311866, 95.67136658,   2.6
151, 103, 27.69467789, 95.66224939,   2.6
152, 103, 27.67598560, 95.65301125,   2.6
153, 103, 27.65703835, 95.64365063,   2.6
154, 103, 27.63783265, 95.63416592,   2.6
155, 103, 27.61836497, 95.62455553,   2.6
156, 103, 27.59863174, 95.61481784,   2.6
157, 103, 27.57862931, 95.60495121,   2.6
158, 103, 27.55835402, 95.59495398,   2.6
159, 103, 27.53780213, 95.58482446,   2.6
160, 103, 27.51696986, 95.57456096,   2.6
161, 103, 27.49585338, 95.56416175,   2.6
162, 103, 27.47444881, 95.55362510,   2.6
163, 103, 27.45275220, 95.54294922,   2.6
164, 103, 27.43075957, 95.53213235,   2.6
165, 103, 27.40846686, 95.52117268,   2.6
166, 103, 27.38586997, 95.51006837,   2.6
167, 103, 27.36296475, 95.49881758,   2.6
168, 103, 27.33974698, 95.48741844,   2.6
169, 103, 27.31621238, 95.47586904,   2.6
170, 103, 27.29235663, 95.46416748,   2.6
171, 103, 27.26817533, 95.45231181,   2.6
172, 103, 27.24366403, 95.44030006,   2.6
173, 103, 27.21881822, 95.42813027,   2.6
174, 103, 27.19363331, 95.41580040,   2.6
175, 103, 27.16810469, 95.40330844,   2.6
176, 103, 27.14222764, 95.39065231,   2.6
177, 103, 27.11599740, 95.37782995,   2.6
178, 103, 27.08940913, 95.36483924,   2.6
179, 103, 27.06245795, 95.35167805,   2.6
180, 103, 27.03513889, 95.33834423,   2.7
181, 103, 27.00744692, 95.32483559,   2.7
182, 103, 26.97937693, 95.31114993,   2.7
183, 103, 26.95092375, 95.29728501,   2.7
184, 103, 26.92208215, 95.28323858,   2.7
185, 103, 26.89284681, 95.26900836,   2.7
186, 103, 26.86321234, 95.25459202,   2.7
187, 103, 26.83317329, 95.23998724,   2.7
188, 103, 26.80272412, 95.22519165,   2.7
189, 103, 26.77185922, 95.21020285,   2.7
190, 103, 26.74057290, 95.19501843,   2.7
191, 103, 26.70885940, 95.17963595,   2.7
  1, 104, 28.88728560, 96.25564276,  99.9
  2, 104, 28.88484441, 96.25436113,  99.9
  3, 104, 28.88236999, 96.25306213,  99.9
  4, 104, 28.87986190, 96.25174551,  99.9
  5, 104, 28.87731966, 96.25041104,  99.9
  6, 104, 28.87474282, 96.24905848,  99.9
  7, 104, 28.87213090, 96.24768759,  99.9
  8, 104, 28.86948343, 96.24629811,  99.9
  9, 104, 28.86679992, 96.24488980,  99.9
 10, 104, 28.86407988, 96.24346239,  99.9
 11, 104, 28.86132282, 96.24201565,  99.9
 12, 104, 28.85852822, 96.24054929,  99.9
 13, 104, 28.85569558, 96.23906306,  99.9
 14, 104, 28.85282439, 96.23755669,  99.9
 15, 104, 28.84991411, 96.23602991,  99.9
 16, 104, 28.84696421, 96.23448244,  99.9
 17, 104, 28.84397415, 96.23291400,  99.9
 18, 104, 28.84094339, 96.23132431,  99.9
 19, 104, 28.83787138, 96.22971308,  99.9
 20, 104, 28.83475754, 96.22808003,  99.9
 21, 104, 28.83160131, 96.22642486,  99.9
 22, 104, 28.82840212, 96.22474727,  99.9
 23, 104, 28.82515937, 96.22304695,  99.9
 24, 104, 28.82187248, 96.22132361,  99.9
 25, 104, 28.81854085, 96.21957692,  99.9
 26, 104, 28.81516385, 96.21780658,  99.9
 27, 104, 28.81174088, 96.21601227,  99.9
 28, 104, 28.80827132, 96.21419367,  99.9
 29, 104, 28.80475451, 96.21235044,  99.9
 30, 104, 28.80118983, 96.21048226,  99.9
 31, 104, 28.79757662, 96.20858878,  99.9
 32, 104, 28.79391422, 96.20666968,  99.9
 33, 104, 28.79020195, 96.20472460,  99.9
 34, 104, 28.78643914, 96.20275319,  99.9
 35, 104, 28.78262511, 96.20075510,  99.9
 36, 104, 28.77875915, 96.19872997,  99.9
 37, 104, 28.77484055, 96.19667744,  99.9
 38, 104, 28.77086860, 96.19459714,  99.9
 39, 104, 28.76684257, 96.19248869,  99.9
 40, 104, 28.76276172, 96.19035171,  99.9
 41, 104, 28.75862532, 96.18818583,  99.9
 42, 104, 28.75443259, 96.18599065,  99.9
 43, 104, 28.75018278, 96.18376577,  99.9
 44, 104, 28.74587510, 96.18151081,   4.6
 45, 104, 28.74150877, 96.17922535,   4.6
 46, 104, 28.73708298, 96.17690899,  99.9
 47, 104, 28.73259694, 96.17456131,  99.9
 48, 104, 28.72804981, 96.17218188,  99.9
 49, 104, 28.72344077, 96.16977029,  99.9
 50, 104, 28.71876896, 96.16732610,  99.9
 51, 104, 28.71403354, 96.16484887,  99.9
 52, 104, 28.70923364, 96.16233816,  99.9
 53, 104, 28.70436838, 96.15979352,  99.9
 54, 104, 28.69943687, 96.15721450,  99.9
 55, 104, 28.69443821, 96.15460063,  99.9
 56, 104, 28.68937148, 96.15195145,  99.9
 57, 104, 28.68423575, 96.14926647,  99.9
 58, 104, 28.67903008, 96.14654523,  99.9
 59, 104, 28.67375352, 96.14378723,  99.9
 60, 104, 28.66840511, 96.14099199,  99.9
 61, 104, 28.66298386, 96.13815900,  99.9
 62, 104, 28.65748879, 96.13528776,  99.9
 63, 104, 28.65191887, 96.13237776,  99.9
 64, 104, 28.64627311, 96.12942847,   4.1
 65, 104, 28.64055046, 96.12643937,   4.2
 66, 104, 28.63474986, 96.12340992,   4.3
 67, 104, 28.62887028, 96.12033960,   4.3
 68, 104, 28.62291061, 96.11722784,   4.3
 69, 104, 28.61686978, 96.11407410,   4.3
 70, 104, 28.61074667, 96.11087781,   4.3
 71, 104, 28.60454017, 96.10763841,   4.3
 72, 104, 28.59824914, 96.10435532,   4.3
 73, 104, 28.59187242, 96.10102795,   4.3
 74, 104, 28.58540885, 96.09765571,   4.2
 75, 104, 28.57885724, 96.09423800,   4.2
 76, 104, 28.57221639, 96.09077423,   4.2
 77, 104, 28.56548509, 96.08726376,   4.2
 78, 104, 28.55866210, 96.08370597,   4.2
 79, 104, 28.55174618, 96.08010025,   4.1
 80, 104, 28.54473605, 96.07644594,   4.0
 81, 104, 28.53763043, 96.07274239,   4.0
 82, 104, 28.53042802, 96.06898896,   3.9
 83, 104, 28.52312750, 96.06518497,   3.9
 84, 104, 28.51572753, 96.06132975,   3.8
 85, 104, 28.50822675, 96.05742262,   3.8
 86, 104, 28.50062379, 96.05346289,   3.8
 87, 104, 28.49291726, 96.04944986,   3.7
 88, 104, 28.48510575, 96.04538281,   3.7
 89, 104, 28.47718781, 96.04126103,   3.6
 90, 104, 28.46916201, 96.03708379,   3.6
 91, 104, 28.46102686, 96.03285035,   3.6
 92, 104, 28.45278088, 96.02855996,   3.5
 93, 104, 28.44442256, 96.02421187,   3.5
 94, 104, 28.43595036, 96.01980531,   3.5
 95, 104, 28.42736273, 96.01533950,   3.5
 96, 104, 28.41865810, 96.01081366,   3.4
 97, 104, 28.40983487, 96.00622699,   3.4
 98, 104, 28.40089141, 96.00157867,   3.4
 99, 104, 28.39182610, 95.99686791,   3.3
100, 104, 28.38263727, 95.99209385,   3.3
101, 104, 28.37332323, 95.98725567,   3.3
102, 104, 28.36388227, 95.98235252,   3.3
103, 104, 28.35431267, 95.97738353,   3.3
104, 104, 28.34461267, 95.97234783,   3.2
105, 104, 28.33478048, 95.96724454,   3.2
106, 104, 28.32481431, 95.96207277,   3.2
107, 104, 28.31471233, 95.95683160,   3.2
108, 104, 28.30447268, 95.95152012,   3.1
109, 104, 28.29409348, 95.94613740,   3.1
110, 104, 28.28357283, 95.94068250,   3.1
111, 104, 28.27290881, 95.93515446,   3.1
112, 104, 28.26209944, 95.92955233,   3.0
113, 104, 28.25114275, 95.92387511,   3.0
114, 104, 28.24003673, 95.91812182,   3.0
115, 104, 28.22877934, 95.91229146,   3.0
116, 104, 28.21736852, 95.90638300,   3.0
117, 104, 28.20580216, 95.90039543,   2.9
118, 104, 28.19407815, 95.89432770,   2.9
119, 104, 28.18219433, 95.88817874,   2.9
120, 104, 28.17014852, 95.88194750,   2.9
121, 104, 28.15793851, 95.87563289,   2.9
122, 104, 28.14556206, 95.86923382,   2.8
123, 104, 28.13301689, 95.86274916,   2.8
124, 104, 28.12030071, 95.85617781,   2.8
125, 104, 28.10741117, 95.84951861,   2.8
126, 104, 28.09434591, 95.84277043,   2.8
127, 104, 28.08110253, 95.83593208,   2.7
128, 104, 28.06767860, 95.82900239,   2.7
129, 104, 28.05407164, 95.82198015,   2.7
130, 104, 28.04027917, 95.81486417,   2.7
131, 104, 28.02629865, 95.80765320,   2.7
132, 104, 28.01212751, 95.80034601,   2.7
133, 104, 27.99776314, 95.79294134,   2.7
134, 104, 27.98320291, 95.78543790,   2.7
135, 104, 27.96844414, 95.77783442,   2.7
136, 104, 27.95348412, 95.77012959,   2.6
137, 104, 27.93832009, 95.76232208,   2.6
138, 104, 27.92294928, 95.75441055,   2.6
139, 104, 27.90736886, 95.74639364,   2.6
140, 104, 27.89157596, 95.73826999,   2.6
141, 104, 27.87556768, 95.73003820,   2.6
142, 104, 27.85934107, 95.72169686,   2.6
143, 104, 27.84289316, 95.71324455,   2.6
144, 104, 27.82622092, 95.70467983,   2.6
145, 104, 27.80932129, 95.69600124,   2.6
146, 104, 27.79219115, 95.68720729,   2.6
147, 104, 27.77482735, 95.67829650,   2.6
148, 104, 27.75722671, 95.66926733,   2.6
149, 104, 27.73938599, 95.66011827,   2.6
150, 104, 27.72130189, 95.65084775,   2.6
151, 104, 27.70297111, 95.64145421,   2.6
152, 104, 27.68439026, 95.63193605,   2.6
153, 104, 27.66555593, 95.62229166,   2.6
154, 104, 27.64646465, 95.61251942,   2.6
155, 104, 27.62711291, 95.60261766,   2.6
156, 104, 27.60749715, 95.59258473,   2.6
157, 104, 27.58761376, 95.58241892,   2.6
158, 104, 27.56745908, 95.57211853,   2.6
159, 104, 27.54702939, 95.56168182,   2.6
160, 104, 27.52632095, 95.55110705,   2.6
161, 104, 27.50532993, 95.54039243,   2.6
162, 104, 27.48405248, 95.52953617,   2.6
163, 104, 27.46248467, 95.51853644,   2.6
164, 104, 27.44062254, 95.50739142,   2.6
165, 104, 27.41846207, 95.49609924,   2.6
166, 104, 27.39599916, 95.48465802,   2.6
167, 104, 27.37322968, 95.47306584,   2.6
168, 104, 27.35014945, 95.46132077,   2.6
169, 104, 27.32675420, 95.44942087,   2.6
170, 104, 27.30303964, 95.43736416,   2.6
171, 104, 27.27900139, 95.42514864,   2.6
172, 104, 27.25463502, 95.41277227,   2.6
173, 104, 27.22993606, 95.40023303,   2.6
174, 104, 27.20489993, 95.38752883,   2.6
175, 104, 27.17952204, 95.37465757,   2.6
176, 104, 27.15379771, 95.36161714,   2.6
177, 104, 27.12772220, 95.34840540,   2.6
178, 104, 27.10129069, 95.33502015,   2.6
179, 104, 27.07449833, 95.32145922,   2.6
180, 104, 27.04734018, 95.30772038,   2.7
181, 104, 27.01981122, 95.29380138,   2.7
182, 104, 26.99190638, 95.27969994,   2.7
183, 104, 26.96362053, 95.26541376,   2.7
184, 104, 26.93494844, 95.25094051,   2.7
185, 104, 26.90588484, 95.23627785,   2.7
186, 104, 26.87642435, 95.22142338,   2.7
187, 104, 26.84656156, 95.20637469,   2.7
188, 104, 26.81629095, 95.19112936,   2.7
189, 104, 26.78560695, 95.17568490,   2.7
190, 104, 26.75450389, 95.16003883,   2.7
191, 104, 26.72297604, 95.14418863,   2.7
  1, 105, 28.88842238, 96.25289657,  99.9
  2, 105, 28.88599664, 96.25157762,  99.9
  3, 105, 28.88353787, 96.25024080,  99.9
  4, 105, 28.88104564, 96.24888585,  99.9
  5, 105, 28.87851948, 96.24751252,  99.9
  6, 105, 28.87595893, 96.24612058,  99.9
  7, 105, 28.87336353, 96.24470977,  99.9
  8, 105, 28.87073280, 96.24327983,  99.9
  9, 105, 28.86806626, 96.24183051,  99.9
 10, 105, 28.86536342, 96.24036155,  99.9
 11, 105, 28.86262379, 96.23887267,  99.9
 12, 105, 28.85984686, 96.23736362,  99.9
 13, 105, 28.85703213, 96.23583411,  99.9
 14, 105, 28.85417908, 96.23428388,  99.9
 15, 105, 28.85128720, 96.23271264,  99.9
 16, 105, 28.84835594, 96.23112010,  99.9
 17, 105, 28.84538479, 96.22950599,  99.9
 18, 105, 28.84237318, 96.22787001,  99.9
 19, 105, 28.83932058, 96.22621187,  99.9
 20, 105, 28.83622642, 96.22453126,  99.9
 21, 105, 28.83309013, 96.22282788,  99.9
 22, 105, 28.82991115, 96.22110143,  99.9
 23, 105, 28.82668889, 96.21935160,  99.9
 24, 105, 28.82342277, 96.21757807,  99.9
 25, 105, 28.82011218, 96.21578051,  99.9
 26, 105, 28.81675651, 96.21395862,  99.9
 27, 105, 28.81335516, 96.21211205,  99.9
 28, 105, 28.80990751, 96.21024048,  99.9
 29, 105, 28.80641292, 96.20834357,  99.9
 30, 105, 28.80287074, 96.20642097,  99.9
 31, 105, 28.79928035, 96.20447235,  99.9
 32, 105, 28.79564107, 96.20249735,  99.9
 33, 105, 28.79195224, 96.20049561,  99.9
 34, 105, 28.78821319, 96.19846679,  99.9
 35, 105, 28.78442322, 96.19641050,  99.9
 36, 105, 28.78058166, 96.19432638,  99.9
 37, 105, 28.77668780, 96.19221406,  99.9
 38, 105, 28.77274091, 96.19007316,  99.9
 39, 105, 28.76874029, 96.18790329,  99.9
 40, 105, 28.76468519, 96.18570407,  99.9
 41, 105, 28.76057488, 96.18347509,  99.9
 42, 105, 28.75640861, 96.18121596,  99.9
 43, 105, 28.75218560, 96.17892627,  99.9
 44, 105, 28.74790510, 96.17660562,   4.6
 45, 105, 28.74356630, 96.17425358,   4.6
 46, 105, 28.73916843, 96.17186973,  99.9
 47, 105, 28.73471067, 96.16945365,  99.9
 48, 105, 28.73019222, 96.16700491,  99.9
 49, 105, 28.72561223, 96.16452306,  99.9
 50, 105, 28.72096988, 96.16200765,  99.9
 51, 105, 28.71626431, 96.15945825,  99.9
 52, 105, 28.71149466, 96.15687439,  99.9
 53, 105, 28.70666007, 96.15425561,  99.9
 54, 105, 28.70175963, 96.15160144,  99.9
 55, 105, 28.69679247, 96.14891140,  99.9
 56, 105, 28.69175766, 96.14618503,  99.9
 57, 105, 28.68665428, 96.14342181,  99.9
 58, 105, 28.68148140, 96.14062128,  99.9
 59, 105, 28.67623808, 96.13778291,  99.9
 60, 105, 28.67092335, 96.13490621,  99.9
 61, 105, 28.66553624, 96.13199066,  99.9
 62, 105, 28.66007576, 96.12903575,  99.9
 63, 105, 28.65454092, 96.12604094,  99.9
 64, 105, 28.64893069, 96.12300569,   4.2
 65, 105, 28.64324406, 96.11992948,   4.3
 66, 105, 28.63747997, 96.11681174,   4.3
 67, 105, 28.63163738, 96.11365193,   4.3
 68, 105, 28.62571522, 96.11044947,   4.3
 69, 105, 28.61971239, 96.10720381,   4.3
 70, 105, 28.61362780, 96.10391436,   4.3
 71, 105, 28.60746033, 96.10058053,   4.3
 72, 105, 28.60120886, 96.09720174,   4.3
 73, 105, 28.59487224, 96.09377738,   4.3
 74, 105, 28.58844931, 96.09030683,   4.3
 75, 105, 28.58193888, 96.08678950,   4.3
 76, 105, 28.57533978, 96.08322474,   4.3
 77, 105, 28.56865078, 96.07961193,   4.3
 78, 105, 28.56187067, 96.07595043,   4.2
 79, 105, 28.55499820, 96.07223957,   4.1
 80, 105, 28.54803211, 96.06847872,   4.0
 81, 105, 28.54097112, 96.06466719,   4.0
 82, 105, 28.53381394, 96.06080432,   3.9
 83, 105, 28.52655926, 96.05688941,   3.9
 84, 105, 28.51920575, 96.05292178,   3.8
 85, 105, 28.51175206, 96.04890072,   3.8
 86, 105, 28.50419682, 96.04482552,   3.8
 87, 105, 28.49653866, 96.04069546,   3.7
 88, 105, 28.48877615, 96.03650981,   3.7
 89, 105, 28.48090789, 96.03226782,   3.6
 90, 105, 28.47293243, 96.02796875,   3.6
 91, 105, 28.46484830, 96.02361184,   3.6
 92, 105, 28.45665403, 96.01919632,   3.5
 93, 105, 28.44834811, 96.01472141,   3.5
 94, 105, 28.43992902, 96.01018632,   3.5
 95, 105, 28.43139521, 96.00559025,   3.5
 96, 105, 28.42274512, 96.00093239,   3.4
 97, 105, 28.41397717, 95.99621192,   3.4
 98, 105, 28.40508974, 95.99142800,   3.4
 99, 105, 28.39608120, 95.98657981,   3.3
100, 105, 28.38694991, 95.98166647,   3.3
101, 105, 28.37769418, 95.97668714,   3.3
102, 105, 28.36831232, 95.97164093,   3.3
103, 105, 28.35880260, 95.96652695,   3.3
104, 105, 28.34916329, 95.96134432,   3.2
105, 105, 28.33939261, 95.95609212,   3.2
106, 105, 28.32948878, 95.95076943,   3.2
107, 105, 28.31944996, 95.94537531,   3.2
108, 105, 28.30927433, 95.93990883,   3.1
109, 105, 28.29896001, 95.93436902,   3.1
110, 105, 28.28850511, 95.92875491,   3.1
111, 105, 28.27790771, 95.92306553,   3.1
112, 105, 28.26716587, 95.91729988,   3.0
113, 105, 28.25627761, 95.91145695,   3.0
114, 105, 28.24524094, 95.90553572,   3.0
115, 105, 28.23405382, 95.89953516,   3.0
116, 105, 28.22271421, 95.89345422,   3.0
117, 105, 28.21122002, 95.88729184,   2.9
118, 105, 28.19956915, 95.88104696,   2.9
119, 105, 28.18775945, 95.87471847,   2.9
120, 105, 28.17578875, 95.86830529,   2.9
121, 105, 28.16365485, 95.86180630,   2.9
122, 105, 28.15135554, 95.85522036,   2.8
123, 105, 28.13888854, 95.84854634,   2.8
124, 105, 28.12625156, 95.84178308,   2.8
125, 105, 28.11344229, 95.83492940,   2.8
126, 105, 28.10045838, 95.82798412,   2.8
127, 105, 28.08729743, 95.82094603,   2.8
128, 105, 28.07395703, 95.81381393,   2.7
129, 105, 28.06043473, 95.80658657,   2.7
130, 105, 28.04672804, 95.79926271,   2.7
131, 105, 28.03283444, 95.79184108,   2.7
132, 105, 28.01875139, 95.78432040,   2.7
133, 105, 28.00447628, 95.77669938,   2.7
134, 105, 27.99000651, 95.76897671,   2.7
135, 105, 27.97533940, 95.76115105,   2.7
136, 105, 27.96047226, 95.75322106,   2.7
137, 105, 27.94540236, 95.74518538,   2.6
138, 105, 27.93012692, 95.73704263,   2.6
139, 105, 27.91464315, 95.72879142,   2.6
140, 105, 27.89894818, 95.72043032,   2.6
141, 105, 27.88303914, 95.71195791,   2.6
142, 105, 27.86691310, 95.70337273,   2.6
143, 105, 27.85056709, 95.69467333,   2.6
144, 105, 27.83399810, 95.68585821,   2.6
145, 105, 27.81720310, 95.67692588,   2.6
146, 105, 27.80017898, 95.66787480,   2.6
147, 105, 27.78292262, 95.65870343,   2.6
148, 105, 27.76543084, 95.64941023,   2.6
149, 105, 27.74770042, 95.63999360,   2.6
150, 105, 27.72972810, 95.63045194,   2.6
151, 105, 27.71151057, 95.62078365,   2.6
152, 105, 27.69304449, 95.61098707,   2.6
153, 105, 27.67432644, 95.60106056,   2.6
154, 105, 27.65535299, 95.59100242,   2.6
155, 105, 27.63612064, 95.58081097,   2.6
156, 105, 27.61662585, 95.57048448,   2.6
157, 105, 27.59686503, 95.56002121,   2.6
158, 105, 27.57683455, 95.54941939,   2.6
159, 105, 27.55653071, 95.53867725,   2.6
160, 105, 27.53594977, 95.52779298,   2.6
161, 105, 27.51508796, 95.51676474,   2.6
162, 105, 27.49394141, 95.50559069,   2.6
163, 105, 27.47250625, 95.49426896,   2.6
164, 105, 27.45077851, 95.48279765,   2.6
165, 105, 27.42875420, 95.47117485,   2.6
166, 105, 27.40642926, 95.45939861,   2.6
167, 105, 27.38379957, 95.44746697,   2.6
168, 105, 27.36086097, 95.43537794,   2.6
169, 105, 27.33760923, 95.42312951,   2.6
170, 105, 27.31404007, 95.41071965,   2.6
171, 105, 27.29014913, 95.39814630,   2.6
172, 105, 27.26593202, 95.38540736,   2.6
173, 105, 27.24138427, 95.37250074,   2.6
174, 105, 27.21650136, 95.35942430,   2.6
175, 105, 27.19127870, 95.34617588,   2.6
176, 105, 27.16571164, 95.33275329,   2.6
177, 105, 27.13979546, 95.31915433,   2.6
178, 105, 27.11352540, 95.30537675,   2.6
179, 105, 27.08689659, 95.29141830,   2.6
180, 105, 27.05990414, 95.27727669,   2.7
181, 105, 27.03254305, 95.26294960,   2.7
182, 105, 27.00480830, 95.24843468,   2.7
183, 105, 26.97669476, 95.23372957,   2.7
184, 105, 26.94819724, 95.21883186,   2.7
185, 105, 26.91931049, 95.20373914,   2.7
186, 105, 26.89002918, 95.18844894,   2.7
187, 105, 26.86034791, 95.17295879,   2.7
188, 105, 26.83026119, 95.15726618,   2.7
189, 105, 26.79976349, 95.14136856,   2.7
190, 105, 26.76884916, 95.12526336,   2.7
191, 105, 26.73751251, 95.10894799,   2.7
  1, 106, 28.88959167, 96.25016802,  99.9
  2, 106, 28.88718181, 96.24881200,  99.9
  3, 106, 28.88473914, 96.24743759,  99.9
  4, 106, 28.88226323, 96.24604455,  99.9
  5, 106, 28.87975361, 96.24463262,  99.9
  6, 106, 28.87720982, 96.24320155,  99.9
  7, 106, 28.87463141, 96.24175108,  99.9
  8, 106, 28.87201790, 96.24028094,  99.9
  9, 106, 28.86936882, 96.23879088,  99.9
 10, 106, 28.86668367, 96.23728062,  99.9
 11, 106, 28.86396196, 96.23574988,  99.9
 12, 106, 28.86120321, 96.23419840,  99.9
 13, 106, 28.85840690, 96.23262589,  99.9
 14, 106, 28.85557252, 96.23103207,  99.9
 15, 106, 28.85269956, 96.22941666,  99.9
 16, 106, 28.84978748, 96.22777935,  99.9
 17, 106, 28.84683576, 96.22611986,  99.9
 18, 106, 28.84384386, 96.22443788,  99.9
 19, 106, 28.84081122, 96.22273311,  99.9
 20, 106, 28.83773730, 96.22100525,  99.9
 21, 106, 28.83462153, 96.21925398,  99.9
 22, 106, 28.83146334, 96.21747899,  99.9
 23, 106, 28.82826216, 96.21567995,  99.9
 24, 106, 28.82501739, 96.21385655,  99.9
 25, 106, 28.82172844, 96.21200845,  99.9
 26, 106, 28.81839472, 96.21013532,  99.9
 27, 106, 28.81501561, 96.20823683,  99.9
 28, 106, 28.81159050, 96.20631263,  99.9
 29, 106, 28.80811875, 96.20436238,  99.9
 30, 106, 28.80459973, 96.20238572,  99.9
 31, 106, 28.80103280, 96.20038230,  99.9
 32, 106, 28.79741730, 96.19835175,  99.9
 33, 106, 28.79375258, 96.19629372,  99.9
 34, 106, 28.79003796, 96.19420784,  99.9
 35, 106, 28.78627277, 96.19209372,  99.9
 36, 106, 28.78245631, 96.18995099,  99.9
 37, 106, 28.77858788, 96.18777926,  99.9
 38, 106, 28.77466678, 96.18557815,  99.9
 39, 106, 28.77069229, 96.18334725,  99.9
 40, 106, 28.76666368, 96.18108617,  99.9
 41, 106, 28.76258021, 96.17879450,  99.9
 42, 106, 28.75844114, 96.17647183,   4.6
 43, 106, 28.75424571, 96.17411774,   4.6
 44, 106, 28.74999316, 96.17173181,   4.7
 45, 106, 28.74568269, 96.16931361,  99.9
 46, 106, 28.74131353, 96.16686271,  99.9
 47, 106, 28.73688487, 96.16437867,  99.9
 48, 106, 28.73239590, 96.16186104,  99.9
 49, 106, 28.72784581, 96.15930937,  99.9
 50, 106, 28.72323375, 96.15672321,  99.9
 51, 106, 28.71855889, 96.15410209,  99.9
 52, 106, 28.71382036, 96.15144553,  99.9
 53, 106, 28.70901730, 96.14875308,  99.9
 54, 106, 28.70414884, 96.14602424,  99.9
 55, 106, 28.69921407, 96.14325852,  99.9
 56, 106, 28.69421209, 96.14045544,  99.9
 57, 106, 28.68914200, 96.13761448,  99.9
 58, 106, 28.68400285, 96.13473515,  99.9
 59, 106, 28.67879371, 96.13181692,  99.9
 60, 106, 28.67351363, 96.12885928,  99.9
 61, 106, 28.66816164, 96.12586169,  99.9
 62, 106, 28.66273675, 96.12282363,  99.9
 63, 106, 28.65723797, 96.11974454,   4.1
 64, 106, 28.65166430, 96.11662389,   4.4
 65, 106, 28.64601472, 96.11346111,   4.4
 66, 106, 28.64028819, 96.11025563,   4.4
 67, 106, 28.63448365, 96.10700690,   4.4
 68, 106, 28.62860006, 96.10371432,   4.4
 69, 106, 28.62263632, 96.10037731,   4.3
 70, 106, 28.61659135, 96.09699528,   4.3
 71, 106, 28.61046404, 96.09356762,   4.3
 72, 106, 28.60425327, 96.09009373,   4.3
 73, 106, 28.59795789, 96.08657298,   4.3
 74, 106, 28.59157676, 96.08300475,   4.3
 75, 106, 28.58510870, 96.07938841,   4.3
 76, 106, 28.57855253, 96.07572331,   4.3
 77, 106, 28.57190705, 96.07200880,   4.3
 78, 106, 28.56517104, 96.06824422,   4.3
 79, 106, 28.55834327, 96.06442891,   4.1
 80, 106, 28.55142248, 96.06056217,   4.0
 81, 106, 28.54440740, 96.05664334,   4.0
 82, 106, 28.53729675, 96.05267171,   3.9
 83, 106, 28.53008923, 96.04864658,   3.9
 84, 106, 28.52278351, 96.04456724,   3.8
 85, 106, 28.51537825, 96.04043296,   3.8
 86, 106, 28.50787210, 96.03624301,   3.8
 87, 106, 28.50026368, 96.03199666,   3.7
 88, 106, 28.49255160, 96.02769314,   3.7
 89, 106, 28.48473443, 96.02333170,   3.6
 90, 106, 28.47681075, 96.01891156,   3.6
 91, 106, 28.46877911, 96.01443195,   3.6
 92, 106, 28.46063803, 96.00989208,   3.5
 93, 106, 28.45238601, 96.00529113,   3.5
 94, 106, 28.44402155, 96.00062831,   3.5
 95, 106, 28.43554310, 95.99590278,   3.5
 96, 106, 28.42694912, 95.99111372,   3.4
 97, 106, 28.41823803, 95.98626029,   3.4
 98, 106, 28.40940823, 95.98134161,   3.4
 99, 106, 28.40045809, 95.97635684,   3.4
100, 106, 28.39138598, 95.97130509,   3.3
101, 106, 28.38219024, 95.96618548,   3.3
102, 106, 28.37286917, 95.96099709,   3.3
103, 106, 28.36342106, 95.95573904,   3.3
104, 106, 28.35384418, 95.95041038,   3.2
105, 106, 28.34413677, 95.94501019,   3.2
106, 106, 28.33429705, 95.93953751,   3.2
107, 106, 28.32432322, 95.93399139,   3.2
108, 106, 28.31421344, 95.92837086,   3.1
109, 106, 28.30396586, 95.92267493,   3.1
110, 106, 28.29357859, 95.91690260,   3.1
111, 106, 28.28304973, 95.91105287,   3.1
112, 106, 28.27237735, 95.90512471,   3.0
113, 106, 28.26155948, 95.89911708,   3.0
114, 106, 28.25059414, 95.89302895,   3.0
115, 106, 28.23947932, 95.88685923,   3.0
116, 106, 28.22821297, 95.88060687,   3.0
117, 106, 28.21679302, 95.87427076,   2.9
118, 106, 28.20521738, 95.86784981,   2.9
119, 106, 28.19348392, 95.86134290,   2.9
120, 106, 28.18159049, 95.85474889,   2.9
121, 106, 28.16953489, 95.84806664,   2.9
122, 106, 28.15731492, 95.84129499,   2.8
123, 106, 28.14492833, 95.83443276,   2.8
124, 106, 28.13237284, 95.82747876,   2.8
125, 106, 28.11964614, 95.82043178,   2.8
126, 106, 28.10674591, 95.81329061,   2.8
127, 106, 28.09366976, 95.80605401,   2.8
128, 106, 28.08041529, 95.79872072,   2.7
129, 106, 28.06698006, 95.79128948,   2.7
130, 106, 28.05336162, 95.78375901,   2.7
131, 106, 28.03955744, 95.77612799,   2.7
132, 106, 28.02556500, 95.76839513,   2.7
133, 106, 28.01138172, 95.76055908,   2.7
134, 106, 27.99700499, 95.75261849,   2.7
135, 106, 27.98243217, 95.74457200,   2.7
136, 106, 27.96766058, 95.73641822,   2.7
137, 106, 27.95268751, 95.72815576,   2.6
138, 106, 27.93751019, 95.71978319,   2.6
139, 106, 27.92212584, 95.71129907,   2.6
140, 106, 27.90653162, 95.70270196,   2.6
141, 106, 27.89072467, 95.69399038,   2.6
142, 106, 27.87470207, 95.68516283,   2.6
143, 106, 27.85846089, 95.67621782,   2.6
144, 106, 27.84199813, 95.66715381,   2.6
145, 106, 27.82531076, 95.65796925,   2.6
146, 106, 27.80839571, 95.64866258,   2.6
147, 106, 27.79124987, 95.63923221,   2.6
148, 106, 27.77387007, 95.62967654,   2.6
149, 106, 27.75625313, 95.61999395,   2.6
150, 106, 27.73839580, 95.61018277,   2.6
151, 106, 27.72029478, 95.60024137,   2.6
152, 106, 27.70194675, 95.59016803,   2.6
153, 106, 27.68334833, 95.57996107,   2.6
154, 106, 27.66449609, 95.56961874,   2.6
155, 106, 27.64538656, 95.55913932,   2.6
156, 106, 27.62601622, 95.54852101,   2.6
157, 106, 27.60638150, 95.53776204,   2.6
158, 106, 27.58647878, 95.52686058,   2.6
159, 106, 27.56630440, 95.51581481,   2.6
160, 106, 27.54585465, 95.50462286,   2.6
161, 106, 27.52512574, 95.49328286,   2.6
162, 106, 27.50411387, 95.48179290,   2.6
163, 106, 27.48281516, 95.47015105,   2.6
164, 106, 27.46122568, 95.45835537,   2.6
165, 106, 27.43934145, 95.44640389,   2.6
166, 106, 27.41715845, 95.43429460,   2.6
167, 106, 27.39467257, 95.42202549,   2.6
168, 106, 27.37187968, 95.40959450,   2.6
169, 106, 27.34877557, 95.39699959,   2.6
170, 106, 27.32535599, 95.38423863,   2.6
171, 106, 27.30161660, 95.37130953,   2.6
172, 106, 27.27755304, 95.35821014,   2.6
173, 106, 27.25316087, 95.34493827,   2.6
174, 106, 27.22843558, 95.33149175,   2.6
175, 106, 27.20337261, 95.31786835,   2.6
176, 106, 27.17796735, 95.30406581,   2.6
177, 106, 27.15221510, 95.29008187,   2.6
178, 106, 27.12611111, 95.27591423,   2.6
179, 106, 27.09965057, 95.26156055,   2.6
180, 106, 27.07282859, 95.24701848,   2.7
181, 106, 27.04564022, 95.23228564,   2.7
182, 106, 27.01808045, 95.21735961,   2.7
183, 106, 26.99014418, 95.20223796,   2.7
184, 106, 26.96182626, 95.18691822,   2.7
185, 106, 26.93312146, 95.17139790,   2.7
186, 106, 26.90402448, 95.15567446,   2.7
187, 106, 26.87452996, 95.13974535,   2.7
188, 106, 26.84463243, 95.12360800,   2.7
189, 106, 26.81432639, 95.10725978,   2.7
190, 106, 26.78360624, 95.09069806,   2.7
191, 106, 26.75246629, 95.07392015,   2.7
  1, 107, 28.89079326, 96.24745761,  99.9
  2, 107, 28.88839972, 96.24606476,  99.9
  3, 107, 28.88597359, 96.24465302,  99.9
  4, 107, 28.88351445, 96.24322214,  99.9
  5, 107, 28.88102182, 96.24177186,  99.9
  6, 107, 28.87849526, 96.24030192,  99.9
  7, 107, 28.87593431, 96.23881205,  99.9
  8, 107, 28.87333850, 96.23730198,  99.9
  9, 107, 28.87070734, 96.23577144,  99.9
 10, 107, 28.86804037, 96.23422015,  99.9
 11, 107, 28.86533710, 96.23264784,  99.9
 12, 107, 28.86259702, 96.23105421,  99.9
 13, 107, 28.85981963, 96.22943898,  99.9
 14, 107, 28.85700444, 96.22780187,  99.9
 15, 107, 28.85415092, 96.22614257,  99.9
 16, 107, 28.85125855, 96.22446078,  99.9
 17, 107, 28.84832681, 96.22275620,  99.9
 18, 107, 28.84535515, 96.22102853,  99.9
 19, 107, 28.84234304, 96.21927745,  99.9
 20, 107, 28.83928992, 96.21750265,  99.9
 21, 107, 28.83619523, 96.21570380,  99.9
 22, 107, 28.83305840, 96.21388058,  99.9
 23, 107, 28.82987887, 96.21203267,  99.9
 24, 107, 28.82665605, 96.21015972,  99.9
 25, 107, 28.82338936, 96.20826141,  99.9
 26, 107, 28.82007818, 96.20633739,  99.9
 27, 107, 28.81672192, 96.20438732,  99.9
 28, 107, 28.81331997, 96.20241083,  99.9
 29, 107, 28.80987170, 96.20040759,  99.9
 30, 107, 28.80637647, 96.19837722,  99.9
 31, 107, 28.80283366, 96.19631936,  99.9
 32, 107, 28.79924261, 96.19423364,  99.9
 33, 107, 28.79560266, 96.19211969,  99.9
 34, 107, 28.79191315, 96.18997712,  99.9
 35, 107, 28.78817340, 96.18780556,  99.9
 36, 107, 28.78438273, 96.18560460,  99.9
 37, 107, 28.78054045, 96.18337385,  99.9
 38, 107, 28.77664584, 96.18111292,  99.9
 39, 107, 28.77269821, 96.17882140,  99.9
 40, 107, 28.76869682, 96.17649887,  99.9
 41, 107, 28.76464094, 96.17414492,  99.9
 42, 107, 28.76052983, 96.17175912,   4.6
 43, 107, 28.75636274, 96.16934105,  99.9
 44, 107, 28.75213890, 96.16689027,  99.9
 45, 107, 28.74785755, 96.16440635,  99.9
 46, 107, 28.74351789, 96.16188883,  99.9
 47, 107, 28.73911913, 96.15933727,  99.9
 48, 107, 28.73466047, 96.15675121,  99.9
 49, 107, 28.73014110, 96.15413018,  99.9
 50, 107, 28.72556017, 96.15147372,  99.9
 51, 107, 28.72091686, 96.14878135,  99.9
 52, 107, 28.71621031, 96.14605258,  99.9
 53, 107, 28.71143967, 96.14328693,  99.9
 54, 107, 28.70660405, 96.14048391,  99.9
 55, 107, 28.70170258, 96.13764301,  99.9
 56, 107, 28.69673435, 96.13476372,  99.9
 57, 107, 28.69169845, 96.13184553,  99.9
 58, 107, 28.68659397, 96.12888791,  99.9
 59, 107, 28.68141996, 96.12589034,  99.9
 60, 107, 28.67617548, 96.12285229,  99.9
 61, 107, 28.67085957, 96.11977320,  99.9
 62, 107, 28.66547126, 96.11665253,  99.9
 63, 107, 28.66000955, 96.11348972,   4.1
 64, 107, 28.65447345, 96.11028421,  99.9
 65, 107, 28.64886194, 96.10703543,  99.9
 66, 107, 28.64317400, 96.10374279,   4.4
 67, 107, 28.63740858, 96.10040571,   4.4
 68, 107, 28.63156462, 96.09702359,   4.4
 69, 107, 28.62564106, 96.09359583,   4.4
 70, 107, 28.61963680, 96.09012182,   4.3
 71, 107, 28.61355076, 96.08660095,   4.3
 72, 107, 28.60738181, 96.08303257,   4.3
 73, 107, 28.60112882, 96.07941607,   4.3
 74, 107, 28.59479064, 96.07575079,   4.3
 75, 107, 28.58836612, 96.07203608,   4.3
 76, 107, 28.58185408, 96.06827129,   4.3
 77, 107, 28.57525332, 96.06445574,   4.3
 78, 107, 28.56856263, 96.06058875,   4.3
 79, 107, 28.56178079, 96.05666965,   4.1
 80, 107, 28.55490655, 96.05269773,   4.0
 81, 107, 28.54793865, 96.04867228,   4.0
 82, 107, 28.54087582, 96.04459260,   3.9
 83, 107, 28.53371676, 96.04045797,   3.9
 84, 107, 28.52646015, 96.03626763,   3.8
 85, 107, 28.51910467, 96.03202087,   3.8
 86, 107, 28.51164897, 96.02771691,   3.8
 87, 107, 28.50409167, 96.02335501,   3.7
 88, 107, 28.49643140, 96.01893439,   3.7
 89, 107, 28.48866675, 96.01445426,   3.6
 90, 107, 28.48079629, 96.00991384,   3.6
 91, 107, 28.47281858, 96.00531232,   3.6
 92, 107, 28.46473215, 96.00064889,   3.5
 93, 107, 28.45653553, 95.99592273,   3.5
 94, 107, 28.44822721, 95.99113300,   3.5
 95, 107, 28.43980566, 95.98627885,   3.5
 96, 107, 28.43126935, 95.98135944,   3.4
 97, 107, 28.42261669, 95.97637389,   3.4
 98, 107, 28.41384611, 95.97132132,   3.4
 99, 107, 28.40495599, 95.96620085,   3.4
100, 107, 28.39594471, 95.96101157,   3.3
101, 107, 28.38681061, 95.95575258,   3.3
102, 107, 28.37755201, 95.95042294,   3.3
103, 107, 28.36816721, 95.94502172,   3.3
104, 107, 28.35865449, 95.93954797,   3.2
105, 107, 28.34901211, 95.93400073,   3.2
106, 107, 28.33923829, 95.92837903,   3.2
107, 107, 28.32933123, 95.92268188,   3.2
108, 107, 28.31928913, 95.91690829,   3.1
109, 107, 28.30911013, 95.91105723,   3.1
110, 107, 28.29879237, 95.90512769,   3.1
111, 107, 28.28833395, 95.89911863,   3.1
112, 107, 28.27773295, 95.89302900,   3.1
113, 107, 28.26698742, 95.88685773,   3.0
114, 107, 28.25609539, 95.88060375,   3.0
115, 107, 28.24505486, 95.87426596,   3.0
116, 107, 28.23386380, 95.86784326,   3.0
117, 107, 28.22252015, 95.86133453,   2.9
118, 107, 28.21102183, 95.85473863,   2.9
119, 107, 28.19936673, 95.84805442,   2.9
120, 107, 28.18755270, 95.84128073,   2.9
121, 107, 28.17557757, 95.83441638,   2.9
122, 107, 28.16343914, 95.82746019,   2.8
123, 107, 28.15113519, 95.82041094,   2.8
124, 107, 28.13866344, 95.81326741,   2.8
125, 107, 28.12602161, 95.80602836,   2.8
126, 107, 28.11320737, 95.79869254,   2.8
127, 107, 28.10021837, 95.79125867,   2.8
128, 107, 28.08705221, 95.78372547,   2.7
129, 107, 28.07370648, 95.77609163,   2.7
130, 107, 28.06017872, 95.76835584,   2.7
131, 107, 28.04646645, 95.76051676,   2.7
132, 107, 28.03256713, 95.75257304,   2.7
133, 107, 28.01847822, 95.74452331,   2.7
134, 107, 28.00419713, 95.73636617,   2.7
135, 107, 27.98972122, 95.72810023,   2.7
136, 107, 27.97504783, 95.71972407,   2.7
137, 107, 27.96017426, 95.71123624,   2.6
138, 107, 27.94509778, 95.70263528,   2.6
139, 107, 27.92981560, 95.69391972,   2.6
140, 107, 27.91432493, 95.68508807,   2.6
141, 107, 27.89862290, 95.67613880,   2.6
142, 107, 27.88270663, 95.66707040,   2.6
143, 107, 27.86657318, 95.65788130,   2.6
144, 107, 27.85021959, 95.64856995,   2.6
145, 107, 27.83364284, 95.63913473,   2.6
146, 107, 27.81683988, 95.62957406,   2.6
147, 107, 27.79980762, 95.61988629,   2.6
148, 107, 27.78254293, 95.61006978,   2.6
149, 107, 27.76504261, 95.60012286,   2.6
150, 107, 27.74730345, 95.59004384,   2.6
151, 107, 27.72932218, 95.57983100,   2.6
152, 107, 27.71109548, 95.56948262,   2.6
153, 107, 27.69262001, 95.55899693,   2.6
154, 107, 27.67389234, 95.54837217,   2.6
155, 107, 27.65490904, 95.53760653,   2.6
156, 107, 27.63566661, 95.52669820,   2.6
157, 107, 27.61616149, 95.51564534,   2.6
158, 107, 27.59639009, 95.50444608,   2.6
159, 107, 27.57634877, 95.49309853,   2.6
160, 107, 27.55603384, 95.48160080,   2.6
161, 107, 27.53544154, 95.46995093,   2.6
162, 107, 27.51456808, 95.45814698,   2.6
163, 107, 27.49340961, 95.44618697,   2.6
164, 107, 27.47196223, 95.43406889,   2.6
165, 107, 27.45022198, 95.42179072,   2.6
166, 107, 27.42818485, 95.40935041,   2.6
167, 107, 27.40584678, 95.39674587,   2.6
168, 107, 27.38320365, 95.38397500,   2.6
169, 107, 27.36025128, 95.37103569,   2.6
170, 107, 27.33698543, 95.35792576,   2.6
171, 107, 27.31340181, 95.34464306,   2.6
172, 107, 27.28949607, 95.33118537,   2.6
173, 107, 27.26526379, 95.31755046,   2.6
174, 107, 27.24070050, 95.30373608,   2.6
175, 107, 27.21580168, 95.28973994,   2.6
176, 107, 27.19056271, 95.27555973,   2.6
177, 107, 27.16497895, 95.26119311,   2.6
178, 107, 27.13904566, 95.24663773,   2.6
179, 107, 27.11275806, 95.23189117,   2.6
180, 107, 27.08611130, 95.21695103,   2.7
181, 107, 27.05910045, 95.20181485,   2.7
182, 107, 27.03172052, 95.18648016,   2.7
183, 107, 27.00396646, 95.17094444,   2.7
184, 107, 26.97583313, 95.15520516,   2.7
185, 107, 26.94731535, 95.13925976,   2.7
186, 107, 26.91840784, 95.12310564,   2.7
187, 107, 26.88910526, 95.10674016,   2.7
188, 107, 26.85940219, 95.09016068,   2.7
189, 107, 26.82929315, 95.07336451,   2.7
190, 107, 26.79877258, 95.05634893,   2.7
191, 107, 26.76783482, 95.03911119,   2.7
  1, 108, 28.89202691, 96.24476584,  99.9
  2, 108, 28.88965013, 96.24333641,  99.9
  3, 108, 28.88724100, 96.24188760,  99.9
  4, 108, 28.88479906, 96.24041914,  99.9
  5, 108, 28.88232389, 96.23893077,  99.9
  6, 108, 28.87981502, 96.23742222,  99.9
  7, 108, 28.87727199, 96.23589322,  99.9
  8, 108, 28.87469434, 96.23434349,  99.9
  9, 108, 28.87208161, 96.23277275,  99.9
 10, 108, 28.86943330, 96.23118071,  99.9
 11, 108, 28.86674894, 96.22956710,  99.9
 12, 108, 28.86402803, 96.22793162,  99.9
 13, 108, 28.86127008, 96.22627397,  99.9
 14, 108, 28.85847459, 96.22459385,  99.9
 15, 108, 28.85564103, 96.22289096,  99.9
 16, 108, 28.85276890, 96.22116500,  99.9
 17, 108, 28.84985767, 96.21941565,  99.9
 18, 108, 28.84690680, 96.21764259,  99.9
 19, 108, 28.84391575, 96.21584551,  99.9
 20, 108, 28.84088398, 96.21402409,  99.9
 21, 108, 28.83781094, 96.21217798,  99.9
 22, 108, 28.83469605, 96.21030687,  99.9
 23, 108, 28.83153875, 96.20841041,  99.9
 24, 108, 28.82833847, 96.20648827,  99.9
 25, 108, 28.82509461, 96.20454009,  99.9
 26, 108, 28.82180659, 96.20256552,  99.9
 27, 108, 28.81847379, 96.20056421,  99.9
 28, 108, 28.81509562, 96.19853580,  99.9
 29, 108, 28.81167145, 96.19647992,  99.9
 30, 108, 28.80820066, 96.19439621,  99.9
 31, 108, 28.80468260, 96.19228428,  99.9
 32, 108, 28.80111665, 96.19014377,  99.9
 33, 108, 28.79750213, 96.18797427,  99.9
 34, 108, 28.79383840, 96.18577541,  99.9
 35, 108, 28.79012478, 96.18354678,  99.9
 36, 108, 28.78636060, 96.18128799,  99.9
 37, 108, 28.78254515, 96.17899863,  99.9
 38, 108, 28.77867775, 96.17667829,  99.9
 39, 108, 28.77475769, 96.17432654,  99.9
 40, 108, 28.77078424, 96.17194298,  99.9
 41, 108, 28.76675669, 96.16952717,  99.9
 42, 108, 28.76267429, 96.16707868,   4.7
 43, 108, 28.75853629, 96.16459706,  99.9
 44, 108, 28.75434194, 96.16208188,  99.9
 45, 108, 28.75009048, 96.15953267,  99.9
 46, 108, 28.74578111, 96.15694899,  99.9
 47, 108, 28.74141306, 96.15433037,  99.9
 48, 108, 28.73698551, 96.15167634,  99.9
 49, 108, 28.73249767, 96.14898643,  99.9
 50, 108, 28.72794871, 96.14626014,  99.9
 51, 108, 28.72333780, 96.14349700,  99.9
 52, 108, 28.71866409, 96.14069651,  99.9
 53, 108, 28.71392672, 96.13785817,  99.9
 54, 108, 28.70912483, 96.13498146,  99.9
 55, 108, 28.70425754, 96.13206588,  99.9
 56, 108, 28.69932396, 96.12911090,  99.9
 57, 108, 28.69432318, 96.12611599,  99.9
 58, 108, 28.68925428, 96.12308063,  99.9
 59, 108, 28.68411634, 96.12000425,  99.9
 60, 108, 28.67890842, 96.11688632,  99.9
 61, 108, 28.67362957, 96.11372628,  99.9
 62, 108, 28.66827880, 96.11052357,  99.9
 63, 108, 28.66285516, 96.10727760,  99.9
 64, 108, 28.65735763, 96.10398781,  99.9
 65, 108, 28.65178521, 96.10065360,  99.9
 66, 108, 28.64613689, 96.09727438,   4.6
 67, 108, 28.64041162, 96.09384955,  99.9
 68, 108, 28.63460837, 96.09037850,   4.4
 69, 108, 28.62872605, 96.08686060,   4.4
 70, 108, 28.62276360, 96.08329523,   4.4
 71, 108, 28.61671993, 96.07968176,   4.3
 72, 108, 28.61059391, 96.07601954,   4.3
 73, 108, 28.60438444, 96.07230793,   4.3
 74, 108, 28.59809038, 96.06854625,   4.3
 75, 108, 28.59171056, 96.06473384,   4.3
 76, 108, 28.58524382, 96.06087002,   4.3
 77, 108, 28.57868897, 96.05695411,   4.3
 78, 108, 28.57204482, 96.05298541,   4.3
 79, 108, 28.56531014, 96.04896321,   4.1
 80, 108, 28.55848370, 96.04488680,   4.0
 81, 108, 28.55156425, 96.04075546,   4.0
 82, 108, 28.54455051, 96.03656845,   3.9
 83, 108, 28.53744120, 96.03232504,   3.9
 84, 108, 28.53023502, 96.02802446,   3.8
 85, 108, 28.52293065, 96.02366596,   3.8
 86, 108, 28.51552674, 96.01924876,   3.8
 87, 108, 28.50802194, 96.01477209,   3.7
 88, 108, 28.50041486, 96.01023514,   3.7
 89, 108, 28.49270413, 96.00563712,   3.6
 90, 108, 28.48488831, 96.00097722,   3.6
 91, 108, 28.47696598, 95.99625460,   3.6
 92, 108, 28.46893568, 95.99146845,   3.5
 93, 108, 28.46079593, 95.98661790,   3.5
 94, 108, 28.45254525, 95.98170210,   3.5
 95, 108, 28.44418213, 95.97672019,   3.5
 96, 108, 28.43570501, 95.97167129,   3.4
 97, 108, 28.42711236, 95.96655450,   3.4
 98, 108, 28.41840258, 95.96136893,   3.4
 99, 108, 28.40957409, 95.95611366,   3.4
100, 108, 28.40062526, 95.95078777,   3.3
101, 108, 28.39155445, 95.94539032,   3.3
102, 108, 28.38236000, 95.93992036,   3.3
103, 108, 28.37304020, 95.93437693,   3.3
104, 108, 28.36359336, 95.92875905,   3.2
105, 108, 28.35401774, 95.92306574,   3.2
106, 108, 28.34431158, 95.91729600,   3.2
107, 108, 28.33447310, 95.91144882,   3.2
108, 108, 28.32450049, 95.90552317,   3.1
109, 108, 28.31439191, 95.89951801,   3.1
110, 108, 28.30414552, 95.89343230,   3.1
111, 108, 28.29375942, 95.88726496,   3.1
112, 108, 28.28323171, 95.88101492,   3.1
113, 108, 28.27256046, 95.87468109,   3.0
114, 108, 28.26174371, 95.86826235,   3.0
115, 108, 28.25077946, 95.86175759,   3.0
116, 108, 28.23966570, 95.85516567,   3.0
117, 108, 28.22840040, 95.84848545,   2.9
118, 108, 28.21698147, 95.84171576,   2.9
119, 108, 28.20540682, 95.83485541,   2.9
120, 108, 28.19367432, 95.82790322,   2.9
121, 108, 28.18178182, 95.82085797,   2.9
122, 108, 28.16972712, 95.81371845,   2.8
123, 108, 28.15750802, 95.80648340,   2.8
124, 108, 28.14512226, 95.79915158,   2.8
125, 108, 28.13256756, 95.79172171,   2.8
126, 108, 28.11984162, 95.78419250,   2.8
127, 108, 28.10694210, 95.77656265,   2.8
128, 108, 28.09386663, 95.76883084,   2.7
129, 108, 28.08061279, 95.76099573,   2.7
130, 108, 28.06717815, 95.75305597,   2.7
131, 108, 28.05356023, 95.74501017,   2.7
132, 108, 28.03975654, 95.73685697,   2.7
133, 108, 28.02576454, 95.72859494,   2.7
134, 108, 28.01158163, 95.72022266,   2.7
135, 108, 27.99720523, 95.71173869,   2.7
136, 108, 27.98263267, 95.70314158,   2.7
137, 108, 27.96786128, 95.69442984,   2.6
138, 108, 27.95288834, 95.68560197,   2.6
139, 108, 27.93771108, 95.67665646,   2.6
140, 108, 27.92232673, 95.66759178,   2.6
141, 108, 27.90673244, 95.65840637,   2.6
142, 108, 27.89092533, 95.64909866,   2.6
143, 108, 27.87490251, 95.63966705,   2.6
144, 108, 27.85866102, 95.63010993,   2.6
145, 108, 27.84219786, 95.62042568,   2.6
146, 108, 27.82551001, 95.61061263,   2.6
147, 108, 27.80859438, 95.60066911,   2.6
148, 108, 27.79144787, 95.59059343,   2.6
149, 108, 27.77406730, 95.58038388,   2.6
150, 108, 27.75644949, 95.57003872,   2.6
151, 108, 27.73859118, 95.55955618,   2.6
152, 108, 27.72048907, 95.54893450,   2.6
153, 108, 27.70213984, 95.53817187,   2.6
154, 108, 27.68354010, 95.52726646,   2.6
155, 108, 27.66468642, 95.51621644,   2.6
156, 108, 27.64557532, 95.50501993,   2.6
157, 108, 27.62620328, 95.49367504,   2.6
158, 108, 27.60656673, 95.48217986,   2.6
159, 108, 27.58666204, 95.47053245,   2.6
160, 108, 27.56648555, 95.45873085,   2.6
161, 108, 27.54603352, 95.44677308,   2.6
162, 108, 27.52530219, 95.43465712,   2.6
163, 108, 27.50428773, 95.42238095,   2.6
164, 108, 27.48298627, 95.40994251,   2.6
165, 108, 27.46139387, 95.39733970,   2.6
166, 108, 27.43950654, 95.38457043,   2.6
167, 108, 27.41732025, 95.37163257,   2.6
168, 108, 27.39483090, 95.35852395,   2.6
169, 108, 27.37203434, 95.34524238,   2.6
170, 108, 27.34892636, 95.33178567,   2.6
171, 108, 27.32550269, 95.31815157,   2.6
172, 108, 27.30175901, 95.30433782,   2.6
173, 108, 27.27769093, 95.29034212,   2.6
174, 108, 27.25329401, 95.27616216,   2.6
175, 108, 27.22856373, 95.26179559,   2.6
176, 108, 27.20349554, 95.24724005,   2.6
177, 108, 27.17808479, 95.23249312,   2.6
178, 108, 27.15232679, 95.21755239,   2.6
179, 108, 27.12621679, 95.20241538,   2.6
180, 108, 27.09974996, 95.18707962,   2.6
181, 108, 27.07292140, 95.17154258,   2.7
182, 108, 27.04572616, 95.15580173,   2.7
183, 108, 27.01815921, 95.13985448,   2.7
184, 108, 26.99021544, 95.12369823,   2.7
185, 108, 26.96188971, 95.10733034,   2.7
186, 108, 26.93317676, 95.09074816,   2.7
187, 108, 26.90407130, 95.07394897,   2.7
188, 108, 26.87456792, 95.05693005,   2.7
189, 108, 26.84466119, 95.03968864,   2.7
190, 108, 26.81434556, 95.02222196,   2.7
191, 108, 26.78361543, 95.00452717,   2.6
  1, 109, 28.89329242, 96.24209319,  99.9
  2, 109, 28.89093283, 96.24062744,  99.9
  3, 109, 28.88854112, 96.23914181,  99.9
  4, 109, 28.88611685, 96.23763604,  99.9
  5, 109, 28.88365957, 96.23610985,  99.9
  6, 109, 28.88116884, 96.23456297,  99.9
  7, 109, 28.87864420, 96.23299511,  99.9
  8, 109, 28.87608520, 96.23140600,  99.9
  9, 109, 28.87349135, 96.22979534,  99.9
 10, 109, 28.87086219, 96.22816286,  99.9
 11, 109, 28.86819723, 96.22650824,  99.9
 12, 109, 28.86549600, 96.22483119,  99.9
 13, 109, 28.86275798, 96.22313141,  99.9
 14, 109, 28.85998269, 96.22140860,  99.9
 15, 109, 28.85716962, 96.21966243,  99.9
 16, 109, 28.85431825, 96.21789261,  99.9
 17, 109, 28.85142805, 96.21609879,  99.9
 18, 109, 28.84849850, 96.21428068,  99.9
 19, 109, 28.84552907, 96.21243792,  99.9
 20, 109, 28.84251921, 96.21057020,  99.9
 21, 109, 28.83946836, 96.20867718,  99.9
 22, 109, 28.83637598, 96.20675851,  99.9
 23, 109, 28.83324149, 96.20481385,  99.9
 24, 109, 28.83006433, 96.20284284,  99.9
 25, 109, 28.82684390, 96.20084514,  99.9
 26, 109, 28.82357962, 96.19882038,  99.9
 27, 109, 28.82027090, 96.19676820,  99.9
 28, 109, 28.81691712, 96.19468823,  99.9
 29, 109, 28.81351768, 96.19258010,  99.9
 30, 109, 28.81007194, 96.19044341,  99.9
 31, 109, 28.80657929, 96.18827780,  99.9
 32, 109, 28.80303908, 96.18608286,  99.9
 33, 109, 28.79945066, 96.18385822,  99.9
 34, 109, 28.79581337, 96.18160345,  99.9
 35, 109, 28.79212656, 96.17931817,  99.9
 36, 109, 28.78838954, 96.17700195,  99.9
 37, 109, 28.78460163, 96.17465438,  99.9
 38, 109, 28.78076214, 96.17227505,  99.9
 39, 109, 28.77687036, 96.16986351,  99.9
 40, 109, 28.77292558, 96.16741935,  99.9
 41, 109, 28.76892708, 96.16494211,  99.9
 42, 109, 28.76487413, 96.16243136,   4.7
 43, 109, 28.76076598, 96.15988664,   4.7
 44, 109, 28.75660188, 96.15730750,  99.9
 45, 109, 28.75238108, 96.15469348,  99.9
 46, 109, 28.74810278, 96.15204409,  99.9
 47, 109, 28.74376623, 96.14935888,  99.9
 48, 109, 28.73937061, 96.14663736,  99.9
 49, 109, 28.73491512, 96.14387904,  99.9
 50, 109, 28.73039895, 96.14108342,  99.9
 51, 109, 28.72582127, 96.13825001,  99.9
 52, 109, 28.72118124, 96.13537829,  99.9
 53, 109, 28.71647801, 96.13246776,  99.9
 54, 109, 28.71171072, 96.12951789,  99.9
 55, 109, 28.70687850, 96.12652815,  99.9
 56, 109, 28.70198046, 96.12349801,  99.9
 57, 109, 28.69701570, 96.12042692,  99.9
 58, 109, 28.69198331, 96.11731434,  99.9
 59, 109, 28.68688238, 96.11415972,  99.9
 60, 109, 28.68171196, 96.11096247,  99.9
 61, 109, 28.67647111, 96.10772205,  99.9
 62, 109, 28.67115887, 96.10443785,  99.9
 63, 109, 28.66577427, 96.10110931,  99.9
 64, 109, 28.66031631, 96.09773582,  99.9
 65, 109, 28.65478400, 96.09431679,  99.9
 66, 109, 28.64917632, 96.09085159,  99.9
 67, 109, 28.64349225, 96.08733962,  99.9
 68, 109, 28.63773074, 96.08378025,   4.4
 69, 109, 28.63189074, 96.08017284,   4.4
 70, 109, 28.62597118, 96.07651675,   4.4
 71, 109, 28.61997097, 96.07281133,   4.4
 72, 109, 28.61388901, 96.06905592,   4.4
 73, 109, 28.60772418, 96.06524984,   4.3
 74, 109, 28.60147536, 96.06139243,   4.3
 75, 109, 28.59514140, 96.05748300,   4.3
 76, 109, 28.58872114, 96.05352084,   4.3
 77, 109, 28.58221340, 96.04950527,   4.3
 78, 109, 28.57561698, 96.04543555,   4.3
 79, 109, 28.56893069, 96.04131098,   4.1
 80, 109, 28.56215328, 96.03713081,   4.1
 81, 109, 28.55528352, 96.03289430,   4.0
 82, 109, 28.54832015, 96.02860071,   3.9
 83, 109, 28.54126189, 96.02424927,   3.9
 84, 109, 28.53410744, 96.01983921,   3.9
 85, 109, 28.52685549, 96.01536974,   3.8
 86, 109, 28.51950472, 96.01084009,   3.8
 87, 109, 28.51205377, 96.00624943,   3.7
 88, 109, 28.50450127, 96.00159697,   3.7
 89, 109, 28.49684585, 95.99688187,   3.6
 90, 109, 28.48908609, 95.99210330,   3.6
 91, 109, 28.48122056, 95.98726043,   3.6
 92, 109, 28.47324784, 95.98235238,   3.5
 93, 109, 28.46516645, 95.97737831,   3.5
 94, 109, 28.45697490, 95.97233731,   3.5
 95, 109, 28.44867170, 95.96722852,   3.5
 96, 109, 28.44025533, 95.96205102,   3.4
 97, 109, 28.43172423, 95.95680390,   3.4
 98, 109, 28.42307684, 95.95148624,   3.4
 99, 109, 28.41431156, 95.94609710,   3.4
100, 109, 28.40542681, 95.94063553,   3.3
101, 109, 28.39642093, 95.93510057,   3.3
102, 109, 28.38729227, 95.92949125,   3.3
103, 109, 28.37803917, 95.92380658,   3.3
104, 109, 28.36865992, 95.91804556,   3.2
105, 109, 28.35915279, 95.91220718,   3.2
106, 109, 28.34951604, 95.90629041,   3.2
107, 109, 28.33974790, 95.90029422,   3.2
108, 109, 28.32984658, 95.89421756,   3.2
109, 109, 28.31981025, 95.88805935,   3.1
110, 109, 28.30963707, 95.88181853,   3.1
111, 109, 28.29932517, 95.87549399,   3.1
112, 109, 28.28887266, 95.86908464,   3.1
113, 109, 28.27827761, 95.86258934,   3.0
114, 109, 28.26753808, 95.85600697,   3.0
115, 109, 28.25665209, 95.84933638,   3.0
116, 109, 28.24561764, 95.84257640,   3.0
117, 109, 28.23443270, 95.83572585,   2.9
118, 109, 28.22309522, 95.82878353,   2.9
119, 109, 28.21160311, 95.82174824,   2.9
120, 109, 28.19995426, 95.81461876,   2.9
121, 109, 28.18814652, 95.80739384,   2.9
122, 109, 28.17617773, 95.80007222,   2.8
123, 109, 28.16404567, 95.79265263,   2.8
124, 109, 28.15174813, 95.78513379,   2.8
125, 109, 28.13928283, 95.77751439,   2.8
126, 109, 28.12664748, 95.76979311,   2.8
127, 109, 28.11383976, 95.76196860,   2.8
128, 109, 28.10085732, 95.75403952,   2.7
129, 109, 28.08769775, 95.74600448,   2.7
130, 109, 28.07435864, 95.73786211,   2.7
131, 109, 28.06083754, 95.72961100,   2.7
132, 109, 28.04713196, 95.72124971,   2.7
133, 109, 28.03323936, 95.71277681,   2.7
134, 109, 28.01915720, 95.70419083,   2.7
135, 109, 28.00488288, 95.69549030,   2.7
136, 109, 27.99041377, 95.68667371,   2.7
137, 109, 27.97574721, 95.67773956,   2.7
138, 109, 27.96088049, 95.66868630,   2.6
139, 109, 27.94581088, 95.65951238,   2.6
140, 109, 27.93053560, 95.65021622,   2.6
141, 109, 27.91505184, 95.64079623,   2.6
142, 109, 27.89935674, 95.63125080,   2.6
143, 109, 27.88344742, 95.62157830,   2.6
144, 109, 27.86732093, 95.61177706,   2.6
145, 109, 27.85097431, 95.60184541,   2.6
146, 109, 27.83440455, 95.59178166,   2.6
147, 109, 27.81760858, 95.58158408,   2.6
148, 109, 27.80058332, 95.57125095,   2.6
149, 109, 27.78332562, 95.56078051,   2.6
150, 109, 27.76583230, 95.55017096,   2.6
151, 109, 27.74810014, 95.53942051,   2.6
152, 109, 27.73012587, 95.52852733,   2.6
153, 109, 27.71190616, 95.51748957,   2.6
154, 109, 27.69343766, 95.50630537,   2.6
155, 109, 27.67471697, 95.49497283,   2.6
156, 109, 27.65574062, 95.48349002,   2.6
157, 109, 27.63650512, 95.47185503,   2.6
158, 109, 27.61700691, 95.46006586,   2.6
159, 109, 27.59724241, 95.44812055,   2.6
160, 109, 27.57720795, 95.43601708,   2.6
161, 109, 27.55689984, 95.42375341,   2.6
162, 109, 27.53631434, 95.41132748,   2.6
163, 109, 27.51544763, 95.39873720,   2.6
164, 109, 27.49429588, 95.38598047,   2.6
165, 109, 27.47285516, 95.37305514,   2.6
166, 109, 27.45112153, 95.35995905,   2.6
167, 109, 27.42909097, 95.34669002,   2.6
168, 109, 27.40675940, 95.33324583,   2.6
169, 109, 27.38412270, 95.31962423,   2.6
170, 109, 27.36117670, 95.30582296,   2.6
171, 109, 27.33791714, 95.29183973,   2.6
172, 109, 27.31433974, 95.27767220,   2.6
173, 109, 27.29044013, 95.26331803,   2.6
174, 109, 27.26621389, 95.24877484,   2.6
175, 109, 27.24165655, 95.23404023,   2.6
176, 109, 27.21676357, 95.21911175,   2.6
177, 109, 27.19153034, 95.20398694,   2.6
178, 109, 27.16595220, 95.18866331,   2.6
179, 109, 27.14002442, 95.17313834,   2.6
180, 109, 27.11374220, 95.15740947,   2.6
181, 109, 27.08710068, 95.14147412,   2.6
182, 109, 27.06009493, 95.12532968,   2.6
183, 109, 27.03271996, 95.10897351,   2.7
184, 109, 27.00497070, 95.09240292,   2.7
185, 109, 26.97684201, 95.07561522,   2.7
186, 109, 26.94832870, 95.05860767,   2.7
187, 109, 26.91942548, 95.04137750,   2.7
188, 109, 26.89012700, 95.02392190,   2.7
189, 109, 26.86042785, 95.00623805,   2.7
190, 109, 26.83032251, 94.98832308,   2.7
191, 109, 26.79980542, 94.97017410,   2.6
  1, 110, 28.89458955, 96.23944015,  99.9
  2, 110, 28.89224758, 96.23793835,  99.9
  3, 110, 28.88987373, 96.23641617,  99.9
  4, 110, 28.88746756, 96.23487336,  99.9
  5, 110, 28.88502863, 96.23330963,  99.9
  6, 110, 28.88255650, 96.23172469,  99.9
  7, 110, 28.88005071, 96.23011826,  99.9
  8, 110, 28.87751080, 96.22849006,  99.9
  9, 110, 28.87493632, 96.22683978,  99.9
 10, 110, 28.87232678, 96.22516713,  99.9
 11, 110, 28.86968172, 96.22347180,  99.9
 12, 110, 28.86700064, 96.22175349,  99.9
 13, 110, 28.86428307, 96.22001190,  99.9
 14, 110, 28.86152849, 96.21824669,  99.9
 15, 110, 28.85873640, 96.21645757,  99.9
 16, 110, 28.85590631, 96.21464419,  99.9
 17, 110, 28.85303768, 96.21280625,  99.9
 18, 110, 28.85012999, 96.21094339,  99.9
 19, 110, 28.84718271, 96.20905530,  99.9
 20, 110, 28.84419530, 96.20714162,  99.9
 21, 110, 28.84116721, 96.20520202,  99.9
 22, 110, 28.83809789, 96.20323614,  99.9
 23, 110, 28.83498679, 96.20124362,  99.9
 24, 110, 28.83183331, 96.19922412,  99.9
 25, 110, 28.82863690, 96.19717726,  99.9
 26, 110, 28.82539697, 96.19510267,  99.9
 27, 110, 28.82211292, 96.19299999,  99.9
 28, 110, 28.81878414, 96.19086883,  99.9
 29, 110, 28.81541004, 96.18870881,  99.9
 30, 110, 28.81199000, 96.18651954,  99.9
 31, 110, 28.80852338, 96.18430063,  99.9
 32, 110, 28.80500956, 96.18205168,  99.9
 33, 110, 28.80144788, 96.17977228,  99.9
 34, 110, 28.79783770, 96.17746202,  99.9
 35, 110, 28.79417836, 96.17512048,  99.9
 36, 110, 28.79046919, 96.17274726,  99.9
 37, 110, 28.78670950, 96.17034191,  99.9
 38, 110, 28.78289862, 96.16790401,  99.9
 39, 110, 28.77903583, 96.16543311,  99.9
 40, 110, 28.77512044, 96.16292878,  99.9
 41, 110, 28.77115172, 96.16039056,  99.9
 42, 110, 28.76712895, 96.15781801,  99.9
 43, 110, 28.76305140, 96.15521065,   4.7
 44, 110, 28.75891831, 96.15256801,   4.7
 45, 110, 28.75472893, 96.14988963,  99.9
 46, 110, 28.75048249, 96.14717503,  99.9
 47, 110, 28.74617822, 96.14442370,  99.9
 48, 110, 28.74181532, 96.14163518,  99.9
 49, 110, 28.73739299, 96.13880894,  99.9
 50, 110, 28.73291043, 96.13594449,  99.9
 51, 110, 28.72836682, 96.13304131,  99.9
 52, 110, 28.72376132, 96.13009889,  99.9
 53, 110, 28.71909308, 96.12711669,  99.9
 54, 110, 28.71436126, 96.12409418,  99.9
 55, 110, 28.70956498, 96.12103082,  99.9
 56, 110, 28.70470337, 96.11792606,  99.9
 57, 110, 28.69977554, 96.11477934,  99.9
 58, 110, 28.69478057, 96.11159011,  99.9
 59, 110, 28.68971757, 96.10835779,  99.9
 60, 110, 28.68458559, 96.10508181,  99.9
 61, 110, 28.67938370, 96.10176157,  99.9
 62, 110, 28.67411095, 96.09839649,  99.9
 63, 110, 28.66876636, 96.09498596,  99.9
 64, 110, 28.66334897, 96.09152938,  99.9
 65, 110, 28.65785776, 96.08802613,  99.9
 66, 110, 28.65229175, 96.08447557,  99.9
 67, 110, 28.64664990, 96.08087709,  99.9
 68, 110, 28.64093119, 96.07723004,   4.4
 69, 110, 28.63513457, 96.07353376,   4.4
 70, 110, 28.62925896, 96.06978759,   4.4
 71, 110, 28.62330330, 96.06599088,   4.4
 72, 110, 28.61726650, 96.06214295,   4.4
 73, 110, 28.61114743, 96.05824310,   4.4
 74, 110, 28.60494499, 96.05429064,   4.4
 75, 110, 28.59865804, 96.05028488,   4.3
 76, 110, 28.59228542, 96.04622509,   4.3
 77, 110, 28.58582596, 96.04211056,   4.3
 78, 110, 28.57927848, 96.03794056,   4.3
 79, 110, 28.57264178, 96.03371433,   4.1
 80, 110, 28.56591463, 96.02943115,   4.1
 81, 110, 28.55909581, 96.02509023,   4.0
 82, 110, 28.55218407, 96.02069081,   3.9
 83, 110, 28.54517813, 96.01623212,   3.9
 84, 110, 28.53807671, 96.01171336,   3.9
 85, 110, 28.53087850, 96.00713372,   3.8
 86, 110, 28.52358220, 96.00249240,   3.8
 87, 110, 28.51618645, 95.99778858,   3.7
 88, 110, 28.50868989, 95.99302142,   3.7
 89, 110, 28.50109116, 95.98819008,   3.7
 90, 110, 28.49338886, 95.98329370,   3.6
 91, 110, 28.48558157, 95.97833142,   3.6
 92, 110, 28.47766787, 95.97330236,   3.5
 93, 110, 28.46964629, 95.96820563,   3.5
 94, 110, 28.46151536, 95.96304033,   3.5
 95, 110, 28.45327359, 95.95780555,   3.5
 96, 110, 28.44491948, 95.95250036,   3.4
 97, 110, 28.43645147, 95.94712384,   3.4
 98, 110, 28.42786802, 95.94167502,   3.4
 99, 110, 28.41916756, 95.93615296,   3.4
100, 110, 28.41034848, 95.93055667,   3.3
101, 110, 28.40140916, 95.92488518,   3.3
102, 110, 28.39234796, 95.91913749,   3.3
103, 110, 28.38316321, 95.91331258,   3.3
104, 110, 28.37385324, 95.90740943,   3.2
105, 110, 28.36441632, 95.90142700,   3.2
106, 110, 28.35485072, 95.89536425,   3.2
107, 110, 28.34515469, 95.88922010,   3.2
108, 110, 28.33532645, 95.88299349,   3.2
109, 110, 28.32536417, 95.87668331,   3.1
110, 110, 28.31526604, 95.87028847,   3.1
111, 110, 28.30503020, 95.86380784,   3.1
112, 110, 28.29465477, 95.85724029,   3.1
113, 110, 28.28413784, 95.85058467,   3.0
114, 110, 28.27347746, 95.84383982,   3.0
115, 110, 28.26267170, 95.83700456,   3.0
116, 110, 28.25171855, 95.83007769,   3.0
117, 110, 28.24061600, 95.82305800,   3.0
118, 110, 28.22936201, 95.81594428,   2.9
119, 110, 28.21795451, 95.80873528,   2.9
120, 110, 28.20639140, 95.80142974,   2.9
121, 110, 28.19467055, 95.79402640,   2.9
122, 110, 28.18278981, 95.78652396,   2.9
123, 110, 28.17074699, 95.77892112,   2.8
124, 110, 28.15853987, 95.77121657,   2.8
125, 110, 28.14616621, 95.76340895,   2.8
126, 110, 28.13362373, 95.75549693,   2.8
127, 110, 28.12091012, 95.74747912,   2.8
128, 110, 28.10802304, 95.73935413,   2.8
129, 110, 28.09496011, 95.73112057,   2.7
130, 110, 28.08171894, 95.72277700,   2.7
131, 110, 28.06829708, 95.71432199,   2.7
132, 110, 28.05469206, 95.70575406,   2.7
133, 110, 28.04090137, 95.69707175,   2.7
134, 110, 28.02692248, 95.68827355,   2.7
135, 110, 28.01275281, 95.67935795,   2.7
136, 110, 27.99838974, 95.67032341,   2.7
137, 110, 27.98383064, 95.66116838,   2.7
138, 110, 27.96907282, 95.65189128,   2.6
139, 110, 27.95411356, 95.64249052,   2.6
140, 110, 27.93895010, 95.63296449,   2.6
141, 110, 27.92357964, 95.62331154,   2.6
142, 110, 27.90799937, 95.61353003,   2.6
143, 110, 27.89220639, 95.60361827,   2.6
144, 110, 27.87619780, 95.59357458,   2.6
145, 110, 27.85997064, 95.58339724,   2.6
146, 110, 27.84352193, 95.57308450,   2.6
147, 110, 27.82684864, 95.56263461,   2.6
148, 110, 27.80994767, 95.55204579,   2.6
149, 110, 27.79281593, 95.54131623,   2.6
150, 110, 27.77545024, 95.53044410,   2.6
151, 110, 27.75784740, 95.51942756,   2.6
152, 110, 27.74000416, 95.50826473,   2.6
153, 110, 27.72191724, 95.49695372,   2.6
154, 110, 27.70358328, 95.48549261,   2.6
155, 110, 27.68499892, 95.47387947,   2.6
156, 110, 27.66616071, 95.46211232,   2.6
157, 110, 27.64706518, 95.45018917,   2.6
158, 110, 27.62770880, 95.43810802,   2.6
159, 110, 27.60808800, 95.42586682,   2.6
160, 110, 27.58819915, 95.41346350,   2.6
161, 110, 27.56803859, 95.40089600,   2.6
162, 110, 27.54760258, 95.38816218,   2.6
163, 110, 27.52688734, 95.37525991,   2.6
164, 110, 27.50588907, 95.36218702,   2.6
165, 110, 27.48460386, 95.34894133,   2.6
166, 110, 27.46302779, 95.33552062,   2.6
167, 110, 27.44115687, 95.32192263,   2.6
168, 110, 27.41898706, 95.30814511,   2.6
169, 110, 27.39651425, 95.29418575,   2.6
170, 110, 27.37373430, 95.28004222,   2.6
171, 110, 27.35064299, 95.26571217,   2.6
172, 110, 27.32723605, 95.25119322,   2.6
173, 110, 27.30350915, 95.23648296,   2.6
174, 110, 27.27945790, 95.22157895,   2.6
175, 110, 27.25507785, 95.20647872,   2.6
176, 110, 27.23036450, 95.19117977,   2.6
177, 110, 27.20531326, 95.17567957,   2.6
178, 110, 27.17991951, 95.15997558,   2.6
179, 110, 27.15417854, 95.14406519,   2.6
180, 110, 27.12808558, 95.12794580,   2.6
181, 110, 27.10163582, 95.11161475,   2.6
182, 110, 27.07482434, 95.09506937,   2.6
183, 110, 27.04764620, 95.07830695,   2.7
184, 110, 27.02009634, 95.06132473,   2.7
185, 110, 26.99216968, 95.04411995,   2.7
186, 110, 26.96386103, 95.02668980,   2.7
187, 110, 26.93516516, 95.00903144,   2.7
188, 110, 26.90607675, 94.99114200,   2.7
189, 110, 26.87659040, 94.97301858,   2.7
190, 110, 26.84670067, 94.95465822,   2.6
191, 110, 26.81640200, 94.93605797,   2.6
  1, 111, 28.89591807, 96.23680721,  99.9
  2, 111, 28.89359414, 96.23526962,  99.9
  3, 111, 28.89123858, 96.23371118,  99.9
  4, 111, 28.88885095, 96.23213160,  99.9
  5, 111, 28.88643081, 96.23053060,  99.9
  6, 111, 28.88397773, 96.22890790,  99.9
  7, 111, 28.88149124, 96.22726319,  99.9
  8, 111, 28.87897090, 96.22559619,  99.9
  9, 111, 28.87641625, 96.22390658,  99.9
 10, 111, 28.87382682, 96.22219407,  99.9
 11, 111, 28.87120212, 96.22045834,  99.9
 12, 111, 28.86854170, 96.21869909,  99.9
 13, 111, 28.86584505, 96.21691598,  99.9
 14, 111, 28.86311168, 96.21510871,  99.9
 15, 111, 28.86034110, 96.21327695,  99.9
 16, 111, 28.85753280, 96.21142036,  99.9
 17, 111, 28.85468625, 96.20953861,  99.9
 18, 111, 28.85180095, 96.20763135,  99.9
 19, 111, 28.84887636, 96.20569826,  99.9
 20, 111, 28.84591195, 96.20373897,  99.9
 21, 111, 28.84290717, 96.20175313,  99.9
 22, 111, 28.83986148, 96.19974039,  99.9
 23, 111, 28.83677431, 96.19770039,  99.9
 24, 111, 28.83364511, 96.19563274,  99.9
 25, 111, 28.83047330, 96.19353709,  99.9
 26, 111, 28.82725829, 96.19141306,  99.9
 27, 111, 28.82399951, 96.18926025,  99.9
 28, 111, 28.82069635, 96.18707829,  99.9
 29, 111, 28.81734821, 96.18486678,  99.9
 30, 111, 28.81395447, 96.18262532,  99.9
 31, 111, 28.81051452, 96.18035351,  99.9
 32, 111, 28.80702772, 96.17805094,  99.9
 33, 111, 28.80349344, 96.17571719,  99.9
 34, 111, 28.79991103, 96.17335185,  99.9
 35, 111, 28.79627983, 96.17095450,  99.9
 36, 111, 28.79259918, 96.16852468,  99.9
 37, 111, 28.78886840, 96.16606199,  99.9
 38, 111, 28.78508681, 96.16356595,  99.9
 39, 111, 28.78125371, 96.16103614,  99.9
 40, 111, 28.77736842, 96.15847210,  99.9
 41, 111, 28.77343021, 96.15587336,  99.9
 42, 111, 28.76943835, 96.15323946,  99.9
 43, 111, 28.76539214, 96.15056992,   4.7
 44, 111, 28.76129081, 96.14786427,   4.7
 45, 111, 28.75713361, 96.14512201,  99.9
 46, 111, 28.75291980, 96.14234267,  99.9
 47, 111, 28.74864859, 96.13952573,  99.9
 48, 111, 28.74431920, 96.13667070,  99.9
 49, 111, 28.73993085, 96.13377706,  99.9
 50, 111, 28.73548271, 96.13084429,  99.9
 51, 111, 28.73097399, 96.12787187,  99.9
 52, 111, 28.72640385, 96.12485926,  99.9
 53, 111, 28.72177146, 96.12180592,  99.9
 54, 111, 28.71707596, 96.11871132,  99.9
 55, 111, 28.71231650, 96.11557488,  99.9
 56, 111, 28.70749220, 96.11239606,  99.9
 57, 111, 28.70260218, 96.10917428,  99.9
 58, 111, 28.69764555, 96.10590896,  99.9
 59, 111, 28.69262139, 96.10259953,  99.9
 60, 111, 28.68752879, 96.09924539,  99.9
 61, 111, 28.68236680, 96.09584594,  99.9
 62, 111, 28.67713449, 96.09240057,  99.9
 63, 111, 28.67183090, 96.08890867,  99.9
 64, 111, 28.66645505, 96.08536961,  99.9
 65, 111, 28.66100595, 96.08178276,  99.9
 66, 111, 28.65548261, 96.07814749,  99.9
 67, 111, 28.64988401, 96.07446313,   4.4
 68, 111, 28.64420913, 96.07072904,   4.4
 69, 111, 28.63845693, 96.06694455,   4.4
 70, 111, 28.63262635, 96.06310899,   4.4
 71, 111, 28.62671633, 96.05922166,   4.4
 72, 111, 28.62072577, 96.05528189,   4.4
 73, 111, 28.61465358, 96.05128895,   4.4
 74, 111, 28.60849864, 96.04724216,   4.4
 75, 111, 28.60225984, 96.04314078,   4.4
 76, 111, 28.59593601, 96.03898408,   4.3
 77, 111, 28.58952600, 96.03477133,   4.3
 78, 111, 28.58302864, 96.03050178,   4.3
 79, 111, 28.57644274, 96.02617466,   4.1
 80, 111, 28.56976708, 96.02178921,   4.1
 81, 111, 28.56300043, 96.01734465,   4.0
 82, 111, 28.55614157, 96.01284020,   4.0
 83, 111, 28.54918922, 96.00827504,   3.9
 84, 111, 28.54214211, 96.00364837,   3.9
 85, 111, 28.53499895, 95.99895938,   3.8
 86, 111, 28.52775843, 95.99420723,   3.8
 87, 111, 28.52041922, 95.98939107,   3.7
 88, 111, 28.51297997, 95.98451006,   3.7
 89, 111, 28.50543931, 95.97956332,   3.7
 90, 111, 28.49779586, 95.97455000,   3.6
 91, 111, 28.49004822, 95.96946919,   3.6
 92, 111, 28.48219496, 95.96432000,   3.5
 93, 111, 28.47423465, 95.95910151,   3.5
 94, 111, 28.46616581, 95.95381282,   3.5
 95, 111, 28.45798697, 95.94845298,   3.5
 96, 111, 28.44969662, 95.94302105,   3.4
 97, 111, 28.44129324, 95.93751606,   3.4
 98, 111, 28.43277529, 95.93193705,   3.4
 99, 111, 28.42414120, 95.92628304,   3.4
100, 111, 28.41538939, 95.92055302,   3.3
101, 111, 28.40651825, 95.91474600,   3.3
102, 111, 28.39752614, 95.90886094,   3.3
103, 111, 28.38841142, 95.90289681,   3.3
104, 111, 28.37917240, 95.89685257,   3.2
105, 111, 28.36980740, 95.89072715,   3.2
106, 111, 28.36031468, 95.88451947,   3.2
107, 111, 28.35069251, 95.87822844,   3.2
108, 111, 28.34093911, 95.87185297,   3.2
109, 111, 28.33105269, 95.86539193,   3.1
110, 111, 28.32103144, 95.85884419,   3.1
111, 111, 28.31087350, 95.85220861,   3.1
112, 111, 28.30057702, 95.84548401,   3.1
113, 111, 28.29014009, 95.83866923,   3.0
114, 111, 28.27956081, 95.83176308,   3.0
115, 111, 28.26883721, 95.82476433,   3.0
116, 111, 28.25796733, 95.81767179,   3.0
117, 111, 28.24694917, 95.81048419,   3.0
118, 111, 28.23578070, 95.80320030,   2.9
119, 111, 28.22445987, 95.79581884,   2.9
120, 111, 28.21298458, 95.78833852,   2.9
121, 111, 28.20135274, 95.78075805,   2.9
122, 111, 28.18956220, 95.77307609,   2.9
123, 111, 28.17761078, 95.76529133,   2.8
124, 111, 28.16549629, 95.75740239,   2.8
125, 111, 28.15321649, 95.74940793,   2.8
126, 111, 28.14076913, 95.74130653,   2.8
127, 111, 28.12815192, 95.73309681,   2.8
128, 111, 28.11536252, 95.72477733,   2.8
129, 111, 28.10239858, 95.71634666,   2.7
130, 111, 28.08925772, 95.70780334,   2.7
131, 111, 28.07593751, 95.69914588,   2.7
132, 111, 28.06243550, 95.69037280,   2.7
133, 111, 28.04874921, 95.68148258,   2.7
134, 111, 28.03487610, 95.67247367,   2.7
135, 111, 28.02081362, 95.66334454,   2.7
136, 111, 28.00655918, 95.65409360,   2.7
137, 111, 27.99211015, 95.64471927,   2.7
138, 111, 27.97746387, 95.63521993,   2.6
139, 111, 27.96261764, 95.62559394,   2.6
140, 111, 27.94756872, 95.61583966,   2.6
141, 111, 27.93231433, 95.60595540,   2.6
142, 111, 27.91685166, 95.59593948,   2.6
143, 111, 27.90117786, 95.58579018,   2.6
144, 111, 27.88529004, 95.57550576,   2.6
145, 111, 27.86918526, 95.56508446,   2.6
146, 111, 27.85286056, 95.55452450,   2.6
147, 111, 27.83631291, 95.54382408,   2.6
148, 111, 27.81953927, 95.53298136,   2.6
149, 111, 27.80253655, 95.52199451,   2.6
150, 111, 27.78530159, 95.51086165,   2.6
151, 111, 27.76783122, 95.49958089,   2.6
152, 111, 27.75012222, 95.48815031,   2.6
153, 111, 27.73217131, 95.47656796,   2.6
154, 111, 27.71397518, 95.46483190,   2.6
155, 111, 27.69553046, 95.45294011,   2.6
156, 111, 27.67683376, 95.44089060,   2.6
157, 111, 27.65788161, 95.42868132,   2.6
158, 111, 27.63867052, 95.41631021,   2.6
159, 111, 27.61919692, 95.40377518,   2.6
160, 111, 27.59945724, 95.39107412,   2.6
161, 111, 27.57944781, 95.37820489,   2.6
162, 111, 27.55916493, 95.36516532,   2.6
163, 111, 27.53860487, 95.35195322,   2.6
164, 111, 27.51776380, 95.33856638,   2.6
165, 111, 27.49663790, 95.32500254,   2.6
166, 111, 27.47522323, 95.31125944,   2.6
167, 111, 27.45351585, 95.29733478,   2.6
168, 111, 27.43151173, 95.28322622,   2.6
169, 111, 27.40920682, 95.26893142,   2.6
170, 111, 27.38659697, 95.25444799,   2.6
171, 111, 27.36367801, 95.23977351,   2.6
172, 111, 27.34044569, 95.22490555,   2.6
173, 111, 27.31689572, 95.20984164,   2.6
174, 111, 27.29302373, 95.19457927,   2.6
175, 111, 27.26882530, 95.17911592,   2.6
176, 111, 27.24429596, 95.16344903,   2.6
177, 111, 27.21943116, 95.14757600,   2.6
178, 111, 27.19422629, 95.13149423,   2.6
179, 111, 27.16867669, 95.11520105,   2.6
180, 111, 27.14277763, 95.09869378,   2.6
181, 111, 27.11652430, 95.08196971,   2.6
182, 111, 27.08991185, 95.06502610,   2.6
183, 111, 27.06293533, 95.04786016,   2.7
184, 111, 27.03558975, 95.03046909,   2.7
185, 111, 27.00787004, 95.01285004,   2.7
186, 111, 26.97977106, 94.99500014,   2.7
187, 111, 26.95128761, 94.97691647,   2.7
188, 111, 26.92241440, 94.95859609,   2.7
189, 111, 26.89314607, 94.94003602,   2.7
190, 111, 26.86347720, 94.92123326,   2.6
191, 111, 26.83340229, 94.90218475,   2.6
  1, 112, 28.89727772, 96.23419484,  99.9
  2, 112, 28.89497227, 96.23262174,  99.9
  3, 112, 28.89263543, 96.23102731,  99.9
  4, 112, 28.89026677, 96.22941126,  99.9
  5, 112, 28.88786587, 96.22777329,  99.9
  6, 112, 28.88543227, 96.22611311,  99.9
  7, 112, 28.88296555, 96.22443042,  99.9
  8, 112, 28.88046523, 96.22272492,  99.9
  9, 112, 28.87793088, 96.22099629,  99.9
 10, 112, 28.87536201, 96.21924423,  99.9
 11, 112, 28.87275817, 96.21746841,  99.9
 12, 112, 28.87011888, 96.21566853,  99.9
 13, 112, 28.86744365, 96.21384424,  99.9
 14, 112, 28.86473200, 96.21199523,  99.9
 15, 112, 28.86198342, 96.21012115,  99.9
 16, 112, 28.85919742, 96.20822168,  99.9
 17, 112, 28.85637348, 96.20629646,  99.9
 18, 112, 28.85351109, 96.20434516,  99.9
 19, 112, 28.85060972, 96.20236741,  99.9
 20, 112, 28.84766884, 96.20036286,  99.9
 21, 112, 28.84468792, 96.19833115,  99.9
 22, 112, 28.84166641, 96.19627192,  99.9
 23, 112, 28.83860375, 96.19418479,  99.9
 24, 112, 28.83549939, 96.19206938,  99.9
 25, 112, 28.83235275, 96.18992531,  99.9
 26, 112, 28.82916326, 96.18775221,  99.9
 27, 112, 28.82593034, 96.18554967,  99.9
 28, 112, 28.82265339, 96.18331729,  99.9
 29, 112, 28.81933182, 96.18105469,  99.9
 30, 112, 28.81596501, 96.17876144,  99.9
 31, 112, 28.81255235, 96.17643714,  99.9
 32, 112, 28.80909321, 96.17408137,  99.9
 33, 112, 28.80558697, 96.17169371,  99.9
 34, 112, 28.80203297, 96.16927371,  99.9
 35, 112, 28.79843057, 96.16682096,  99.9
 36, 112, 28.79477911, 96.16433500,  99.9
 37, 112, 28.79107791, 96.16181539,  99.9
 38, 112, 28.78732631, 96.15926168,  99.9
 39, 112, 28.78352361, 96.15667341,   4.5
 40, 112, 28.77966912, 96.15405011,   4.5
 41, 112, 28.77576212, 96.15139131,   4.6
 42, 112, 28.77180191, 96.14869654,   4.6
 43, 112, 28.76778777, 96.14596531,   4.7
 44, 112, 28.76371894, 96.14319712,  99.9
 45, 112, 28.75959469, 96.14039149,  99.9
 46, 112, 28.75541427, 96.13754790,  99.9
 47, 112, 28.75117690, 96.13466586,  99.9
 48, 112, 28.74688182, 96.13174483,  99.9
 49, 112, 28.74252822, 96.12878430,  99.9
 50, 112, 28.73811532, 96.12578374,  99.9
 51, 112, 28.73364231, 96.12274260,  99.9
 52, 112, 28.72910836, 96.11966035,  99.9
 53, 112, 28.72451265, 96.11653643,  99.9
 54, 112, 28.71985433, 96.11337028,  99.9
 55, 112, 28.71513255, 96.11016133,  99.9
 56, 112, 28.71034644, 96.10690902,  99.9
 57, 112, 28.70549513, 96.10361275,  99.9
 58, 112, 28.70057773, 96.10027194,  99.9
 59, 112, 28.69559333, 96.09688598,  99.9
 60, 112, 28.69054103, 96.09345428,  99.9
 61, 112, 28.68541988, 96.08997622,  99.9
 62, 112, 28.68022897, 96.08645118,  99.9
 63, 112, 28.67496732, 96.08287853,  99.9
 64, 112, 28.66963399, 96.07925763,  99.9
 65, 112, 28.66422799, 96.07558783,  99.9
 66, 112, 28.65874832, 96.07186847,  99.9
 67, 112, 28.65319399, 96.06809891,   4.3
 68, 112, 28.64756398, 96.06427845,   4.4
 69, 112, 28.64185724, 96.06040643,   4.4
 70, 112, 28.63607275, 96.05648214,   4.4
 71, 112, 28.63020942, 96.05250489,   4.4
 72, 112, 28.62426620, 96.04847398,   4.4
 73, 112, 28.61824198, 96.04438868,   4.4
 74, 112, 28.61213567, 96.04024826,   4.4
 75, 112, 28.60594614, 96.03605199,   4.4
 76, 112, 28.59967226, 96.03179912,   4.3
 77, 112, 28.59331287, 96.02748890,   4.3
 78, 112, 28.58686681, 96.02312056,   4.3
 79, 112, 28.58033289, 96.01869331,   4.1
 80, 112, 28.57370992, 96.01420638,   4.1
 81, 112, 28.56699668, 96.00965897,   4.0
 82, 112, 28.56019193, 96.00505027,   4.0
 83, 112, 28.55329443, 96.00037947,   3.9
 84, 112, 28.54630292, 95.99564572,   3.9
 85, 112, 28.53921610, 95.99084820,   3.8
 86, 112, 28.53203268, 95.98598605,   3.8
 87, 112, 28.52475133, 95.98105841,   3.7
 88, 112, 28.51737073, 95.97606441,   3.7
 89, 112, 28.50988951, 95.97100316,   3.7
 90, 112, 28.50230630, 95.96587377,   3.6
 91, 112, 28.49461971, 95.96067533,   3.6
 92, 112, 28.48682832, 95.95540692,   3.6
 93, 112, 28.47893071, 95.95006761,   3.5
 94, 112, 28.47092541, 95.94465646,   3.5
 95, 112, 28.46281098, 95.93917250,   3.5
 96, 112, 28.45458590, 95.93361478,   3.4
 97, 112, 28.44624867, 95.92798230,   3.4
 98, 112, 28.43779776, 95.92227409,   3.4
 99, 112, 28.42923161, 95.91648912,   3.4
100, 112, 28.42054865, 95.91062638,   3.3
101, 112, 28.41174728, 95.90468484,   3.3
102, 112, 28.40282589, 95.89866346,   3.3
103, 112, 28.39378283, 95.89256116,   3.3
104, 112, 28.38461645, 95.88637689,   3.2
105, 112, 28.37532505, 95.88010955,   3.2
106, 112, 28.36590693, 95.87375803,   3.2
107, 112, 28.35636035, 95.86732123,   3.2
108, 112, 28.34668356, 95.86079802,   3.2
109, 112, 28.33687479, 95.85418725,   3.1
110, 112, 28.32693222, 95.84748776,   3.1
111, 112, 28.31685402, 95.84069838,   3.1
112, 112, 28.30663835, 95.83381792,   3.1
113, 112, 28.29628331, 95.82684517,   3.1
114, 112, 28.28578702, 95.81977891,   3.0
115, 112, 28.27514753, 95.81261792,   3.0
116, 112, 28.26436288, 95.80536093,   3.0
117, 112, 28.25343110, 95.79800668,   3.0
118, 112, 28.24235016, 95.79055389,   2.9
119, 112, 28.23111803, 95.78300125,   2.9
120, 112, 28.21973264, 95.77534746,   2.9
121, 112, 28.20819190, 95.76759117,   2.9
122, 112, 28.19649367, 95.75973104,   2.9
123, 112, 28.18463581, 95.75176570,   2.8
124, 112, 28.17261613, 95.74369376,   2.8
125, 112, 28.16043241, 95.73551382,   2.8
126, 112, 28.14808241, 95.72722446,   2.8
127, 112, 28.13556386, 95.71882425,   2.8
128, 112, 28.12287445, 95.71031172,   2.8
129, 112, 28.11001183, 95.70168540,   2.7
130, 112, 28.09697365, 95.69294380,   2.7
131, 112, 28.08375749, 95.68408540,   2.7
132, 112, 28.07036092, 95.67510868,   2.7
133, 112, 28.05678147, 95.66601207,   2.7
134, 112, 28.04301663, 95.65679402,   2.7
135, 112, 28.02906388, 95.64745293,   2.7
136, 112, 28.01492062, 95.63798719,   2.7
137, 112, 28.00058427, 95.62839517,   2.7
138, 112, 27.98605216, 95.61867521,   2.6
139, 112, 27.97132163, 95.60882565,   2.6
140, 112, 27.95638994, 95.59884480,   2.6
141, 112, 27.94125436, 95.58873093,   2.6
142, 112, 27.92591207, 95.57848232,   2.6
143, 112, 27.91036026, 95.56809721,   2.6
144, 112, 27.89459605, 95.55757382,   2.6
145, 112, 27.87861654, 95.54691034,   2.6
146, 112, 27.86241876, 95.53610496,   2.6
147, 112, 27.84599973, 95.52515582,   2.6
148, 112, 27.82935643, 95.51406107,   2.6
149, 112, 27.81248576, 95.50281880,   2.6
150, 112, 27.79538462, 95.49142710,   2.6
151, 112, 27.77804986, 95.47988404,   2.6
152, 112, 27.76047825, 95.46818764,   2.6
153, 112, 27.74266657, 95.45633593,   2.6
154, 112, 27.72461151, 95.44432689,   2.6
155, 112, 27.70630975, 95.43215848,   2.6
156, 112, 27.68775789, 95.41982864,   2.6
157, 112, 27.66895251, 95.40733529,   2.6
158, 112, 27.64989013, 95.39467632,   2.6
159, 112, 27.63056722, 95.38184957,   2.6
160, 112, 27.61098022, 95.36885290,   2.6
161, 112, 27.59112549, 95.35568412,   2.6
162, 112, 27.57099937, 95.34234099,   2.6
163, 112, 27.55059814, 95.32882128,   2.6
164, 112, 27.52991801, 95.31512273,   2.6
165, 112, 27.50895516, 95.30124302,   2.6
166, 112, 27.48770572, 95.28717983,   2.6
167, 112, 27.46616574, 95.27293081,   2.6
168, 112, 27.44433124, 95.25849358,   2.6
169, 112, 27.42219818, 95.24386572,   2.6
170, 112, 27.39976246, 95.22904479,   2.6
171, 112, 27.37701993, 95.21402833,   2.6
172, 112, 27.35396636, 95.19881383,   2.6
173, 112, 27.33059750, 95.18339876,   2.6
174, 112, 27.30690901, 95.16778057,   2.6
175, 112, 27.28289650, 95.15195666,   2.6
176, 112, 27.25855552, 95.13592441,   2.6
177, 112, 27.23388157, 95.11968118,   2.6
178, 112, 27.20887006, 95.10322427,   2.6
179, 112, 27.18351637, 95.08655098,   2.6
180, 112, 27.15781578, 95.06965855,   2.6
181, 112, 27.13176354, 95.05254421,   2.6
182, 112, 27.10535482, 95.03520515,   2.6
183, 112, 27.07858470, 95.01763851,   2.7
184, 112, 27.05144824, 94.99984143,   2.7
185, 112, 27.02394039, 94.98181098,   2.7
186, 112, 26.99605605, 94.96354423,   2.7
187, 112, 26.96779005, 94.94503819,   2.7
188, 112, 26.93913713, 94.92628985,   2.7
189, 112, 26.91009199, 94.90729616,   2.6
190, 112, 26.88064922, 94.88805403,   2.6
191, 112, 26.85080337, 94.86856035,   2.6
  1, 113, 28.89866828, 96.23160352,  99.9
  2, 113, 28.89638171, 96.22999520,  99.9
  3, 113, 28.89406402, 96.22836507,  99.9
  4, 113, 28.89171477, 96.22671283,  99.9
  5, 113, 28.88933353, 96.22503818,  99.9
  6, 113, 28.88691987, 96.22334083,  99.9
  7, 113, 28.88447335, 96.22162046,  99.9
  8, 113, 28.88199352, 96.21987677,  99.9
  9, 113, 28.87947992, 96.21810943,  99.9
 10, 113, 28.87693210, 96.21631814,  99.9
 11, 113, 28.87434959, 96.21450256,  99.9
 12, 113, 28.87173191, 96.21266236,  99.9
 13, 113, 28.86907859, 96.21079722,  99.9
 14, 113, 28.86638913, 96.20890680,  99.9
 15, 113, 28.86366306, 96.20699076,  99.9
 16, 113, 28.86089987, 96.20504874,  99.9
 17, 113, 28.85809905, 96.20308041,  99.9
 18, 113, 28.85526009, 96.20108540,  99.9
 19, 113, 28.85238247, 96.19906336,  99.9
 20, 113, 28.84946567, 96.19701391,  99.9
 21, 113, 28.84650915, 96.19493670,  99.9
 22, 113, 28.84351236, 96.19283134,  99.9
 23, 113, 28.84047477, 96.19069746,  99.9
 24, 113, 28.83739581, 96.18853467,  99.9
 25, 113, 28.83427492, 96.18634258,  99.9
 26, 113, 28.83111153, 96.18412079,  99.9
 27, 113, 28.82790506, 96.18186891,  99.9
 28, 113, 28.82465492, 96.17958653,  99.9
 29, 113, 28.82136051, 96.17727324,  99.9
 30, 113, 28.81802124, 96.17492862,  99.9
 31, 113, 28.81463650, 96.17255225,  99.9
 32, 113, 28.81120565, 96.17014370,  99.9
 33, 113, 28.80772808, 96.16770254,  99.9
 34, 113, 28.80420314, 96.16522833,  99.9
 35, 113, 28.80063020, 96.16272062,  99.9
 36, 113, 28.79700859, 96.16017896,  99.9
 37, 113, 28.79333765, 96.15760290,  99.9
 38, 113, 28.78961672, 96.15499197,  99.9
 39, 113, 28.78584510, 96.15234570,   4.5
 40, 113, 28.78202211, 96.14966362,  99.9
 41, 113, 28.77814705, 96.14694524,  99.9
 42, 113, 28.77421920, 96.14419008,  99.9
 43, 113, 28.77023786, 96.14139764,  99.9
 44, 113, 28.76620228, 96.13856742,  99.9
 45, 113, 28.76211172, 96.13569891,  99.9
 46, 113, 28.75796545, 96.13279160,  99.9
 47, 113, 28.75376269, 96.12984496,  99.9
 48, 113, 28.74950269, 96.12685846,  99.9
 49, 113, 28.74518465, 96.12383158,  99.9
 50, 113, 28.74080778, 96.12076376,  99.9
 51, 113, 28.73637129, 96.11765446,  99.9
 52, 113, 28.73187436, 96.11450312,  99.9
 53, 113, 28.72731617, 96.11130917,  99.9
 54, 113, 28.72269587, 96.10807204,  99.9
 55, 113, 28.71801263, 96.10479116,  99.9
 56, 113, 28.71326559, 96.10146593,  99.9
 57, 113, 28.70845386, 96.09809576,  99.9
 58, 113, 28.70357658, 96.09468004,  99.9
 59, 113, 28.69863285, 96.09121818,  99.9
 60, 113, 28.69362176, 96.08770953,  99.9
 61, 113, 28.68854238, 96.08415349,  99.9
 62, 113, 28.68339380, 96.08054940,  99.9
 63, 113, 28.67817507, 96.07689664,  99.9
 64, 113, 28.67288522, 96.07319454,  99.9
 65, 113, 28.66752329, 96.06944244,  99.9
 66, 113, 28.66208830, 96.06563968,   4.1
 67, 113, 28.65657924, 96.06178557,   4.3
 68, 113, 28.65099511, 96.05787943,   4.3
 69, 113, 28.64533488, 96.05392056,   4.4
 70, 113, 28.63959752, 96.04990825,   4.4
 71, 113, 28.63378196, 96.04584179,   4.4
 72, 113, 28.62788715, 96.04172046,   4.4
 73, 113, 28.62191200, 96.03754351,   4.4
 74, 113, 28.61585542, 96.03331021,   4.4
 75, 113, 28.60971629, 96.02901980,   4.4
 76, 113, 28.60349348, 96.02467152,   4.3
 77, 113, 28.59718586, 96.02026459,   4.3
 78, 113, 28.59079227, 96.01579823,   4.3
 79, 113, 28.58431153, 96.01127165,   4.1
 80, 113, 28.57774245, 96.00668404,   4.1
 81, 113, 28.57108382, 96.00203458,   4.0
 82, 113, 28.56433443, 95.99732246,   4.0
 83, 113, 28.55749304, 95.99254683,   3.9
 84, 113, 28.55055838, 95.98770684,   3.9
 85, 113, 28.54352918, 95.98280164,   3.8
 86, 113, 28.53640416, 95.97783036,   3.8
 87, 113, 28.52918200, 95.97279211,   3.7
 88, 113, 28.52186138, 95.96768601,   3.7
 89, 113, 28.51444096, 95.96251114,   3.7
 90, 113, 28.50691936, 95.95726660,   3.6
 91, 113, 28.49929520, 95.95195145,   3.6
 92, 113, 28.49156710, 95.94656475,   3.6
 93, 113, 28.48373362, 95.94110556,   3.5
 94, 113, 28.47579332, 95.93557289,   3.5
 95, 113, 28.46774475, 95.92996579,   3.5
 96, 113, 28.45958643, 95.92428326,   3.4
 97, 113, 28.45131686, 95.91852429,   3.4
 98, 113, 28.44293451, 95.91268787,   3.4
 99, 113, 28.43443785, 95.90677297,   3.4
100, 113, 28.42582532, 95.90077854,   3.3
101, 113, 28.41709532, 95.89470354,   3.3
102, 113, 28.40824626, 95.88854688,   3.3
103, 113, 28.39927650, 95.88230749,   3.3
104, 113, 28.39018440, 95.87598427,   3.3
105, 113, 28.38096829, 95.86957611,   3.2
106, 113, 28.37162646, 95.86308188,   3.2
107, 113, 28.36215721, 95.85650044,   3.2
108, 113, 28.35255878, 95.84983063,   3.2
109, 113, 28.34282942, 95.84307129,   3.1
110, 113, 28.33296732, 95.83622122,   3.1
111, 113, 28.32297069, 95.82927923,   3.1
112, 113, 28.31283766, 95.82224410,   3.1
113, 113, 28.30256639, 95.81511460,   3.1
114, 113, 28.29215498, 95.80788949,   3.0
115, 113, 28.28160152, 95.80056749,   3.0
116, 113, 28.27090405, 95.79314733,   3.0
117, 113, 28.26006061, 95.78562771,   3.0
118, 113, 28.24906921, 95.77800732,   2.9
119, 113, 28.23792781, 95.77028483,   2.9
120, 113, 28.22663437, 95.76245889,   2.9
121, 113, 28.21518680, 95.75452814,   2.9
122, 113, 28.20358300, 95.74649119,   2.9
123, 113, 28.19182083, 95.73834666,   2.8
124, 113, 28.17989812, 95.73009311,   2.8
125, 113, 28.16781268, 95.72172913,   2.8
126, 113, 28.15556226, 95.71325325,   2.8
127, 113, 28.14314463, 95.70466400,   2.8
128, 113, 28.13055749, 95.69595989,   2.8
129, 113, 28.11779851, 95.68713942,   2.8
130, 113, 28.10486535, 95.67820105,   2.7
131, 113, 28.09175561, 95.66914325,   2.7
132, 113, 28.07846689, 95.65996443,   2.7
133, 113, 28.06499673, 95.65066302,   2.7
134, 113, 28.05134265, 95.64123741,   2.7
135, 113, 28.03750212, 95.63168597,   2.7
136, 113, 28.02347259, 95.62200705,   2.7
137, 113, 28.00925148, 95.61219899,   2.7
138, 113, 27.99483616, 95.60226009,   2.7
139, 113, 27.98022397, 95.59218866,   2.6
140, 113, 27.96541220, 95.58198294,   2.6
141, 113, 27.95039813, 95.57164120,   2.6
142, 113, 27.93517899, 95.56116166,   2.6
143, 113, 27.91975196, 95.55054251,   2.6
144, 113, 27.90411419, 95.53978195,   2.6
145, 113, 27.88826280, 95.52887812,   2.6
146, 113, 27.87219486, 95.51782916,   2.6
147, 113, 27.85590739, 95.50663318,   2.6
148, 113, 27.83939739, 95.49528828,   2.6
149, 113, 27.82266181, 95.48379251,   2.6
150, 113, 27.80569756, 95.47214392,   2.6
151, 113, 27.78850149, 95.46034051,   2.6
152, 113, 27.77107044, 95.44838029,   2.6
153, 113, 27.75340117, 95.43626122,   2.6
154, 113, 27.73549041, 95.42398124,   2.6
155, 113, 27.71733487, 95.41153827,   2.6
156, 113, 27.69893117, 95.39893020,   2.6
157, 113, 27.68027592, 95.38615489,   2.6
158, 113, 27.66136566, 95.37321018,   2.6
159, 113, 27.64219689, 95.36009389,   2.6
160, 113, 27.62276607, 95.34680380,   2.6
161, 113, 27.60306959, 95.33333767,   2.6
162, 113, 27.58310382, 95.31969323,   2.6
163, 113, 27.56286506, 95.30586819,   2.6
164, 113, 27.54234955, 95.29186022,   2.6
165, 113, 27.52155351, 95.27766696,   2.6
166, 113, 27.50047307, 95.26328604,   2.6
167, 113, 27.47910433, 95.24871506,   2.6
168, 113, 27.45744334, 95.23395156,   2.6
169, 113, 27.43548608, 95.21899308,   2.6
170, 113, 27.41322848, 95.20383713,   2.6
171, 113, 27.39066641, 95.18848118,   2.6
172, 113, 27.36779570, 95.17292267,   2.6
173, 113, 27.34461210, 95.15715901,   2.6
174, 113, 27.32111132, 95.14118758,   2.6
175, 113, 27.29728900, 95.12500573,   2.6
176, 113, 27.27314071, 95.10861078,   2.6
177, 113, 27.24866198, 95.09200002,   2.6
178, 113, 27.22384827, 95.07517070,   2.6
179, 113, 27.19869498, 95.05812004,   2.6
180, 113, 27.17319743, 95.04084524,   2.6
181, 113, 27.14735089, 95.02334343,   2.6
182, 113, 27.12115057, 95.00561176,   2.6
183, 113, 27.09459161, 94.98764730,   2.7
184, 113, 27.06766906, 94.96944712,   2.7
185, 113, 27.04037794, 94.95100822,   2.7
186, 113, 27.01271317, 94.93232760,   2.7
187, 113, 26.98466961, 94.91340221,   2.7
188, 113, 26.95624206, 94.89422896,   2.7
189, 113, 26.92742523, 94.87480473,   2.6
190, 113, 26.89821376, 94.85512635,   2.6
191, 113, 26.86860224, 94.83519065,   2.6
  1, 114, 28.90008947, 96.22903372,  99.9
  2, 114, 28.89782222, 96.22739047,  99.9
  3, 114, 28.89552409, 96.22572493,  99.9
  4, 114, 28.89319467, 96.22403681,  99.9
  5, 114, 28.89083354, 96.22232579,  99.9
  6, 114, 28.88844026, 96.22059157,  99.9
  7, 114, 28.88601439, 96.21883383,  99.9
  8, 114, 28.88355549, 96.21705226,  99.9
  9, 114, 28.88106311, 96.21524654,  99.9
 10, 114, 28.87853679, 96.21341633,  99.9
 11, 114, 28.87597607, 96.21156131,  99.9
 12, 114, 28.87338048, 96.20968114,  99.9
 13, 114, 28.87074955, 96.20777549,  99.9
 14, 114, 28.86808279, 96.20584400,  99.9
 15, 114, 28.86537972, 96.20388633,  99.9
 16, 114, 28.86263984, 96.20190213,  99.9
 17, 114, 28.85986265, 96.19989103,  99.9
 18, 114, 28.85704764, 96.19785268,  99.9
 19, 114, 28.85419430, 96.19578671,  99.9
 20, 114, 28.85130210, 96.19369273,  99.9
 21, 114, 28.84837051, 96.19157039,  99.9
 22, 114, 28.84539900, 96.18941929,  99.9
 23, 114, 28.84238703, 96.18723904,  99.9
 24, 114, 28.83933403, 96.18502925,  99.9
 25, 114, 28.83623946, 96.18278953,  99.9
 26, 114, 28.83310274, 96.18051947,  99.9
 27, 114, 28.82992330, 96.17821866,  99.9
 28, 114, 28.82670056, 96.17588668,  99.9
 29, 114, 28.82343393, 96.17352312,  99.9
 30, 114, 28.82012280, 96.17112755,  99.9
 31, 114, 28.81676659, 96.16869954,  99.9
 32, 114, 28.81336465, 96.16623864,  99.9
 33, 114, 28.80991639, 96.16374443,  99.9
 34, 114, 28.80642116, 96.16121644,  99.9
 35, 114, 28.80287832, 96.15865423,  99.9
 36, 114, 28.79928722, 96.15605733,  99.9
 37, 114, 28.79564721, 96.15342528,  99.9
 38, 114, 28.79195762, 96.15075760,  99.9
 39, 114, 28.78821777, 96.14805381,   4.5
 40, 114, 28.78442698, 96.14531343,  99.9
 41, 114, 28.78058455, 96.14253596,  99.9
 42, 114, 28.77668979, 96.13972090,  99.9
 43, 114, 28.77274196, 96.13686776,  99.9
 44, 114, 28.76874036, 96.13397601,  99.9
 45, 114, 28.76468424, 96.13104514,  99.9
 46, 114, 28.76057287, 96.12807462,  99.9
 47, 114, 28.75640549, 96.12506391,  99.9
 48, 114, 28.75218134, 96.12201248,  99.9
 49, 114, 28.74789964, 96.11891979,  99.9
 50, 114, 28.74355961, 96.11578526,  99.9
 51, 114, 28.73916045, 96.11260835,  99.9
 52, 114, 28.73470135, 96.10938848,  99.9
 53, 114, 28.73018150, 96.10612508,  99.9
 54, 114, 28.72560007, 96.10281756,  99.9
 55, 114, 28.72095622, 96.09946533,  99.9
 56, 114, 28.71624909, 96.09606778,  99.9
 57, 114, 28.71147783, 96.09262431,  99.9
 58, 114, 28.70664156, 96.08913431,  99.9
 59, 114, 28.70173939, 96.08559714,  99.9
 60, 114, 28.69677042, 96.08201218,  99.9
 61, 114, 28.69173375, 96.07837879,  99.9
 62, 114, 28.68662844, 96.07469630,  99.9
 63, 114, 28.68145356, 96.07096408,  99.9
 64, 114, 28.67620816, 96.06718144,  99.9
 65, 114, 28.67089128, 96.06334772,  99.9
 66, 114, 28.66550194, 96.05946222,   4.3
 67, 114, 28.66003915, 96.05552426,   4.3
 68, 114, 28.65450192, 96.05153313,   4.3
 69, 114, 28.64888923, 96.04748812,   4.4
 70, 114, 28.64320003, 96.04338851,   4.4
 71, 114, 28.63743330, 96.03923356,   4.4
 72, 114, 28.63158797, 96.03502254,   4.4
 73, 114, 28.62566298, 96.03075470,   4.4
 74, 114, 28.61965722, 96.02642927,   4.4
 75, 114, 28.61356960, 96.02204548,   4.4
 76, 114, 28.60739900, 96.01760256,   4.3
 77, 114, 28.60114430, 96.01309971,   4.3
 78, 114, 28.59480433, 96.00853613,   4.3
 79, 114, 28.58837793, 96.00391101,   4.3
 80, 114, 28.58186394, 95.99922354,   4.1
 81, 114, 28.57526114, 95.99447286,   4.0
 82, 114, 28.56856833, 95.98965815,   4.0
 83, 114, 28.56178427, 95.98477854,   3.9
 84, 114, 28.55490773, 95.97983317,   3.9
 85, 114, 28.54793743, 95.97482117,   3.8
 86, 114, 28.54087210, 95.96974163,   3.8
 87, 114, 28.53371044, 95.96459367,   3.7
 88, 114, 28.52645113, 95.95937637,   3.7
 89, 114, 28.51909283, 95.95408880,   3.7
 90, 114, 28.51163421, 95.94873003,   3.6
 91, 114, 28.50407388, 95.94329911,   3.6
 92, 114, 28.49641045, 95.93779508,   3.6
 93, 114, 28.48864252, 95.93221696,   3.5
 94, 114, 28.48076866, 95.92656377,   3.5
 95, 114, 28.47278742, 95.92083451,   3.5
 96, 114, 28.46469733, 95.91502817,   3.4
 97, 114, 28.45649691, 95.90914372,   3.4
 98, 114, 28.44818465, 95.90318013,   3.4
 99, 114, 28.43975901, 95.89713633,   3.4
100, 114, 28.43121845, 95.89101128,   3.3
101, 114, 28.42256140, 95.88480387,   3.3
102, 114, 28.41378627, 95.87851303,   3.3
103, 114, 28.40489144, 95.87213765,   3.3
104, 114, 28.39587527, 95.86567660,   3.3
105, 114, 28.38673611, 95.85912874,   3.2
106, 114, 28.37747227, 95.85249293,   3.2
107, 114, 28.36808204, 95.84576800,   3.2
108, 114, 28.35856371, 95.83895277,   3.2
109, 114, 28.34891551, 95.83204604,   3.1
110, 114, 28.33913568, 95.82504660,   3.1
111, 114, 28.32922240, 95.81795322,   3.1
112, 114, 28.31917387, 95.81076466,   3.1
113, 114, 28.30898821, 95.80347966,   3.1
114, 114, 28.29866357, 95.79609694,   3.0
115, 114, 28.28819803, 95.78861522,   3.0
116, 114, 28.27758967, 95.78103318,   3.0
117, 114, 28.26683653, 95.77334950,   3.0
118, 114, 28.25593664, 95.76556284,   2.9
119, 114, 28.24488799, 95.75767184,   2.9
120, 114, 28.23368853, 95.74967512,   2.9
121, 114, 28.22233620, 95.74157129,   2.9
122, 114, 28.21082892, 95.73335893,   2.9
123, 114, 28.19916457, 95.72503662,   2.8
124, 114, 28.18734098, 95.71660291,   2.8
125, 114, 28.17535598, 95.70805633,   2.8
126, 114, 28.16320736, 95.69939540,   2.8
127, 114, 28.15089288, 95.69061860,   2.8
128, 114, 28.13841027, 95.68172443,   2.8
129, 114, 28.12575723, 95.67271133,   2.8
130, 114, 28.11293141, 95.66357775,   2.7
131, 114, 28.09993047, 95.65432210,   2.7
132, 114, 28.08675198, 95.64494278,   2.7
133, 114, 28.07339354, 95.63543816,   2.7
134, 114, 28.05985266, 95.62580662,   2.7
135, 114, 28.04612685, 95.61604648,   2.7
136, 114, 28.03221357, 95.60615605,   2.7
137, 114, 28.01811026, 95.59613364,   2.7
138, 114, 28.00381431, 95.58597752,   2.7
139, 114, 27.98932308, 95.57568593,   2.6
140, 114, 27.97463390, 95.56525712,   2.6
141, 114, 27.95974404, 95.55468927,   2.6
142, 114, 27.94465077, 95.54398059,   2.6
143, 114, 27.92935129, 95.53312924,   2.6
144, 114, 27.91384277, 95.52213334,   2.6
145, 114, 27.89812235, 95.51099102,   2.6
146, 114, 27.88218712, 95.49970038,   2.6
147, 114, 27.86603413, 95.48825947,   2.6
148, 114, 27.84966040, 95.47666635,   2.6
149, 114, 27.83306291, 95.46491904,   2.6
150, 114, 27.81623858, 95.45301553,   2.6
151, 114, 27.79918429, 95.44095380,   2.6
152, 114, 27.78189690, 95.42873179,   2.6
153, 114, 27.76437321, 95.41634742,   2.6
154, 114, 27.74660996, 95.40379858,   2.6
155, 114, 27.72860389, 95.39108316,   2.6
156, 114, 27.71035164, 95.37819898,   2.6
157, 114, 27.69184986, 95.36514388,   2.6
158, 114, 27.67309509, 95.35191563,   2.6
159, 114, 27.65408389, 95.33851201,   2.6
160, 114, 27.63481272, 95.32493074,   2.6
161, 114, 27.61527801, 95.31116953,   2.6
162, 114, 27.59547615, 95.29722608,   2.6
163, 114, 27.57540347, 95.28309802,   2.6
164, 114, 27.55505625, 95.26878298,   2.6
165, 114, 27.53443071, 95.25427856,   2.6
166, 114, 27.51352304, 95.23958232,   2.6
167, 114, 27.49232935, 95.22469180,   2.6
168, 114, 27.47084572, 95.20960451,   2.6
169, 114, 27.44906817, 95.19431792,   2.6
170, 114, 27.42699265, 95.17882947,   2.6
171, 114, 27.40461508, 95.16313659,   2.6
172, 114, 27.38193129, 95.14723665,   2.6
173, 114, 27.35893708, 95.13112701,   2.6
174, 114, 27.33562819, 95.11480500,   2.6
175, 114, 27.31200028, 95.09826790,   2.6
176, 114, 27.28804897, 95.08151296,   2.6
177, 114, 27.26376982, 95.06453742,   2.6
178, 114, 27.23915831, 95.04733846,   2.6
179, 114, 27.21420988, 95.02991325,   2.6
180, 114, 27.18891989, 95.01225891,   2.6
181, 114, 27.16328364, 94.99437252,   2.6
182, 114, 27.13729638, 94.97625115,   2.6
183, 114, 27.11095326, 94.95789182,   2.7
184, 114, 27.08424940, 94.93929151,   2.7
185, 114, 27.05717983, 94.92044718,   2.7
186, 114, 27.02973953, 94.90135575,   2.7
187, 114, 27.00192338, 94.88201409,   2.7
188, 114, 26.97372621, 94.86241904,   2.6
189, 114, 26.94514279, 94.84256743,   2.6
190, 114, 26.91616779, 94.82245600,   2.6
191, 114, 26.88679582, 94.80208151,   2.6
  1, 115, 28.90154105, 96.22648590,  99.9
  2, 115, 28.89929352, 96.22480802,  99.9
  3, 115, 28.89701538, 96.22310738,  99.9
  4, 115, 28.89470622, 96.22138367,  99.9
  5, 115, 28.89236562, 96.21963659,  99.9
  6, 115, 28.88999315, 96.21786582,  99.9
  7, 115, 28.88758837, 96.21607103,  99.9
  8, 115, 28.88515085, 96.21425191,  99.9
  9, 115, 28.88268014, 96.21240812,  99.9
 10, 115, 28.88017579, 96.21053934,  99.9
 11, 115, 28.87763733, 96.20864521,  99.9
 12, 115, 28.87506431, 96.20672541,  99.9
 13, 115, 28.87245624, 96.20477958,  99.9
 14, 115, 28.86981266, 96.20280738,  99.9
 15, 115, 28.86713309, 96.20080844,  99.9
 16, 115, 28.86441702, 96.19878240,  99.9
 17, 115, 28.86166396, 96.19672891,  99.9
 18, 115, 28.85887342, 96.19464758,  99.9
 19, 115, 28.85604487, 96.19253805,  99.9
 20, 115, 28.85317780, 96.19039993,  99.9
 21, 115, 28.85027168, 96.18823284,  99.9
 22, 115, 28.84732599, 96.18603638,  99.9
 23, 115, 28.84434017, 96.18381016,  99.9
 24, 115, 28.84131370, 96.18155378,  99.9
 25, 115, 28.83824600, 96.17926683,  99.9
 26, 115, 28.83513653, 96.17694890,  99.9
 27, 115, 28.83198470, 96.17459957,  99.9
 28, 115, 28.82878995, 96.17221841,  99.9
 29, 115, 28.82555168, 96.16980501,  99.9
 30, 115, 28.82226931, 96.16735892,  99.9
 31, 115, 28.81894223, 96.16487970,  99.9
 32, 115, 28.81556983, 96.16236690,  99.9
 33, 115, 28.81215150, 96.15982009,  99.9
 34, 115, 28.80868661, 96.15723878,  99.9
 35, 115, 28.80517452, 96.15462253,  99.9
 36, 115, 28.80161459, 96.15197085,   4.5
 37, 115, 28.79800617, 96.14928328,   4.5
 38, 115, 28.79434859, 96.14655933,   4.5
 39, 115, 28.79064119, 96.14379851,   4.5
 40, 115, 28.78688329, 96.14100032,  99.9
 41, 115, 28.78307420, 96.13816426,  99.9
 42, 115, 28.77921321, 96.13528982,  99.9
 43, 115, 28.77529963, 96.13237648,  99.9
 44, 115, 28.77133273, 96.12942372,  99.9
 45, 115, 28.76731179, 96.12643101,  99.9
 46, 115, 28.76323607, 96.12339782,  99.9
 47, 115, 28.75910483, 96.12032359,  99.9
 48, 115, 28.75491730, 96.11720778,  99.9
 49, 115, 28.75067271, 96.11404982,  99.9
 50, 115, 28.74637030, 96.11084915,  99.9
 51, 115, 28.74200927, 96.10760520,  99.9
 52, 115, 28.73758882, 96.10431738,  99.9
 53, 115, 28.73310813, 96.10098511,  99.9
 54, 115, 28.72856640, 96.09760779,  99.9
 55, 115, 28.72396278, 96.09418480,  99.9
 56, 115, 28.71929643, 96.09071555,  99.9
 57, 115, 28.71456650, 96.08719940,  99.9
 58, 115, 28.70977212, 96.08363573,  99.9
 59, 115, 28.70491240, 96.08002390,  99.9
 60, 115, 28.69998646, 96.07636327,  99.9
 61, 115, 28.69499339, 96.07265317,  99.9
 62, 115, 28.68993228, 96.06889295,  99.9
 63, 115, 28.68480219, 96.06508193,  99.9
 64, 115, 28.67960219, 96.06121943,   4.0
 65, 115, 28.67433133, 96.05730477,   4.3
 66, 115, 28.66898862, 96.05333723,   4.3
 67, 115, 28.66357310, 96.04931612,   4.3
 68, 115, 28.65808378, 96.04524072,   4.3
 69, 115, 28.65251963, 96.04111029,   4.4
 70, 115, 28.64687964, 96.03692410,   4.4
 71, 115, 28.64116278, 96.03268141,   4.4
 72, 115, 28.63536800, 96.02838145,   4.4
 73, 115, 28.62949422, 96.02402347,   4.4
 74, 115, 28.62354038, 96.01960668,   4.4
 75, 115, 28.61750538, 96.01513030,   4.4
 76, 115, 28.61138811, 96.01059352,   4.3
 77, 115, 28.60518745, 96.00599555,   4.3
 78, 115, 28.59890226, 96.00133557,   4.2
 79, 115, 28.59253138, 95.99661274,   4.1
 80, 115, 28.58607365, 95.99182623,   4.1
 81, 115, 28.57952787, 95.98697518,   4.0
 82, 115, 28.57289285, 95.98205873,   4.0
 83, 115, 28.56616736, 95.97707601,   3.9
 84, 115, 28.55935018, 95.97202614,   3.9
 85, 115, 28.55244004, 95.96690821,   3.8
 86, 115, 28.54543568, 95.96172133,   3.8
 87, 115, 28.53833581, 95.95646456,   3.8
 88, 115, 28.53113913, 95.95113699,   3.7
 89, 115, 28.52384430, 95.94573765,   3.7
 90, 115, 28.51645000, 95.94026560,   3.6
 91, 115, 28.50895486, 95.93471988,   3.6
 92, 115, 28.50135750, 95.92909948,   3.6
 93, 115, 28.49365653, 95.92340343,   3.5
 94, 115, 28.48585053, 95.91763072,   3.5
 95, 115, 28.47793806, 95.91178031,   3.5
 96, 115, 28.46991767, 95.90585119,   3.4
 97, 115, 28.46178788, 95.89984230,   3.4
 98, 115, 28.45354721, 95.89375258,   3.4
 99, 115, 28.44519412, 95.88758096,   3.4
100, 115, 28.43672709, 95.88132635,   3.3
101, 115, 28.42814455, 95.87498765,   3.3
102, 115, 28.41944494, 95.86856373,   3.3
103, 115, 28.41062664, 95.86205347,   3.3
104, 115, 28.40168803, 95.85545573,   3.3
105, 115, 28.39262747, 95.84876933,   3.2
106, 115, 28.38344328, 95.84199311,   3.2
107, 115, 28.37413379, 95.83512587,   3.2
108, 115, 28.36469727, 95.82816641,   3.2
109, 115, 28.35513199, 95.82111350,   3.2
110, 115, 28.34543618, 95.81396591,   3.1
111, 115, 28.33560806, 95.80672238,   3.1
112, 115, 28.32564582, 95.79938165,   3.1
113, 115, 28.31554762, 95.79194242,   3.1
114, 115, 28.30531160, 95.78440340,   3.0
115, 115, 28.29493588, 95.77676326,   3.0
116, 115, 28.28441854, 95.76902068,   3.0
117, 115, 28.27375765, 95.76117428,   3.0
118, 115, 28.26295124, 95.75322271,   3.0
119, 115, 28.25199732, 95.74516458,   2.9
120, 115, 28.24089386, 95.73699847,   2.9
121, 115, 28.22963883, 95.72872297,   2.9
122, 115, 28.21823014, 95.72033663,   2.9
123, 115, 28.20666570, 95.71183799,   2.9
124, 115, 28.19494336, 95.70322558,   2.8
125, 115, 28.18306097, 95.69449788,   2.8
126, 115, 28.17101633, 95.68565340,   2.8
127, 115, 28.15880723, 95.67669059,   2.8
128, 115, 28.14643140, 95.66760789,   2.8
129, 115, 28.13388657, 95.65840372,   2.8
130, 115, 28.12117041, 95.64907651,   2.7
131, 115, 28.10828059, 95.63962461,   2.7
132, 115, 28.09521472, 95.63004641,   2.7
133, 115, 28.08197039, 95.62034024,   2.7
134, 115, 28.06854515, 95.61050442,   2.7
135, 115, 28.05493652, 95.60053726,   2.7
136, 115, 28.04114200, 95.59043704,   2.7
137, 115, 28.02715902, 95.58020200,   2.7
138, 115, 28.01298501, 95.56983040,   2.7
139, 115, 27.99861736, 95.55932044,   2.6
140, 115, 27.98405339, 95.54867031,   2.6
141, 115, 27.96929043, 95.53787818,   2.6
142, 115, 27.95432573, 95.52694220,   2.6
143, 115, 27.93915654, 95.51586049,   2.6
144, 115, 27.92378006, 95.50463115,   2.6
145, 115, 27.90819343, 95.49325225,   2.6
146, 115, 27.89239377, 95.48172185,   2.6
147, 115, 27.87637816, 95.47003797,   2.6
148, 115, 27.86014364, 95.45819862,   2.6
149, 115, 27.84368721, 95.44620177,   2.6
150, 115, 27.82700581, 95.43404537,   2.6
151, 115, 27.81009636, 95.42172736,   2.6
152, 115, 27.79295573, 95.40924564,   2.6
153, 115, 27.77558075, 95.39659807,   2.6
154, 115, 27.75796820, 95.38378251,   2.6
155, 115, 27.74011482, 95.37079679,   2.6
156, 115, 27.72201729, 95.35763870,   2.6
157, 115, 27.70367228, 95.34430601,   2.6
158, 115, 27.68507637, 95.33079645,   2.6
159, 115, 27.66622612, 95.31710776,   2.6
160, 115, 27.64711805, 95.30323760,   2.6
161, 115, 27.62774860, 95.28918365,   2.6
162, 115, 27.60811419, 95.27494352,   2.6
163, 115, 27.58821118, 95.26051482,   2.6
164, 115, 27.56803587, 95.24589513,   2.6
165, 115, 27.54758452, 95.23108198,   2.6
166, 115, 27.52685334, 95.21607288,   2.6
167, 115, 27.50583848, 95.20086532,   2.6
168, 115, 27.48453605, 95.18545675,   2.6
169, 115, 27.46294209, 95.16984460,   2.6
170, 115, 27.44105259, 95.15402624,   2.6
171, 115, 27.41886348, 95.13799904,   2.6
172, 115, 27.39637065, 95.12176033,   2.6
173, 115, 27.37356993, 95.10530739,   2.6
174, 115, 27.35045707, 95.08863751,   2.6
175, 115, 27.32702778, 95.07174789,   2.6
176, 115, 27.30327771, 95.05463574,   2.6
177, 115, 27.27920245, 95.03729823,   2.6
178, 115, 27.25479751, 95.01973248,   2.6
179, 115, 27.23005838, 95.00193558,   2.6
180, 115, 27.20498043, 94.98390461,   2.6
181, 115, 27.17955902, 94.96563658,   2.6
182, 115, 27.15378942, 94.94712850,   2.6
183, 115, 27.12766683, 94.92837730,   2.7
184, 115, 27.10118639, 94.90937992,   2.7
185, 115, 27.07434317, 94.89013324,   2.7
186, 115, 27.04713218, 94.87063411,   2.7
187, 115, 27.01954836, 94.85087934,   2.7
188, 115, 26.99158657, 94.83086569,   2.6
189, 115, 26.96324161, 94.81058992,   2.6
190, 115, 26.93450819, 94.79004872,   2.6
191, 115, 26.90538097, 94.76923874,   2.6
  1, 116, 28.90302275, 96.22396054,  99.9
  2, 116, 28.90079535, 96.22224833,  99.9
  3, 116, 28.89853761, 96.22051289,  99.9
  4, 116, 28.89624913, 96.21875392,  99.9
  5, 116, 28.89392949, 96.21697109,  99.9
  6, 116, 28.89157827, 96.21516408,  99.9
  7, 116, 28.88919502, 96.21333257,  99.9
  8, 116, 28.88677933, 96.21147623,  99.9
  9, 116, 28.88433073, 96.20959471,  99.9
 10, 116, 28.88184880, 96.20768768,  99.9
 11, 116, 28.87933306, 96.20575479,  99.9
 12, 116, 28.87678307, 96.20379570,  99.9
 13, 116, 28.87419835, 96.20181005,  99.9
 14, 116, 28.87157844, 96.19979749,  99.9
 15, 116, 28.86892284, 96.19775764,  99.9
 16, 116, 28.86623108, 96.19569014,  99.9
 17, 116, 28.86350266, 96.19359461,  99.9
 18, 116, 28.86073708, 96.19147069,  99.9
 19, 116, 28.85793384, 96.18931798,  99.9
 20, 116, 28.85509242, 96.18713610,  99.9
 21, 116, 28.85221231, 96.18492465,  99.9
 22, 116, 28.84929296, 96.18268323,  99.9
 23, 116, 28.84633386, 96.18041144,  99.9
 24, 116, 28.84333445, 96.17810887,  99.9
 25, 116, 28.84029420, 96.17577510,  99.9
 26, 116, 28.83721253, 96.17340972,  99.9
 27, 116, 28.83408889, 96.17101230,  99.9
 28, 116, 28.83092270, 96.16858240,  99.9
 29, 116, 28.82771339, 96.16611958,  99.9
 30, 116, 28.82446037, 96.16362341,  99.9
 31, 116, 28.82116303, 96.16109343,  99.9
 32, 116, 28.81782078, 96.15852919,  99.9
 33, 116, 28.81443300, 96.15593023,  99.9
 34, 116, 28.81099908, 96.15329607,  99.9
 35, 116, 28.80751838, 96.15062624,  99.9
 36, 116, 28.80399026, 96.14792027,   4.5
 37, 116, 28.80041409, 96.14517767,  99.9
 38, 116, 28.79678919, 96.14239793,  99.9
 39, 116, 28.79311492, 96.13958057,  99.9
 40, 116, 28.78939059, 96.13672508,  99.9
 41, 116, 28.78561552, 96.13383093,  99.9
 42, 116, 28.78178902, 96.13089762,  99.9
 43, 116, 28.77791040, 96.12792462,  99.9
 44, 116, 28.77397893, 96.12491138,  99.9
 45, 116, 28.76999389, 96.12185737,  99.9
 46, 116, 28.76595457, 96.11876205,  99.9
 47, 116, 28.76186020, 96.11562485,  99.9
 48, 116, 28.75771006, 96.11244521,  99.9
 49, 116, 28.75350336, 96.10922256,  99.9
 50, 116, 28.74923935, 96.10595632,  99.9
 51, 116, 28.74491724, 96.10264591,  99.9
 52, 116, 28.74053623, 96.09929074,  99.9
 53, 116, 28.73609553, 96.09589019,  99.9
 54, 116, 28.73159432, 96.09244367,  99.9
 55, 116, 28.72703177, 96.08895055,  99.9
 56, 116, 28.72240705, 96.08541021,  99.9
 57, 116, 28.71771931, 96.08182201,  99.9
 58, 116, 28.71296768, 96.07818532,  99.9
 59, 116, 28.70815130, 96.07449947,  99.9
 60, 116, 28.70326928, 96.07076381,  99.9
 61, 116, 28.69832073, 96.06697768,  99.9
 62, 116, 28.69330473, 96.06314039,  99.9
 63, 116, 28.68822037, 96.05925126,  99.9
 64, 116, 28.68306672, 96.05530959,  99.9
 65, 116, 28.67784282, 96.05131468,  99.9
 66, 116, 28.67254772, 96.04726582,   4.3
 67, 116, 28.66718045, 96.04316227,   4.3
 68, 116, 28.66174002, 96.03900332,   4.4
 69, 116, 28.65622544, 96.03478821,   4.4
 70, 116, 28.65063568, 96.03051620,   4.5
 71, 116, 28.64496973, 96.02618651,   4.5
 72, 116, 28.63922654, 96.02179839,   4.4
 73, 116, 28.63340505, 96.01735104,   4.4
 74, 116, 28.62750421, 96.01284368,   4.4
 75, 116, 28.62152292, 96.00827550,   4.4
 76, 116, 28.61546009, 96.00364568,   4.3
 77, 116, 28.60931460, 95.99895341,   4.2
 78, 116, 28.60308532, 95.99419785,   4.1
 79, 116, 28.59677111, 95.98937815,   3.9
 80, 116, 28.59037082, 95.98449345,   3.9
 81, 116, 28.58388325, 95.97954289,   4.0
 82, 116, 28.57730722, 95.97452558,   4.0
 83, 116, 28.57064153, 95.96944064,   3.9
 84, 116, 28.56388494, 95.96428716,   3.9
 85, 116, 28.55703621, 95.95906422,   3.8
 86, 116, 28.55009409, 95.95377091,   3.8
 87, 116, 28.54305730, 95.94840627,   3.8
 88, 116, 28.53592454, 95.94296936,   3.7
 89, 116, 28.52869451, 95.93745922,   3.7
 90, 116, 28.52136587, 95.93187486,   3.6
 91, 116, 28.51393728, 95.92621531,   3.6
 92, 116, 28.50640736, 95.92047955,   3.6
 93, 116, 28.49877474, 95.91466657,   3.5
 94, 116, 28.49103801, 95.90877534,   3.5
 95, 116, 28.48319575, 95.90280483,   3.5
 96, 116, 28.47524651, 95.89675398,   3.5
 97, 116, 28.46718883, 95.89062171,   3.4
 98, 116, 28.45902123, 95.88440694,   3.4
 99, 116, 28.45074221, 95.87810858,   3.4
100, 116, 28.44235023, 95.87172552,   3.4
101, 116, 28.43384377, 95.86525663,   3.3
102, 116, 28.42522124, 95.85870077,   3.3
103, 116, 28.41648106, 95.85205678,   3.3
104, 116, 28.40762163, 95.84532350,   3.3
105, 116, 28.39864131, 95.83849974,   3.2
106, 116, 28.38953845, 95.83158429,   3.2
107, 116, 28.38031137, 95.82457595,   3.2
108, 116, 28.37095837, 95.81747349,   3.2
109, 116, 28.36147772, 95.81027564,   3.2
110, 116, 28.35186769, 95.80298116,   3.1
111, 116, 28.34212650, 95.79558875,   3.1
112, 116, 28.33225236, 95.78809713,   3.1
113, 116, 28.32224344, 95.78050498,   3.1
114, 116, 28.31209790, 95.77281097,   3.0
115, 116, 28.30181387, 95.76501376,   3.0
116, 116, 28.29138945, 95.75711197,   3.0
117, 116, 28.28082273, 95.74910423,   3.0
118, 116, 28.27011175, 95.74098914,   3.0
119, 116, 28.25925453, 95.73276528,   2.9
120, 116, 28.24824909, 95.72443121,   2.9
121, 116, 28.23709337, 95.71598548,   2.9
122, 116, 28.22578534, 95.70742662,   2.9
123, 116, 28.21432289, 95.69875313,   2.9
124, 116, 28.20270392, 95.68996351,   2.8
125, 116, 28.19092628, 95.68105623,   2.8
126, 116, 28.17898779, 95.67202973,   2.8
127, 116, 28.16688626, 95.66288245,   2.8
128, 116, 28.15461945, 95.65361280,   2.8
129, 116, 28.14218508, 95.64421917,   2.8
130, 116, 28.12958088, 95.63469993,   2.8
131, 116, 28.11680450, 95.62505343,   2.7
132, 116, 28.10385359, 95.61527801,   2.7
133, 116, 28.09072576, 95.60537195,   2.7
134, 116, 28.07741858, 95.59533357,   2.7
135, 116, 28.06392959, 95.58516111,   2.7
136, 116, 28.05025629, 95.57485283,   2.7
137, 116, 28.03639617, 95.56440693,   2.7
138, 116, 28.02234665, 95.55382164,   2.7
139, 116, 28.00810514, 95.54309510,   2.6
140, 116, 27.99366901, 95.53222549,   2.6
141, 116, 27.97903559, 95.52121093,   2.6
142, 116, 27.96420217, 95.51004953,   2.6
143, 116, 27.94916600, 95.49873937,   2.6
144, 116, 27.93392430, 95.48727851,   2.6
145, 116, 27.91847426, 95.47566498,   2.6
146, 116, 27.90281301, 95.46389680,   2.6
147, 116, 27.88693765, 95.45197194,   2.6
148, 116, 27.87084525, 95.43988838,   2.6
149, 116, 27.85453283, 95.42764403,   2.6
150, 116, 27.83799735, 95.41523683,   2.6
151, 116, 27.82123577, 95.40266463,   2.6
152, 116, 27.80424498, 95.38992532,   2.6
153, 116, 27.78702183, 95.37701671,   2.6
154, 116, 27.76956312, 95.36393661,   2.6
155, 116, 27.75186562, 95.35068279,   2.6
156, 116, 27.73392606, 95.33725301,   2.6
157, 116, 27.71574110, 95.32364499,   2.6
158, 116, 27.69730737, 95.30985641,   2.6
159, 116, 27.67862146, 95.29588496,   2.6
160, 116, 27.65967990, 95.28172826,   2.6
161, 116, 27.64047917, 95.26738392,   2.6
162, 116, 27.62101572, 95.25284953,   2.6
163, 116, 27.60128592, 95.23812262,   2.6
164, 116, 27.58128613, 95.22320072,   2.6
165, 116, 27.56101262, 95.20808133,   2.6
166, 116, 27.54046164, 95.19276189,   2.6
167, 116, 27.51962936, 95.17723985,   2.6
168, 116, 27.49851192, 95.16151258,   2.6
169, 116, 27.47710540, 95.14557747,   2.6
170, 116, 27.45540581, 95.12943184,   2.6
171, 116, 27.43340914, 95.11307300,   2.6
172, 116, 27.41111128, 95.09649822,   2.6
173, 116, 27.38850809, 95.07970473,   2.6
174, 116, 27.36559538, 95.06268973,   2.6
175, 116, 27.34236888, 95.04545041,   2.6
176, 116, 27.31882427, 95.02798388,   2.6
177, 116, 27.29495718, 95.01028727,   2.6
178, 116, 27.27076315, 94.99235763,   2.6
179, 116, 27.24623771, 94.97419199,   2.6
180, 116, 27.22137627, 94.95578736,   2.6
181, 116, 27.19617421, 94.93714070,   2.6
182, 116, 27.17062684, 94.91824894,   2.6
183, 116, 27.14472940, 94.89910896,   2.7
184, 116, 27.11847707, 94.87971763,   2.7
185, 116, 27.09186496, 94.86007175,   2.7
186, 116, 27.06488812, 94.84016811,   2.7
187, 116, 27.03754152, 94.82000345,   2.6
188, 116, 27.00982005, 94.79957447,   2.6
189, 116, 26.98171856, 94.77887784,   2.6
190, 116, 26.95323181, 94.75791020,   2.6
191, 116, 26.92435449, 94.73666811,   2.6
  1, 117, 28.90453430, 96.22145810,  99.9
  2, 117, 28.90232743, 96.21971186,  99.9
  3, 117, 28.90009051, 96.21794194,  99.9
  4, 117, 28.89782313, 96.21614802,  99.9
  5, 117, 28.89552487, 96.21432976,  99.9
  6, 117, 28.89319532, 96.21248685,  99.9
  7, 117, 28.89083404, 96.21061894,  99.9
  8, 117, 28.88844061, 96.20872571,  99.9
  9, 117, 28.88601458, 96.20680680,  99.9
 10, 117, 28.88355552, 96.20486188,  99.9
 11, 117, 28.88106297, 96.20289058,  99.9
 12, 117, 28.87853647, 96.20089255,  99.9
 13, 117, 28.87597557, 96.19886744,  99.9
 14, 117, 28.87337979, 96.19681488,  99.9
 15, 117, 28.87074866, 96.19473448,  99.9
 16, 117, 28.86808169, 96.19262589,  99.9
 17, 117, 28.86537841, 96.19048872,  99.9
 18, 117, 28.86263830, 96.18832258,  99.9
 19, 117, 28.85986088, 96.18612708,  99.9
 20, 117, 28.85704563, 96.18390183,  99.9
 21, 117, 28.85419204, 96.18164642,  99.9
 22, 117, 28.85129958, 96.17936045,  99.9
 23, 117, 28.84836772, 96.17704350,  99.9
 24, 117, 28.84539593, 96.17469516,  99.9
 25, 117, 28.84238367, 96.17231500,  99.9
 26, 117, 28.83933037, 96.16990259,  99.9
 27, 117, 28.83623548, 96.16745750,  99.9
 28, 117, 28.83309844, 96.16497929,  99.9
 29, 117, 28.82991867, 96.16246751,  99.9
 30, 117, 28.82669558, 96.15992171,  99.9
 31, 117, 28.82342859, 96.15734143,  99.9
 32, 117, 28.82011710, 96.15472620,  99.9
 33, 117, 28.81676049, 96.15207556,  99.9
 34, 117, 28.81335816, 96.14938902,   4.5
 35, 117, 28.80990948, 96.14666611,   4.5
 36, 117, 28.80641382, 96.14390632,   4.5
 37, 117, 28.80287054, 96.14110918,  99.9
 38, 117, 28.79927899, 96.13827416,  99.9
 39, 117, 28.79563851, 96.13540077,  99.9
 40, 117, 28.79194843, 96.13248848,  99.9
 41, 117, 28.78820807, 96.12953678,  99.9
 42, 117, 28.78441676, 96.12654512,  99.9
 43, 117, 28.78057379, 96.12351298,  99.9
 44, 117, 28.77667846, 96.12043981,  99.9
 45, 117, 28.77273006, 96.11732505,  99.9
 46, 117, 28.76872786, 96.11416815,  99.9
 47, 117, 28.76467112, 96.11096854,  99.9
 48, 117, 28.76055911, 96.10772565,  99.9
 49, 117, 28.75639107, 96.10443889,  99.9
 50, 117, 28.75216624, 96.10110767,  99.9
 51, 117, 28.74788384, 96.09773139,  99.9
 52, 117, 28.74354308, 96.09430946,  99.9
 53, 117, 28.73914316, 96.09084125,  99.9
 54, 117, 28.73468329, 96.08732615,  99.9
 55, 117, 28.73016264, 96.08376352,  99.9
 56, 117, 28.72558038, 96.08015273,  99.9
 57, 117, 28.72093568, 96.07649312,  99.9
 58, 117, 28.71622767, 96.07278405,  99.9
 59, 117, 28.71145550, 96.06902484,  99.9
 60, 117, 28.70661829, 96.06521484,  99.9
 61, 117, 28.70171515, 96.06135334,  99.9
 62, 117, 28.69674519, 96.05743967,  99.9
 63, 117, 28.69170748, 96.05347312,  99.9
 64, 117, 28.68660110, 96.04945299,  99.9
 65, 117, 28.68142513, 96.04537855,  99.9
 66, 117, 28.67617860, 96.04124908,   4.3
 67, 117, 28.67086055, 96.03706384,   4.4
 68, 117, 28.66547001, 96.03282208,   4.4
 69, 117, 28.66000598, 96.02852304,   4.4
 70, 117, 28.65446747, 96.02416596,   4.5
 71, 117, 28.64885345, 96.01975006,   4.5
 72, 117, 28.64316290, 96.01527455,   4.4
 73, 117, 28.63739476, 96.01073863,   4.4
 74, 117, 28.63154799, 96.00614150,   4.4
 75, 117, 28.62562149, 96.00148233,   4.3
 76, 117, 28.61961420, 95.99676030,   4.3
 77, 117, 28.61352500, 95.99197456,   4.2
 78, 117, 28.60735277, 95.98712427,   4.0
 79, 117, 28.60109637, 95.98220855,   3.9
 80, 117, 28.59475467, 95.97722654,   3.9
 81, 117, 28.58832649, 95.97217734,   4.0
 82, 117, 28.58181065, 95.96706007,   4.0
 83, 117, 28.57520595, 95.96187380,   4.0
 84, 117, 28.56851118, 95.95661763,   3.9
 85, 117, 28.56172511, 95.95129061,   3.9
 86, 117, 28.55484649, 95.94589180,   3.8
 87, 117, 28.54787405, 95.94042024,   3.8
 88, 117, 28.54080652, 95.93487497,   3.7
 89, 117, 28.53364258, 95.92925499,   3.7
 90, 117, 28.52638094, 95.92355932,   3.7
 91, 117, 28.51902024, 95.91778694,   3.6
 92, 117, 28.51155913, 95.91193683,   3.6
 93, 117, 28.50399624, 95.90600795,   3.5
 94, 117, 28.49633019, 95.89999926,   3.5
 95, 117, 28.48855955, 95.89390969,   3.5
 96, 117, 28.48068290, 95.88773817,   3.5
 97, 117, 28.47269879, 95.88148360,   3.4
 98, 117, 28.46460574, 95.87514489,   3.4
 99, 117, 28.45640228, 95.86872090,   3.4
100, 117, 28.44808688, 95.86221052,   3.4
101, 117, 28.43965802, 95.85561258,   3.3
102, 117, 28.43111414, 95.84892593,   3.3
103, 117, 28.42245367, 95.84214938,   3.3
104, 117, 28.41367502, 95.83528175,   3.3
105, 117, 28.40477656, 95.82832182,   3.2
106, 117, 28.39575667, 95.82126838,   3.2
107, 117, 28.38661366, 95.81412017,   3.2
108, 117, 28.37734587, 95.80687594,   3.2
109, 117, 28.36795159, 95.79953442,   3.2
110, 117, 28.35842907, 95.79209432,   3.1
111, 117, 28.34877657, 95.78455434,   3.1
112, 117, 28.33899230, 95.77691314,   3.1
113, 117, 28.32907447, 95.76916940,   3.1
114, 117, 28.31902124, 95.76132175,   3.1
115, 117, 28.30883076, 95.75336882,   3.0
116, 117, 28.29850115, 95.74530922,   3.0
117, 117, 28.28803050, 95.73714153,   3.0
118, 117, 28.27741688, 95.72886433,   3.0
119, 117, 28.26665834, 95.72047618,   2.9
120, 117, 28.25575288, 95.71197560,   2.9
121, 117, 28.24469850, 95.70336112,   2.9
122, 117, 28.23349316, 95.69463123,   2.9
123, 117, 28.22213478, 95.68578440,   2.9
124, 117, 28.21062127, 95.67681911,   2.8
125, 117, 28.19895050, 95.66773378,   2.8
126, 117, 28.18712032, 95.65852684,   2.8
127, 117, 28.17512854, 95.64919669,   2.8
128, 117, 28.16297295, 95.63974169,   2.8
129, 117, 28.15065130, 95.63016023,   2.8
130, 117, 28.13816131, 95.62045062,   2.8
131, 117, 28.12550068, 95.61061118,   2.7
132, 117, 28.11266707, 95.60064022,   2.7
133, 117, 28.09965810, 95.59053600,   2.7
134, 117, 28.08647137, 95.58029678,   2.7
135, 117, 28.07310443, 95.56992078,   2.7
136, 117, 28.05955483, 95.55940622,   2.7
137, 117, 28.04582005, 95.54875127,   2.7
138, 117, 28.03189755, 95.53795410,   2.7
139, 117, 28.01778476, 95.52701285,   2.7
140, 117, 28.00347906, 95.51592563,   2.6
141, 117, 27.98897781, 95.50469053,   2.6
142, 117, 27.97427832, 95.49330562,   2.6
143, 117, 27.95937787, 95.48176895,   2.6
144, 117, 27.94427370, 95.47007853,   2.6
145, 117, 27.92896302, 95.45823236,   2.6
146, 117, 27.91344299, 95.44622841,   2.6
147, 117, 27.89771073, 95.43406462,   2.6
148, 117, 27.88176334, 95.42173890,   2.6
149, 117, 27.86559785, 95.40924916,   2.6
150, 117, 27.84921127, 95.39659326,   2.6
151, 117, 27.83260057, 95.38376903,   2.6
152, 117, 27.81576265, 95.37077429,   2.6
153, 117, 27.79869441, 95.35760683,   2.6
154, 117, 27.78139268, 95.34426441,   2.6
155, 117, 27.76385424, 95.33074475,   2.6
156, 117, 27.74607584, 95.31704556,   2.6
157, 117, 27.72805420, 95.30316451,   2.6
158, 117, 27.70978595, 95.28909925,   2.6
159, 117, 27.69126771, 95.27484741,   2.6
160, 117, 27.67249605, 95.26040655,   2.6
161, 117, 27.65346748, 95.24577425,   2.6
162, 117, 27.63417846, 95.23094804,   2.6
163, 117, 27.61462542, 95.21592540,   2.6
164, 117, 27.59480471, 95.20070382,   2.6
165, 117, 27.57471267, 95.18528072,   2.6
166, 117, 27.55434555, 95.16965352,   2.6
167, 117, 27.53369957, 95.15381958,   2.6
168, 117, 27.51277089, 95.13777626,   2.6
169, 117, 27.49155562, 95.12152086,   2.6
170, 117, 27.47004983, 95.10505066,   2.6
171, 117, 27.44824949, 95.08836290,   2.6
172, 117, 27.42615058, 95.07145481,   2.6
173, 117, 27.40374896, 95.05432356,   2.6
174, 117, 27.38104047, 95.03696629,   2.6
175, 117, 27.35802090, 95.01938011,   2.6
176, 117, 27.33468594, 95.00156211,   2.6
177, 117, 27.31103126, 94.98350933,   2.6
178, 117, 27.28705245, 94.96521876,   2.6
179, 117, 27.26274505, 94.94668739,   2.6
180, 117, 27.23810453, 94.92791214,   2.6
181, 117, 27.21312630, 94.90888992,   2.6
182, 117, 27.18780570, 94.88961759,   2.6
183, 117, 27.16213801, 94.87009198,   2.6
184, 117, 27.13611846, 94.85030987,   2.7
185, 117, 27.10974218, 94.83026801,   2.7
186, 117, 27.08300426, 94.80996312,   2.6
187, 117, 27.05589972, 94.78939187,   2.6
188, 117, 27.02842349, 94.76855089,   2.6
189, 117, 27.00057045, 94.74743678,   2.6
190, 117, 26.97233540, 94.72604610,   2.6
191, 117, 26.94371308, 94.70437536,   2.6
  1, 118, 28.90607543, 96.21897902,  99.9
  2, 118, 28.90388950, 96.21719908,  99.9
  3, 118, 28.90167380, 96.21539500,  99.9
  4, 118, 28.89942793, 96.21356645,  99.9
  5, 118, 28.89715147, 96.21171309,  99.9
  6, 118, 28.89484401, 96.20983461,  99.9
  7, 118, 28.89250513, 96.20793065,  99.9
  8, 118, 28.89013440, 96.20600086,  99.9
  9, 118, 28.88773138, 96.20404491,  99.9
 10, 118, 28.88529564, 96.20206244,  99.9
 11, 118, 28.88282672, 96.20005309,  99.9
 12, 118, 28.88032418, 96.19801649,  99.9
 13, 118, 28.87778756, 96.19595228,  99.9
 14, 118, 28.87521639, 96.19386009,  99.9
 15, 118, 28.87261021, 96.19173953,  99.9
 16, 118, 28.86996852, 96.18959023,  99.9
 17, 118, 28.86729086, 96.18741179,  99.9
 18, 118, 28.86457673, 96.18520383,  99.9
 19, 118, 28.86182563, 96.18296594,  99.9
 20, 118, 28.85903707, 96.18069772,  99.9
 21, 118, 28.85621051, 96.17839876,  99.9
 22, 118, 28.85334546, 96.17606864,  99.9
 23, 118, 28.85044139, 96.17370695,  99.9
 24, 118, 28.84749776, 96.17131326,  99.9
 25, 118, 28.84451403, 96.16888713,  99.9
 26, 118, 28.84148966, 96.16642814,  99.9
 27, 118, 28.83842409, 96.16393583,  99.9
 28, 118, 28.83531677, 96.16140976,  99.9
 29, 118, 28.83216711, 96.15884946,  99.9
 30, 118, 28.82897455, 96.15625449,  99.9
 31, 118, 28.82573850, 96.15362437,  99.9
 32, 118, 28.82245836, 96.15095863,  99.9
 33, 118, 28.81913354, 96.14825678,  99.9
 34, 118, 28.81576342, 96.14551835,   4.6
 35, 118, 28.81234739, 96.14274283,  99.9
 36, 118, 28.80888483, 96.13992974,  99.9
 37, 118, 28.80537508, 96.13707855,  99.9
 38, 118, 28.80181753, 96.13418877,  99.9
 39, 118, 28.79821150, 96.13125986,  99.9
 40, 118, 28.79455634, 96.12829131,  99.9
 41, 118, 28.79085138, 96.12528257,  99.9
 42, 118, 28.78709593, 96.12223311,  99.9
 43, 118, 28.78328932, 96.11914238,  99.9
 44, 118, 28.77943085, 96.11600982,  99.9
 45, 118, 28.77551979, 96.11283488,  99.9
 46, 118, 28.77155545, 96.10961697,  99.9
 47, 118, 28.76753708, 96.10635552,  99.9
 48, 118, 28.76346396, 96.10304996,  99.9
 49, 118, 28.75933533, 96.09969967,  99.9
 50, 118, 28.75515044, 96.09630407,  99.9
 51, 118, 28.75090852, 96.09286253,  99.9
 52, 118, 28.74660879, 96.08937446,  99.9
 53, 118, 28.74225047, 96.08583921,  99.9
 54, 118, 28.73783275, 96.08225615,  99.9
 55, 118, 28.73335482, 96.07862465,  99.9
 56, 118, 28.72881586, 96.07494405,  99.9
 57, 118, 28.72421504, 96.07121369,  99.9
 58, 118, 28.71955151, 96.06743291,  99.9
 59, 118, 28.71482442, 96.06360102,  99.9
 60, 118, 28.71003289, 96.05971734,  99.9
 61, 118, 28.70517606, 96.05578118,  99.9
 62, 118, 28.70025302, 96.05179183,  99.9
 63, 118, 28.69526288, 96.04774857,  99.9
 64, 118, 28.69020471, 96.04365069,  99.9
 65, 118, 28.68507760, 96.03949745,  99.9
 66, 118, 28.67988058, 96.03528811,   4.4
 67, 118, 28.67461272, 96.03102192,   4.4
 68, 118, 28.66927305, 96.02669811,   4.4
 69, 118, 28.66386058, 96.02231591,   4.4
 70, 118, 28.65837431, 96.01787454,   4.4
 71, 118, 28.65281325, 96.01337321,   4.4
 72, 118, 28.64717637, 96.00881111,   4.4
 73, 118, 28.64146263, 96.00418743,   4.4
 74, 118, 28.63567098, 95.99950135,   4.4
 75, 118, 28.62980036, 95.99475203,   4.3
 76, 118, 28.62384969, 95.98993862,   4.3
 77, 118, 28.61781788, 95.98506027,   4.2
 78, 118, 28.61170382, 95.98011610,   4.1
 79, 118, 28.60550638, 95.97510524,   4.0
 80, 118, 28.59922442, 95.97002680,   4.1
 81, 118, 28.59285679, 95.96487987,   4.1
 82, 118, 28.58640232, 95.95966354,   4.0
 83, 118, 28.57985981, 95.95437687,   4.0
 84, 118, 28.57322808, 95.94901894,   3.9
 85, 118, 28.56650589, 95.94358878,   3.9
 86, 118, 28.55969202, 95.93808544,   3.8
 87, 118, 28.55278520, 95.93250794,   3.8
 88, 118, 28.54578417, 95.92685528,   3.7
 89, 118, 28.53868763, 95.92112646,   3.7
 90, 118, 28.53149429, 95.91532048,   3.7
 91, 118, 28.52420282, 95.90943630,   3.6
 92, 118, 28.51681187, 95.90347287,   3.6
 93, 118, 28.50932009, 95.89742914,   3.5
 94, 118, 28.50172610, 95.89130405,   3.5
 95, 118, 28.49402849, 95.88509650,   3.5
 96, 118, 28.48622586, 95.87880541,   3.5
 97, 118, 28.47831676, 95.87242965,   3.4
 98, 118, 28.47029973, 95.86596810,   3.4
 99, 118, 28.46217331, 95.85941962,   3.4
100, 118, 28.45393600, 95.85278306,   3.4
101, 118, 28.44558627, 95.84605724,   3.3
102, 118, 28.43712258, 95.83924098,   3.3
103, 118, 28.42854339, 95.83233307,   3.3
104, 118, 28.41984710, 95.82533230,   3.3
105, 118, 28.41103212, 95.81823743,   3.3
106, 118, 28.40209682, 95.81104722,   3.2
107, 118, 28.39303955, 95.80376039,   3.2
108, 118, 28.38385865, 95.79637568,   3.2
109, 118, 28.37455241, 95.78889178,   3.2
110, 118, 28.36511913, 95.78130737,   3.1
111, 118, 28.35555707, 95.77362113,   3.1
112, 118, 28.34586445, 95.76583170,   3.1
113, 118, 28.33603950, 95.75793772,   3.1
114, 118, 28.32608039, 95.74993780,   3.1
115, 118, 28.31598530, 95.74183055,   3.0
116, 118, 28.30575236, 95.73361454,   3.0
117, 118, 28.29537968, 95.72528834,   3.0
118, 118, 28.28486534, 95.71685048,   3.0
119, 118, 28.27420741, 95.70829950,   2.9
120, 118, 28.26340391, 95.69963390,   2.9
121, 118, 28.25245286, 95.69085216,   2.9
122, 118, 28.24135223, 95.68195276,   2.9
123, 118, 28.23009996, 95.67293414,   2.9
124, 118, 28.21869399, 95.66379474,   2.9
125, 118, 28.20713220, 95.65453295,   2.8
126, 118, 28.19541246, 95.64514716,   2.8
127, 118, 28.18353259, 95.63563575,   2.8
128, 118, 28.17149042, 95.62599706,   2.8
129, 118, 28.15928370, 95.61622942,   2.8
130, 118, 28.14691018, 95.60633112,   2.8
131, 118, 28.13436758, 95.59630046,   2.7
132, 118, 28.12165357, 95.58613569,   2.7
133, 118, 28.10876581, 95.57583505,   2.7
134, 118, 28.09570190, 95.56539676,   2.7
135, 118, 28.08245944, 95.55481902,   2.7
136, 118, 28.06903597, 95.54409999,   2.7
137, 118, 28.05542900, 95.53323782,   2.7
138, 118, 28.04163602, 95.52223064,   2.7
139, 118, 28.02765448, 95.51107655,   2.7
140, 118, 28.01348179, 95.49977363,   2.6
141, 118, 27.99911531, 95.48831993,   2.6
142, 118, 27.98455240, 95.47671347,   2.6
143, 118, 27.96979035, 95.46495227,   2.6
144, 118, 27.95482642, 95.45303430,   2.6
145, 118, 27.93965786, 95.44095752,   2.6
146, 118, 27.92428183, 95.42871986,   2.6
147, 118, 27.90869550, 95.41631921,   2.6
148, 118, 27.89289598, 95.40375346,   2.6
149, 118, 27.87688033, 95.39102045,   2.6
150, 118, 27.86064558, 95.37811801,   2.6
151, 118, 27.84418873, 95.36504393,   2.6
152, 118, 27.82750671, 95.35179599,   2.6
153, 118, 27.81059644, 95.33837192,   2.6
154, 118, 27.79345478, 95.32476944,   2.6
155, 118, 27.77607855, 95.31098623,   2.6
156, 118, 27.75846451, 95.29701996,   2.6
157, 118, 27.74060940, 95.28286824,   2.6
158, 118, 27.72250990, 95.26852868,   2.6
159, 118, 27.70416266, 95.25399885,   2.6
160, 118, 27.68556426, 95.23927628,   2.6
161, 118, 27.66671124, 95.22435850,   2.6
162, 118, 27.64760011, 95.20924296,   2.6
163, 118, 27.62822731, 95.19392713,   2.6
164, 118, 27.60858924, 95.17840842,   2.6
165, 118, 27.58868224, 95.16268421,   2.6
166, 118, 27.56850262, 95.14675186,   2.6
167, 118, 27.54804663, 95.13060870,   2.6
168, 118, 27.52731045, 95.11425200,   2.6
169, 118, 27.50629023, 95.09767903,   2.6
170, 118, 27.48498206, 95.08088702,   2.6
171, 118, 27.46338196, 95.06387314,   2.6
172, 118, 27.44148592, 95.04663456,   2.6
173, 118, 27.41928987, 95.02916840,   2.6
174, 118, 27.39678965, 95.01147174,   2.6
175, 118, 27.37398110, 94.99354164,   2.6
176, 118, 27.35085995, 94.97537512,   2.6
177, 118, 27.32742189, 94.95696916,   2.6
178, 118, 27.30366257, 94.93832070,   2.6
179, 118, 27.27957754, 94.91942665,   2.6
180, 118, 27.25516232, 94.90028389,   2.6
181, 118, 27.23041235, 94.88088925,   2.6
182, 118, 27.20532302, 94.86123953,   2.6
183, 118, 27.17988964, 94.84133149,   2.6
184, 118, 27.15410748, 94.82116185,   2.6
185, 118, 27.12797171, 94.80072730,   2.6
186, 118, 27.10147746, 94.78002448,   2.6
187, 118, 27.07461978, 94.75905001,   2.6
188, 118, 27.04739366, 94.73780043,   2.6
189, 118, 27.01979400, 94.71627229,   2.6
190, 118, 26.99181566, 94.69446206,   2.6
191, 118, 26.96345341, 94.67236619,   2.6
  1, 119, 28.90764586, 96.21652376,  99.9
  2, 119, 28.90548126, 96.21471044,  99.9
  3, 119, 28.90328718, 96.21287252,  99.9
  4, 119, 28.90106323, 96.21100967,  99.9
  5, 119, 28.89880899, 96.20912156,  99.9
  6, 119, 28.89652405, 96.20720784,  99.9
  7, 119, 28.89420799, 96.20526817,  99.9
  8, 119, 28.89186039, 96.20330219,  99.9
  9, 119, 28.88948082, 96.20130955,  99.9
 10, 119, 28.88706884, 96.19928989,  99.9
 11, 119, 28.88462401, 96.19724284,  99.9
 12, 119, 28.88214588, 96.19516804,  99.9
 13, 119, 28.87963400, 96.19306511,  99.9
 14, 119, 28.87708791, 96.19093367,  99.9
 15, 119, 28.87450715, 96.18877333,  99.9
 16, 119, 28.87189123, 96.18658370,  99.9
 17, 119, 28.86923968, 96.18436439,  99.9
 18, 119, 28.86655202, 96.18211500,  99.9
 19, 119, 28.86382774, 96.17983513,  99.9
 20, 119, 28.86106636, 96.17752435,  99.9
 21, 119, 28.85826737, 96.17518225,  99.9
 22, 119, 28.85543025, 96.17280841,  99.9
 23, 119, 28.85255449, 96.17040240,  99.9
 24, 119, 28.84963955, 96.16796380,  99.9
 25, 119, 28.84668491, 96.16549214,  99.9
 26, 119, 28.84369001, 96.16298700,  99.9
 27, 119, 28.84065432, 96.16044792,  99.9
 28, 119, 28.83757727, 96.15787444,  99.9
 29, 119, 28.83445831, 96.15526609,  99.9
 30, 119, 28.83129685, 96.15262242,  99.9
 31, 119, 28.82809233, 96.14994293,  99.9
 32, 119, 28.82484415, 96.14722715,  99.9
 33, 119, 28.82155172, 96.14447460,  99.9
 34, 119, 28.81821443, 96.14168476,   4.6
 35, 119, 28.81483167, 96.13885714,  99.9
 36, 119, 28.81140282, 96.13599124,  99.9
 37, 119, 28.80792726, 96.13308653,  99.9
 38, 119, 28.80440434, 96.13014249,  99.9
 39, 119, 28.80083342, 96.12715860,  99.9
 40, 119, 28.79721385, 96.12413431,  99.9
 41, 119, 28.79354496, 96.12106908,  99.9
 42, 119, 28.78982607, 96.11796237,  99.9
 43, 119, 28.78605651, 96.11481360,  99.9
 44, 119, 28.78223558, 96.11162222,  99.9
 45, 119, 28.77836259, 96.10838766,  99.9
 46, 119, 28.77443682, 96.10510932,  99.9
 47, 119, 28.77045755, 96.10178663,  99.9
 48, 119, 28.76642405, 96.09841898,  99.9
 49, 119, 28.76233559, 96.09500577,  99.9
 50, 119, 28.75819140, 96.09154639,  99.9
 51, 119, 28.75399074, 96.08804022,  99.9
 52, 119, 28.74973283, 96.08448662,  99.9
 53, 119, 28.74541689, 96.08088496,  99.9
 54, 119, 28.74104212, 96.07723460,  99.9
 55, 119, 28.73660772, 96.07353488,  99.9
 56, 119, 28.73211289, 96.06978513,  99.9
 57, 119, 28.72755679, 96.06598469,  99.9
 58, 119, 28.72293858, 96.06213287,  99.9
 59, 119, 28.71825743, 96.05822898,  99.9
 60, 119, 28.71351246, 96.05427233,  99.9
 61, 119, 28.70870282, 96.05026220,  99.9
 62, 119, 28.70382761, 96.04619789,  99.9
 63, 119, 28.69888594, 96.04207865,  99.9
 64, 119, 28.69387690, 96.03790375,  99.9
 65, 119, 28.68879957, 96.03367245,  99.9
 66, 119, 28.68365302, 96.02938400,  99.9
 67, 119, 28.67843631, 96.02503761,   4.5
 68, 119, 28.67314847, 96.02063252,   4.5
 69, 119, 28.66778853, 96.01616795,   4.5
 70, 119, 28.66235551, 96.01164308,   4.5
 71, 119, 28.65684841, 96.00705713,   4.4
 72, 119, 28.65126622, 96.00240925,   4.4
 73, 119, 28.64560792, 95.99769864,   4.3
 74, 119, 28.63987245, 95.99292444,   4.3
 75, 119, 28.63405877, 95.98808581,   4.3
 76, 119, 28.62816581, 95.98318188,   4.2
 77, 119, 28.62219248, 95.97821178,   4.1
 78, 119, 28.61613769, 95.97317463,   4.1
 79, 119, 28.61000033, 95.96806952,   3.9
 80, 119, 28.60377925, 95.96289555,   3.6
 81, 119, 28.59747333, 95.95765180,   4.1
 82, 119, 28.59108140, 95.95233734,   4.0
 83, 119, 28.58460228, 95.94695121,   4.0
 84, 119, 28.57803478, 95.94149247,   3.9
 85, 119, 28.57137770, 95.93596014,   3.9
 86, 119, 28.56462980, 95.93035324,   3.8
 87, 119, 28.55778986, 95.92467078,   3.8
 88, 119, 28.55085660, 95.91891174,   3.7
 89, 119, 28.54382875, 95.91307510,   3.7
 90, 119, 28.53670502, 95.90715984,   3.7
 91, 119, 28.52948409, 95.90116489,   3.6
 92, 119, 28.52216464, 95.89508921,   3.6
 93, 119, 28.51474533, 95.88893170,   3.6
 94, 119, 28.50722477, 95.88269129,   3.5
 95, 119, 28.49960159, 95.87636686,   3.5
 96, 119, 28.49187439, 95.86995730,   3.5
 97, 119, 28.48404173, 95.86346148,   3.4
 98, 119, 28.47610218, 95.85687824,   3.4
 99, 119, 28.46805427, 95.85020643,   3.4
100, 119, 28.45989653, 95.84344486,   3.4
101, 119, 28.45162744, 95.83659234,   3.3
102, 119, 28.44324549, 95.82964767,   3.3
103, 119, 28.43474912, 95.82260961,   3.3
104, 119, 28.42613678, 95.81547693,   3.3
105, 119, 28.41740687, 95.80824837,   3.3
106, 119, 28.40855778, 95.80092266,   3.2
107, 119, 28.39958788, 95.79349851,   3.2
108, 119, 28.39049552, 95.78597461,   3.2
109, 119, 28.38127902, 95.77834964,   3.2
110, 119, 28.37193669, 95.77062225,   3.1
111, 119, 28.36246678, 95.76279110,   3.1
112, 119, 28.35286757, 95.75485480,   3.1
113, 119, 28.34313727, 95.74681197,   3.1
114, 119, 28.33327409, 95.73866119,   3.1
115, 119, 28.32327621, 95.73040104,   3.0
116, 119, 28.31314179, 95.72203006,   3.0
117, 119, 28.30286895, 95.71354679,   3.0
118, 119, 28.29245579, 95.70494975,   3.0
119, 119, 28.28190039, 95.69623744,   3.0
120, 119, 28.27120081, 95.68740833,   2.9
121, 119, 28.26035506, 95.67846087,   2.9
122, 119, 28.24936115, 95.66939351,   2.9
123, 119, 28.23821703, 95.66020467,   2.9
124, 119, 28.22692065, 95.65089274,   2.9
125, 119, 28.21546992, 95.64145610,   2.8
126, 119, 28.20386273, 95.63189310,   2.8
127, 119, 28.19209693, 95.62220209,   2.8
128, 119, 28.18017034, 95.61238138,   2.8
129, 119, 28.16808075, 95.60242925,   2.8
130, 119, 28.15582593, 95.59234399,   2.8
131, 119, 28.14340362, 95.58212383,   2.8
132, 119, 28.13081151, 95.57176702,   2.7
133, 119, 28.11804727, 95.56127175,   2.7
134, 119, 28.10510854, 95.55063620,   2.7
135, 119, 28.09199293, 95.53985854,   2.7
136, 119, 28.07869801, 95.52893689,   2.7
137, 119, 28.06522131, 95.51786938,   2.7
138, 119, 28.05156033, 95.50665409,   2.7
139, 119, 28.03771256, 95.49528909,   2.7
140, 119, 28.02367542, 95.48377241,   2.6
141, 119, 28.00944630, 95.47210207,   2.6
142, 119, 27.99502259, 95.46027606,   2.6
143, 119, 27.98040159, 95.44829236,   2.6
144, 119, 27.96558060, 95.43614888,   2.6
145, 119, 27.95055687, 95.42384356,   2.6
146, 119, 27.93532761, 95.41137428,   2.6
147, 119, 27.91989001, 95.39873890,   2.6
148, 119, 27.90424119, 95.38593526,   2.6
149, 119, 27.88837825, 95.37296116,   2.6
150, 119, 27.87229825, 95.35981438,   2.6
151, 119, 27.85599821, 95.34649269,   2.6
152, 119, 27.83947509, 95.33299380,   2.6
153, 119, 27.82272582, 95.31931541,   2.6
154, 119, 27.80574731, 95.30545519,   2.6
155, 119, 27.78853639, 95.29141078,   2.6
156, 119, 27.77108986, 95.27717979,   2.6
157, 119, 27.75340449, 95.26275981,   2.6
158, 119, 27.73547699, 95.24814838,   2.6
159, 119, 27.71730402, 95.23334302,   2.6
160, 119, 27.69888221, 95.21834124,   2.6
161, 119, 27.68020813, 95.20314048,   2.6
162, 119, 27.66127830, 95.18773818,   2.6
163, 119, 27.64208921, 95.17213173,   2.6
164, 119, 27.62263728, 95.15631850,   2.6
165, 119, 27.60291890, 95.14029583,   2.6
166, 119, 27.58293039, 95.12406102,   2.6
167, 119, 27.56266803, 95.10761134,   2.6
168, 119, 27.54212806, 95.09094401,   2.6
169, 119, 27.52130663, 95.07405625,   2.6
170, 119, 27.50019989, 95.05694523,   2.6
171, 119, 27.47880388, 95.03960807,   2.6
172, 119, 27.45711463, 95.02204188,   2.6
173, 119, 27.43512809, 95.00424372,   2.6
174, 119, 27.41284017, 94.98621063,   2.6
175, 119, 27.39024670, 94.96793959,   2.6
176, 119, 27.36734347, 94.94942757,   2.6
177, 119, 27.34412622, 94.93067148,   2.6
178, 119, 27.32059060, 94.91166821,   2.6
179, 119, 27.29673223, 94.89241462,   2.6
180, 119, 27.27254665, 94.87290750,   2.6
181, 119, 27.24802935, 94.85314364,   2.6
182, 119, 27.22317575, 94.83311977,   2.6
183, 119, 27.19798120, 94.81283258,   2.6
184, 119, 27.17244101, 94.79227874,   2.6
185, 119, 27.14655039, 94.77145485,   2.6
186, 119, 27.12030451, 94.75035751,   2.6
187, 119, 27.09369846, 94.72898323,   2.6
188, 119, 27.06672727, 94.70732853,   2.6
189, 119, 27.03938590, 94.68538987,   2.6
190, 119, 27.01166922, 94.66316364,   2.6
191, 119, 26.98357206, 94.64064624,   2.6
  1, 120, 28.90924529, 96.21409276,  99.9
  2, 120, 28.90710243, 96.21224639,  99.9
  3, 120, 28.90493038, 96.21037497,  99.9
  4, 120, 28.90272874, 96.20847817,  99.9
  5, 120, 28.90049713, 96.20655563,  99.9
  6, 120, 28.89823512, 96.20460703,  99.9
  7, 120, 28.89594231, 96.20263199,  99.9
  8, 120, 28.89361827, 96.20063017,  99.9
  9, 120, 28.89126258, 96.19860120,  99.9
 10, 120, 28.88887480, 96.19654472,  99.9
 11, 120, 28.88645450, 96.19446035,  99.9
 12, 120, 28.88400124, 96.19234772,  99.9
 13, 120, 28.88151456, 96.19020645,  99.9
 14, 120, 28.87899401, 96.18803614,  99.9
 15, 120, 28.87643913, 96.18583641,  99.9
 16, 120, 28.87384946, 96.18360685,  99.9
 17, 120, 28.87122450, 96.18134708,  99.9
 18, 120, 28.86856380, 96.17905667,  99.9
 19, 120, 28.86586685, 96.17673521,  99.9
 20, 120, 28.86313316, 96.17438229,  99.9
 21, 120, 28.86036223, 96.17199748,  99.9
 22, 120, 28.85755356, 96.16958035,  99.9
 23, 120, 28.85470663, 96.16713046,  99.9
 24, 120, 28.85182092, 96.16464737,  99.9
 25, 120, 28.84889589, 96.16213064,  99.9
 26, 120, 28.84593102, 96.15957980,  99.9
 27, 120, 28.84292576, 96.15699441,  99.9
 28, 120, 28.83987955, 96.15437398,  99.9
 29, 120, 28.83679185, 96.15171806,  99.9
 30, 120, 28.83366208, 96.14902615,  99.9
 31, 120, 28.83048966, 96.14629778,  99.9
 32, 120, 28.82727403, 96.14353246,  99.9
 33, 120, 28.82401458, 96.14072968,  99.9
 34, 120, 28.82071073, 96.13788895,   4.6
 35, 120, 28.81736186, 96.13500974,  99.9
 36, 120, 28.81396736, 96.13209154,  99.9
 37, 120, 28.81052660, 96.12913383,  99.9
 38, 120, 28.80703897, 96.12613607,  99.9
 39, 120, 28.80350381, 96.12309773,  99.9
 40, 120, 28.79992048, 96.12001825,  99.9
 41, 120, 28.79628832, 96.11689708,  99.9
 42, 120, 28.79260667, 96.11373367,  99.9
 43, 120, 28.78887485, 96.11052744,  99.9
 44, 120, 28.78509217, 96.10727781,  99.9
 45, 120, 28.78125794, 96.10398421,  99.9
 46, 120, 28.77737146, 96.10064603,  99.9
 47, 120, 28.77343201, 96.09726268,  99.9
 48, 120, 28.76943887, 96.09383356,  99.9
 49, 120, 28.76539131, 96.09035804,  99.9
 50, 120, 28.76128859, 96.08683551,  99.9
 51, 120, 28.75712995, 96.08326532,  99.9
 52, 120, 28.75291462, 96.07964684,  99.9
 53, 120, 28.74864184, 96.07597943,  99.9
 54, 120, 28.74431083, 96.07226241,  99.9
 55, 120, 28.73992077, 96.06849513,  99.9
 56, 120, 28.73547088, 96.06467691,  99.9
 57, 120, 28.73096032, 96.06080706,  99.9
 58, 120, 28.72638828, 96.05688490,  99.9
 59, 120, 28.72175392, 96.05290971,  99.9
 60, 120, 28.71705637, 96.04888079,  99.9
 61, 120, 28.71229479, 96.04479742,  99.9
 62, 120, 28.70746829, 96.04065886,  99.9
 63, 120, 28.70257599, 96.03646438,  99.9
 64, 120, 28.69761699, 96.03221321,  99.9
 65, 120, 28.69259037, 96.02790461,   4.0
 66, 120, 28.68749522, 96.02353780,   4.2
 67, 120, 28.68233060, 96.01911201,   4.5
 68, 120, 28.67709556, 96.01462643,   4.6
 69, 120, 28.67178913, 96.01008027,   4.6
 70, 120, 28.66641034, 96.00547272,   4.5
 71, 120, 28.66095821, 96.00080295,   4.3
 72, 120, 28.65543173, 95.99607014,   4.3
 73, 120, 28.64982988, 95.99127342,   4.3
 74, 120, 28.64415163, 95.98641196,   4.3
 75, 120, 28.63839595, 95.98148489,   4.2
 76, 120, 28.63256176, 95.97649131,   4.1
 77, 120, 28.62664801, 95.97143035,   4.1
 78, 120, 28.62065359, 95.96630111,   4.1
 79, 120, 28.61457742, 95.96110266,   4.0
 80, 120, 28.60841836, 95.95583409,   3.9
 81, 120, 28.60217529, 95.95049445,   4.1
 82, 120, 28.59584705, 95.94508280,   4.0
 83, 120, 28.58943249, 95.93959817,   4.0
 84, 120, 28.58293042, 95.93403959,   3.9
 85, 120, 28.57633965, 95.92840607,   3.9
 86, 120, 28.56965896, 95.92269661,   3.8
 87, 120, 28.56288712, 95.91691019,   3.8
 88, 120, 28.55602289, 95.91104579,   3.8
 89, 120, 28.54906500, 95.90510237,   3.7
 90, 120, 28.54201217, 95.89907887,   3.7
 91, 120, 28.53486311, 95.89297423,   3.6
 92, 120, 28.52761648, 95.88678736,   3.6
 93, 120, 28.52027097, 95.88051717,   3.6
 94, 120, 28.51282522, 95.87416254,   3.5
 95, 120, 28.50527785, 95.86772235,   3.5
 96, 120, 28.49762747, 95.86119546,   3.5
 97, 120, 28.48987268, 95.85458072,   3.5
 98, 120, 28.48201204, 95.84787696,   3.4
 99, 120, 28.47404411, 95.84108298,   3.4
100, 120, 28.46596741, 95.83419760,   3.4
101, 120, 28.45778047, 95.82721960,   3.4
102, 120, 28.44948176, 95.82014774,   3.3
103, 120, 28.44106976, 95.81298078,   3.3
104, 120, 28.43254291, 95.80571745,   3.3
105, 120, 28.42389965, 95.79835647,   3.3
106, 120, 28.41513838, 95.79089655,   3.2
107, 120, 28.40625748, 95.78333637,   3.2
108, 120, 28.39725531, 95.77567460,   3.2
109, 120, 28.38813021, 95.76790990,   3.2
110, 120, 28.37888050, 95.76004090,   3.2
111, 120, 28.36950448, 95.75206621,   3.1
112, 120, 28.36000040, 95.74398444,   3.1
113, 120, 28.35036651, 95.73579416,   3.1
114, 120, 28.34060105, 95.72749395,   3.1
115, 120, 28.33070219, 95.71908234,   3.0
116, 120, 28.32066811, 95.71055786,   3.0
117, 120, 28.31049697, 95.70191902,   3.0
118, 120, 28.30018687, 95.69316430,   3.0
119, 120, 28.28973592, 95.68429218,   3.0
120, 120, 28.27914218, 95.67530109,   2.9
121, 120, 28.26840369, 95.66618948,   2.9
122, 120, 28.25751848, 95.65695575,   2.9
123, 120, 28.24648452, 95.64759828,   2.9
124, 120, 28.23529978, 95.63811545,   2.9
125, 120, 28.22396218, 95.62850560,   2.8
126, 120, 28.21246963, 95.61876706,   2.8
127, 120, 28.20082001, 95.60889813,   2.8
128, 120, 28.18901115, 95.59889710,   2.8
129, 120, 28.17704088, 95.58876222,   2.8
130, 120, 28.16490698, 95.57849174,   2.8
131, 120, 28.15260719, 95.56808387,   2.8
132, 120, 28.14013925, 95.55753680,   2.7
133, 120, 28.12750084, 95.54684871,   2.7
134, 120, 28.11468962, 95.53601775,   2.7
135, 120, 28.10170322, 95.52504203,   2.7
136, 120, 28.08853924, 95.51391966,   2.7
137, 120, 28.07519523, 95.50264872,   2.7
138, 120, 28.06166872, 95.49122725,   2.7
139, 120, 28.04795721, 95.47965329,   2.7
140, 120, 28.03405814, 95.46792484,   2.7
141, 120, 28.01996895, 95.45603988,   2.6
142, 120, 28.00568702, 95.44399636,   2.6
143, 120, 27.99120971, 95.43179220,   2.6
144, 120, 27.97653432, 95.41942531,   2.6
145, 120, 27.96165813, 95.40689356,   2.6
146, 120, 27.94657838, 95.39419480,   2.6
147, 120, 27.93129227, 95.38132685,   2.6
148, 120, 27.91579697, 95.36828751,   2.6
149, 120, 27.90008960, 95.35507454,   2.6
150, 120, 27.88416723, 95.34168568,   2.6
151, 120, 27.86802692, 95.32811864,   2.6
152, 120, 27.85166565, 95.31437111,   2.6
153, 120, 27.83508040, 95.30044073,   2.6
154, 120, 27.81826808, 95.28632513,   2.6
155, 120, 27.80122557, 95.27202190,   2.6
156, 120, 27.78394968, 95.25752862,   2.6
157, 120, 27.76643722, 95.24284282,   2.6
158, 120, 27.74868492, 95.22796199,   2.6
159, 120, 27.73068949, 95.21288362,   2.6
160, 120, 27.71244756, 95.19760516,   2.6
161, 120, 27.69395576, 95.18212400,   2.6
162, 120, 27.67521063, 95.16643753,   2.6
163, 120, 27.65620868, 95.15054310,   2.6
164, 120, 27.63694638, 95.13443803,   2.6
165, 120, 27.61742013, 95.11811960,   2.6
166, 120, 27.59762631, 95.10158505,   2.6
167, 120, 27.57756121, 95.08483161,   2.6
168, 120, 27.55722111, 95.06785646,   2.6
169, 120, 27.53660221, 95.05065674,   2.6
170, 120, 27.51570065, 95.03322957,   2.6
171, 120, 27.49451256, 95.01557203,   2.6
172, 120, 27.47303397, 94.99768117,   2.6
173, 120, 27.45126087, 94.97955398,   2.6
174, 120, 27.42918921, 94.96118745,   2.6
175, 120, 27.40681485, 94.94257851,   2.6
176, 120, 27.38413364, 94.92372407,   2.6
177, 120, 27.36114132, 94.90462097,   2.6
178, 120, 27.33783360, 94.88526605,   2.6
179, 120, 27.31420614, 94.86565610,   2.6
180, 120, 27.29025451, 94.84578786,   2.6
181, 120, 27.26597424, 94.82565805,   2.6
182, 120, 27.24136079, 94.80526333,   2.6
183, 120, 27.21640955, 94.78460033,   2.6
184, 120, 27.19111586, 94.76366566,   2.6
185, 120, 27.16547499, 94.74245586,   2.6
186, 120, 27.13948215, 94.72096744,   2.6
187, 120, 27.11313245, 94.69919688,   2.6
188, 120, 27.08642098, 94.67714060,   2.6
189, 120, 27.05934273, 94.65479500,   2.6
190, 120, 27.03189264, 94.63215640,   2.6
191, 120, 27.00406555, 94.60922113,   2.6
  1, 121, 28.91087345, 96.21168648,  99.9
  2, 121, 28.90875270, 96.20980739,  99.9
  3, 121, 28.90660307, 96.20790280,  99.9
  4, 121, 28.90442417, 96.20597238,  99.9
  5, 121, 28.90221558, 96.20401578,  99.9
  6, 121, 28.89997692, 96.20203264,  99.9
  7, 121, 28.89770777, 96.20002260,  99.9
  8, 121, 28.89540771, 96.19798530,  99.9
  9, 121, 28.89307633, 96.19592037,  99.9
 10, 121, 28.89071319, 96.19382744,  99.9
 11, 121, 28.88831786, 96.19170612,  99.9
 12, 121, 28.88588991, 96.18955604,  99.9
 13, 121, 28.88342889, 96.18737681,  99.9
 14, 121, 28.88093434, 96.18516803,  99.9
 15, 121, 28.87840582, 96.18292931,  99.9
 16, 121, 28.87584285, 96.18066023,  99.9
 17, 121, 28.87324498, 96.17836039,  99.9
 18, 121, 28.87061171, 96.17602938,  99.9
 19, 121, 28.86794257, 96.17366676,  99.9
 20, 121, 28.86523708, 96.17127213,  99.9
 21, 121, 28.86249472, 96.16884503,  99.9
 22, 121, 28.85971501, 96.16638504,  99.9
 23, 121, 28.85689743, 96.16389171,  99.9
 24, 121, 28.85404147, 96.16136460,  99.9
 25, 121, 28.85114660, 96.15880323,  99.9
 26, 121, 28.84821229, 96.15620716,  99.9
 27, 121, 28.84523800, 96.15357592,  99.9
 28, 121, 28.84222319, 96.15090902,  99.9
 29, 121, 28.83916730, 96.14820600,  99.9
 30, 121, 28.83606978, 96.14546635,  99.9
 31, 121, 28.83293006, 96.14268959,  99.9
 32, 121, 28.82974756, 96.13987522,  99.9
 33, 121, 28.82652169, 96.13702273,   4.7
 34, 121, 28.82325187, 96.13413160,   4.7
 35, 121, 28.81993750, 96.13120132,  99.9
 36, 121, 28.81657796, 96.12823136,  99.9
 37, 121, 28.81317265, 96.12522118,  99.9
 38, 121, 28.80972093, 96.12217024,  99.9
 39, 121, 28.80622217, 96.11907799,  99.9
 40, 121, 28.80267574, 96.11594388,  99.9
 41, 121, 28.79908098, 96.11276733,  99.9
 42, 121, 28.79543723, 96.10954779,  99.9
 43, 121, 28.79174382, 96.10628467,  99.9
 44, 121, 28.78800008, 96.10297737,  99.9
 45, 121, 28.78420531, 96.09962532,  99.9
 46, 121, 28.78035882, 96.09622791,  99.9
 47, 121, 28.77645991, 96.09278452,  99.9
 48, 121, 28.77250786, 96.08929453,  99.9
 49, 121, 28.76850195, 96.08575733,  99.9
 50, 121, 28.76444143, 96.08217227,  99.9
 51, 121, 28.76032556, 96.07853871,  99.9
 52, 121, 28.75615360, 96.07485601,  99.9
 53, 121, 28.75192476, 96.07112349,  99.9
 54, 121, 28.74763828, 96.06734048,  99.9
 55, 121, 28.74329336, 96.06350632,  99.9
 56, 121, 28.73888922, 96.05962031,  99.9
 57, 121, 28.73442503, 96.05568175,  99.9
 58, 121, 28.72989999, 96.05168995,  99.9
 59, 121, 28.72531325, 96.04764417,  99.9
 60, 121, 28.72066398, 96.04354371,  99.9
 61, 121, 28.71595133, 96.03938782,  99.9
 62, 121, 28.71117441, 96.03517576,  99.9
 63, 121, 28.70633237, 96.03090678,  99.9
 64, 121, 28.70142431, 96.02658011,  99.9
 65, 121, 28.69644932, 96.02219498,  99.9
 66, 121, 28.69140649, 96.01775060,  99.9
 67, 121, 28.68629490, 96.01324618,   4.4
 68, 121, 28.68111361, 96.00868091,  99.9
 69, 121, 28.67586165, 96.00405399,   4.4
 70, 121, 28.67053808, 95.99936457,   4.4
 71, 121, 28.66514190, 95.99461183,   4.3
 72, 121, 28.65967213, 95.98979491,   4.3
 73, 121, 28.65412776, 95.98491296,   4.3
 74, 121, 28.64850776, 95.97996510,   4.2
 75, 121, 28.64281112, 95.97495046,   4.2
 76, 121, 28.63703677, 95.96986813,   4.1
 77, 121, 28.63118366, 95.96471721,   4.0
 78, 121, 28.62525070, 95.95949678,   4.0
 79, 121, 28.61923682, 95.95420592,   3.8
 80, 121, 28.61314089, 95.94884368,   4.1
 81, 121, 28.60696180, 95.94340911,   4.1
 82, 121, 28.60069842, 95.93790123,   4.1
 83, 121, 28.59434958, 95.93231907,   4.0
 84, 121, 28.58791412, 95.92666164,   3.9
 85, 121, 28.58139085, 95.92092793,   3.9
 86, 121, 28.57477858, 95.91511692,   3.8
 87, 121, 28.56807608, 95.90922759,   3.8
 88, 121, 28.56128212, 95.90325887,   3.8
 89, 121, 28.55439546, 95.89720972,   3.7
 90, 121, 28.54741481, 95.89107905,   3.7
 91, 121, 28.54033889, 95.88486579,   3.6
 92, 121, 28.53316641, 95.87856884,   3.6
 93, 121, 28.52589604, 95.87218706,   3.6
 94, 121, 28.51852643, 95.86571934,   3.5
 95, 121, 28.51105624, 95.85916453,   3.5
 96, 121, 28.50348408, 95.85252147,   3.5
 97, 121, 28.49580855, 95.84578898,   3.5
 98, 121, 28.48802825, 95.83896588,   3.4
 99, 121, 28.48014174, 95.83205095,   3.4
100, 121, 28.47214755, 95.82504297,   3.4
101, 121, 28.46404423, 95.81794071,   3.4
102, 121, 28.45583027, 95.81074291,   3.3
103, 121, 28.44750416, 95.80344831,   3.3
104, 121, 28.43906436, 95.79605561,   3.3
105, 121, 28.43050931, 95.78856351,   3.3
106, 121, 28.42183744, 95.78097069,   3.2
107, 121, 28.41304714, 95.77327582,   3.2
108, 121, 28.40413679, 95.76547753,   3.2
109, 121, 28.39510475, 95.75757447,   3.2
110, 121, 28.38594935, 95.74956523,   3.2
111, 121, 28.37666889, 95.74144840,   3.1
112, 121, 28.36726167, 95.73322258,   3.1
113, 121, 28.35772594, 95.72488630,   3.1
114, 121, 28.34805994, 95.71643810,   3.1
115, 121, 28.33826190, 95.70787651,   3.1
116, 121, 28.32832999, 95.69920002,   3.0
117, 121, 28.31826237, 95.69040711,   3.0
118, 121, 28.30805720, 95.68149625,   3.0
119, 121, 28.29771258, 95.67246587,   3.0
120, 121, 28.28722660, 95.66331438,   2.9
121, 121, 28.27659732, 95.65404021,   2.9
122, 121, 28.26582277, 95.64464171,   2.9
123, 121, 28.25490096, 95.63511725,   2.9
124, 121, 28.24382987, 95.62546518,   2.9
125, 121, 28.23260745, 95.61568380,   2.9
126, 121, 28.22123163, 95.60577140,   2.8
127, 121, 28.20970029, 95.59572628,   2.8
128, 121, 28.19801130, 95.58554666,   2.8
129, 121, 28.18616250, 95.57523080,   2.8
130, 121, 28.17415169, 95.56477688,   2.8
131, 121, 28.16197665, 95.55418310,   2.8
132, 121, 28.14963512, 95.54344761,   2.8
133, 121, 28.13712482, 95.53256855,   2.7
134, 121, 28.12444342, 95.52154404,   2.7
135, 121, 28.11158858, 95.51037217,   2.7
136, 121, 28.09855791, 95.49905100,   2.7
137, 121, 28.08534899, 95.48757857,   2.7
138, 121, 28.07195939, 95.47595290,   2.7
139, 121, 28.05838660, 95.46417199,   2.7
140, 121, 28.04462812, 95.45223379,   2.7
141, 121, 28.03068139, 95.44013625,   2.6
142, 121, 28.01654382, 95.42787728,   2.6
143, 121, 28.00221279, 95.41545477,   2.6
144, 121, 27.98768564, 95.40286659,   2.6
145, 121, 27.97295966, 95.39011056,   2.6
146, 121, 27.95803213, 95.37718451,   2.6
147, 121, 27.94290027, 95.36408620,   2.6
148, 121, 27.92756128, 95.35081339,   2.6
149, 121, 27.91201229, 95.33736381,   2.6
150, 121, 27.89625042, 95.32373515,   2.6
151, 121, 27.88027273, 95.30992509,   2.6
152, 121, 27.86407627, 95.29593125,   2.6
153, 121, 27.84765801, 95.28175126,   2.6
154, 121, 27.83101490, 95.26738268,   2.6
155, 121, 27.81414384, 95.25282308,   2.6
156, 121, 27.79704170, 95.23806997,   2.6
157, 121, 27.77970529, 95.22312084,   2.6
158, 121, 27.76213138, 95.20797315,   2.6
159, 121, 27.74431670, 95.19262432,   2.6
160, 121, 27.72625793, 95.17707176,   2.6
161, 121, 27.70795172, 95.16131282,   2.6
162, 121, 27.68939464, 95.14534484,   2.6
163, 121, 27.67058324, 95.12916512,   2.6
164, 121, 27.65151401, 95.11277092,   2.6
165, 121, 27.63218340, 95.09615947,   2.6
166, 121, 27.61258780, 95.07932797,   2.6
167, 121, 27.59272355, 95.06227359,   2.6
168, 121, 27.57258696, 95.04499346,   2.6
169, 121, 27.55217426, 95.02748466,   2.6
170, 121, 27.53148164, 95.00974427,   2.6
171, 121, 27.51050524, 94.99176931,   2.6
172, 121, 27.48924114, 94.97355676,   2.6
173, 121, 27.46768538, 94.95510358,   2.6
174, 121, 27.44583391, 94.93640668,   2.6
175, 121, 27.42368267, 94.91746294,   2.6
176, 121, 27.40122750, 94.89826921,   2.6
177, 121, 27.37846422, 94.87882228,   2.6
178, 121, 27.35538856, 94.85911892,   2.6
179, 121, 27.33199621, 94.83915586,   2.6
180, 121, 27.30828280, 94.81892979,   2.6
181, 121, 27.28424388, 94.79843735,   2.6
182, 121, 27.25987496, 94.77767515,   2.6
183, 121, 27.23517147, 94.75663976,   2.6
184, 121, 27.21012879, 94.73532770,   2.6
185, 121, 27.18474223, 94.71373548,   2.6
186, 121, 27.15900703, 94.69185952,   2.6
187, 121, 27.13291838, 94.66969624,   2.6
188, 121, 27.10647137, 94.64724199,   2.6
189, 121, 27.07966106, 94.62449310,   2.6
190, 121, 27.05248241, 94.60144584,   2.6
191, 121, 27.02493033, 94.57809644,   2.6
  1, 122, 28.91253003, 96.20930535,  99.9
  2, 122, 28.91043179, 96.20739388,  99.9
  3, 122, 28.90830497, 96.20545647,  99.9
  4, 122, 28.90614919, 96.20349279,  99.9
  5, 122, 28.90396404, 96.20150247,  99.9
  6, 122, 28.90174913, 96.19948515,  99.9
  7, 122, 28.89950406, 96.19744047,  99.9
  8, 122, 28.89722840, 96.19536806,  99.9
  9, 122, 28.89492175, 96.19326754,  99.9
 10, 122, 28.89258368, 96.19113853,  99.9
 11, 122, 28.89021376, 96.18898066,  99.9
 12, 122, 28.88781156, 96.18679352,  99.9
 13, 122, 28.88537664, 96.18457673,  99.9
 14, 122, 28.88290856, 96.18232987,  99.9
 15, 122, 28.88040685, 96.18005256,  99.9
 16, 122, 28.87787106, 96.17774436,  99.9
 17, 122, 28.87530073, 96.17540488,  99.9
 18, 122, 28.87269538, 96.17303368,  99.9
 19, 122, 28.87005454, 96.17063034,  99.9
 20, 122, 28.86737773, 96.16819441,  99.9
 21, 122, 28.86466445, 96.16572548,  99.9
 22, 122, 28.86191420, 96.16322307,  99.9
 23, 122, 28.85912649, 96.16068675,  99.9
 24, 122, 28.85630080, 96.15811606,  99.9
 25, 122, 28.85343661, 96.15551054,  99.9
 26, 122, 28.85053339, 96.15286970,  99.9
 27, 122, 28.84759062, 96.15019308,  99.9
 28, 122, 28.84460775, 96.14748019,  99.9
 29, 122, 28.84158425, 96.14473055,   4.7
 30, 122, 28.83851954, 96.14194366,   4.7
 31, 122, 28.83541308, 96.13911901,   4.7
 32, 122, 28.83226429, 96.13625610,   4.7
 33, 122, 28.82907259, 96.13335441,   4.7
 34, 122, 28.82583740, 96.13041342,  99.9
 35, 122, 28.82255813, 96.12743259,  99.9
 36, 122, 28.81923417, 96.12441140,  99.9
 37, 122, 28.81586491, 96.12134929,  99.9
 38, 122, 28.81244974, 96.11824571,  99.9
 39, 122, 28.80898802, 96.11510012,  99.9
 40, 122, 28.80547913, 96.11191193,  99.9
 41, 122, 28.80192242, 96.10868058,  99.9
 42, 122, 28.79831723, 96.10540549,  99.9
 43, 122, 28.79466291, 96.10208606,  99.9
 44, 122, 28.79095878, 96.09872170,  99.9
 45, 122, 28.78720417, 96.09531180,  99.9
 46, 122, 28.78339838, 96.09185576,  99.9
 47, 122, 28.77954072, 96.08835294,  99.9
 48, 122, 28.77563048, 96.08480273,  99.9
 49, 122, 28.77166693, 96.08120447,  99.9
 50, 122, 28.76764936, 96.07755753,  99.9
 51, 122, 28.76357702, 96.07386126,  99.9
 52, 122, 28.75944916, 96.07011498,  99.9
 53, 122, 28.75526504, 96.06631803,  99.9
 54, 122, 28.75102387, 96.06246971,  99.9
 55, 122, 28.74672489, 96.05856936,  99.9
 56, 122, 28.74236729, 96.05461625,  99.9
 57, 122, 28.73795029, 96.05060969,  99.9
 58, 122, 28.73347306, 96.04654896,  99.9
 59, 122, 28.72893479, 96.04243332,  99.9
 60, 122, 28.72433464, 96.03826205,  99.9
 61, 122, 28.71967176, 96.03403439,  99.9
 62, 122, 28.71494531, 96.02974958,  99.9
 63, 122, 28.71015441, 96.02540687,  99.9
 64, 122, 28.70529817, 96.02100547,  99.9
 65, 122, 28.70037571, 96.01654459,  99.9
 66, 122, 28.69538613, 96.01202343,  99.9
 67, 122, 28.69032850, 96.00744120,  99.9
 68, 122, 28.68520189, 96.00279706,  99.9
 69, 122, 28.68000537, 95.99809019,   4.4
 70, 122, 28.67473797, 95.99331975,   4.4
 71, 122, 28.66939872, 95.98848488,   4.3
 72, 122, 28.66398666, 95.98358472,   4.3
 73, 122, 28.65850077, 95.97861840,   4.3
 74, 122, 28.65294005, 95.97358503,   4.2
 75, 122, 28.64730348, 95.96848371,   4.1
 76, 122, 28.64159001, 95.96331353,   4.0
 77, 122, 28.63579861, 95.95807357,   3.9
 78, 122, 28.62992819, 95.95276289,   3.7
 79, 122, 28.62397769, 95.94738056,   3.5
 80, 122, 28.61794600, 95.94192561,   3.7
 81, 122, 28.61183202, 95.93639706,   4.1
 82, 122, 28.60563462, 95.93079394,   4.1
 83, 122, 28.59935265, 95.92511525,   4.0
 84, 122, 28.59298497, 95.91935998,   4.0
 85, 122, 28.58653039, 95.91352709,   3.9
 86, 122, 28.57998774, 95.90761557,   3.9
 87, 122, 28.57335579, 95.90162435,   3.8
 88, 122, 28.56663334, 95.89555238,   3.8
 89, 122, 28.55981915, 95.88939857,   3.7
 90, 122, 28.55291195, 95.88316183,   3.7
 91, 122, 28.54591047, 95.87684105,   3.7
 92, 122, 28.53881343, 95.87043512,   3.6
 93, 122, 28.53161951, 95.86394290,   3.6
 94, 122, 28.52432739, 95.85736324,   3.5
 95, 122, 28.51693573, 95.85069497,   3.5
 96, 122, 28.50944315, 95.84393691,   3.5
 97, 122, 28.50184829, 95.83708786,   3.5
 98, 122, 28.49414973, 95.83014662,   3.4
 99, 122, 28.48634606, 95.82311195,   3.4
100, 122, 28.47843584, 95.81598262,   3.4
101, 122, 28.47041761, 95.80875736,   3.4
102, 122, 28.46228989, 95.80143489,   3.3
103, 122, 28.45405117, 95.79401393,   3.3
104, 122, 28.44569994, 95.78649316,   3.3
105, 122, 28.43723466, 95.77887126,   3.3
106, 122, 28.42865375, 95.77114688,   3.3
107, 122, 28.41995565, 95.76331867,   3.2
108, 122, 28.41113874, 95.75538524,   3.2
109, 122, 28.40220138, 95.74734520,   3.2
110, 122, 28.39314194, 95.73919713,   3.2
111, 122, 28.38395874, 95.73093960,   3.1
112, 122, 28.37465007, 95.72257116,   3.1
113, 122, 28.36521423, 95.71409034,   3.1
114, 122, 28.35564945, 95.70549565,   3.1
115, 122, 28.34595399, 95.69678558,   3.1
116, 122, 28.33612604, 95.68795860,   3.0
117, 122, 28.32616378, 95.67901317,   3.0
118, 122, 28.31606538, 95.66994771,   3.0
119, 122, 28.30582896, 95.66076065,   3.0
120, 122, 28.29545263, 95.65145037,   3.0
121, 122, 28.28493447, 95.64201525,   2.9
122, 122, 28.27427254, 95.63245363,   2.9
123, 122, 28.26346485, 95.62276384,   2.9
124, 122, 28.25250941, 95.61294420,   2.9
125, 122, 28.24140420, 95.60299299,   2.9
126, 122, 28.23014715, 95.59290848,   2.8
127, 122, 28.21873617, 95.58268890,   2.8
128, 122, 28.20716916, 95.57233248,   2.8
129, 122, 28.19544397, 95.56183742,   2.8
130, 122, 28.18355843, 95.55120188,   2.8
131, 122, 28.17151033, 95.54042402,   2.8
132, 122, 28.15929744, 95.52950198,   2.8
133, 122, 28.14691750, 95.51843384,   2.7
134, 122, 28.13436821, 95.50721770,   2.7
135, 122, 28.12164724, 95.49585161,   2.7
136, 122, 28.10875223, 95.48433359,   2.7
137, 122, 28.09568080, 95.47266166,   2.7
138, 122, 28.08243050, 95.46083380,   2.7
139, 122, 28.06899889, 95.44884796,   2.7
140, 122, 28.05538347, 95.43670207,   2.7
141, 122, 28.04158171, 95.42439403,   2.6
142, 122, 28.02759104, 95.41192173,   2.6
143, 122, 28.01340888, 95.39928301,   2.6
144, 122, 27.99903258, 95.38647570,   2.6
145, 122, 27.98445947, 95.37349759,   2.6
146, 122, 27.96968684, 95.36034646,   2.6
147, 122, 27.95471196, 95.34702003,   2.6
148, 122, 27.93953202, 95.33351604,   2.6
149, 122, 27.92414421, 95.31983215,   2.6
150, 122, 27.90854566, 95.30596603,   2.6
151, 122, 27.89273348, 95.29191530,   2.6
152, 122, 27.87670473, 95.27767755,   2.6
153, 122, 27.86045640, 95.26325036,   2.6
154, 122, 27.84398549, 95.24863126,   2.6
155, 122, 27.82728893, 95.23381776,   2.6
156, 122, 27.81036359, 95.21880733,   2.6
157, 122, 27.79320634, 95.20359741,   2.6
158, 122, 27.77581398, 95.18818543,   2.6
159, 122, 27.75818325, 95.17256875,   2.6
160, 122, 27.74031088, 95.15674473,   2.6
161, 122, 27.72219354, 95.14071068,   2.6
162, 122, 27.70382784, 95.12446389,   2.6
163, 122, 27.68521035, 95.10800161,   2.6
164, 122, 27.66633761, 95.09132104,   2.6
165, 122, 27.64720610, 95.07441938,   2.6
166, 122, 27.62781223, 95.05729377,   2.6
167, 122, 27.60815239, 95.03994132,   2.6
168, 122, 27.58822291, 95.02235911,   2.6
169, 122, 27.56802006, 95.00454418,   2.6
170, 122, 27.54754008, 94.98649355,   2.6
171, 122, 27.52677912, 94.96820417,   2.6
172, 122, 27.50573332, 94.94967299,   2.6
173, 122, 27.48439873, 94.93089689,   2.6
174, 122, 27.46277137, 94.91187274,   2.6
175, 122, 27.44084719, 94.89259737,   2.6
176, 122, 27.41862208, 94.87306754,   2.6
177, 122, 27.39609190, 94.85328001,   2.6
178, 122, 27.37325241, 94.83323149,   2.6
179, 122, 27.35009935, 94.81291863,   2.6
180, 122, 27.32662838, 94.79233807,   2.6
181, 122, 27.30283510, 94.77148640,   2.6
182, 122, 27.27871504, 94.75036015,   2.6
183, 122, 27.25426370, 94.72895583,   2.6
184, 122, 27.22947649, 94.70726992,   2.6
185, 122, 27.20434875, 94.68529882,   2.6
186, 122, 27.17887578, 94.66303892,   2.6
187, 122, 27.15305280, 94.64048655,   2.6
188, 122, 27.12687496, 94.61763802,   2.6
189, 122, 27.10033734, 94.59448957,   2.6
190, 122, 27.07343497, 94.57103740,   2.6
191, 122, 27.04616279, 94.54727769,   2.6
  1, 123, 28.91421473, 96.20694980,  99.9
  2, 123, 28.91213938, 96.20500630,  99.9
  3, 123, 28.91003576, 96.20303642,  99.9
  4, 123, 28.90790349, 96.20103983,  99.9
  5, 123, 28.90574218, 96.19901615,  99.9
  6, 123, 28.90355143, 96.19696502,  99.9
  7, 123, 28.90133084, 96.19488607,  99.9
  8, 123, 28.89908000, 96.19277892,  99.9
  9, 123, 28.89679850, 96.19064319,  99.9
 10, 123, 28.89448593, 96.18847850,  99.9
 11, 123, 28.89214185, 96.18628445,  99.9
 12, 123, 28.88976584, 96.18406065,  99.9
 13, 123, 28.88735747, 96.18180670,  99.9
 14, 123, 28.88491629, 96.17952218,  99.9
 15, 123, 28.88244185, 96.17720668,  99.9
 16, 123, 28.87993370, 96.17485979,  99.9
 17, 123, 28.87739139, 96.17248108,  99.9
 18, 123, 28.87481444, 96.17007013,  99.9
 19, 123, 28.87220238, 96.16762649,  99.9
 20, 123, 28.86955474, 96.16514972,  99.9
 21, 123, 28.86687102, 96.16263938,  99.9
 22, 123, 28.86415074, 96.16009502,  99.9
 23, 123, 28.86139340, 96.15751617,  99.9
 24, 123, 28.85859849, 96.15490237,  99.9
 25, 123, 28.85576550, 96.15225314,  99.9
 26, 123, 28.85289391, 96.14956802,  99.9
 27, 123, 28.84998320, 96.14684651,  99.9
 28, 123, 28.84703282, 96.14408812,  99.9
 29, 123, 28.84404224, 96.14129236,  99.9
 30, 123, 28.84101091, 96.13845872,  99.9
 31, 123, 28.83793827, 96.13558669,  99.9
 32, 123, 28.83482376, 96.13267576,  99.9
 33, 123, 28.83166682, 96.12972539,  99.9
 34, 123, 28.82846685, 96.12673506,  99.9
 35, 123, 28.82522327, 96.12370422,  99.9
 36, 123, 28.82193549, 96.12063234,  99.9
 37, 123, 28.81860290, 96.11751886,  99.9
 38, 123, 28.81522490, 96.11436321,  99.9
 39, 123, 28.81180085, 96.11116483,  99.9
 40, 123, 28.80833014, 96.10792315,  99.9
 41, 123, 28.80481213, 96.10463757,  99.9
 42, 123, 28.80124616, 96.10130752,  99.9
 43, 123, 28.79763159, 96.09793238,  99.9
 44, 123, 28.79396776, 96.09451156,  99.9
 45, 123, 28.79025398, 96.09104443,  99.9
 46, 123, 28.78648958, 96.08753038,  99.9
 47, 123, 28.78267387, 96.08396876,  99.9
 48, 123, 28.77880614, 96.08035895,  99.9
 49, 123, 28.77488569, 96.07670030,  99.9
 50, 123, 28.77091179, 96.07299214,  99.9
 51, 123, 28.76688371, 96.06923380,  99.9
 52, 123, 28.76280073, 96.06542463,  99.9
 53, 123, 28.75866207, 96.06156392,  99.9
 54, 123, 28.75446699, 96.05765099,  99.9
 55, 123, 28.75021472, 96.05368514,  99.9
 56, 123, 28.74590447, 96.04966565,  99.9
 57, 123, 28.74153545, 96.04559180,  99.9
 58, 123, 28.73710685, 96.04146287,  99.9
 59, 123, 28.73261787, 96.03727811,  99.9
 60, 123, 28.72806768, 96.03303677,  99.9
 61, 123, 28.72345543, 96.02873810,  99.9
 62, 123, 28.71878030, 96.02438132,  99.9
 63, 123, 28.71404140, 96.01996565,  99.9
 64, 123, 28.70923788, 96.01549030,  99.9
 65, 123, 28.70436885, 96.01095447,  99.9
 66, 123, 28.69943341, 96.00635735,  99.9
 67, 123, 28.69443066, 96.00169811,  99.9
 68, 123, 28.68935967, 95.99697593,  99.9
 69, 123, 28.68421952, 95.99218996,   4.4
 70, 123, 28.67900925, 95.98733934,   4.4
 71, 123, 28.67372792, 95.98242321,   4.3
 72, 123, 28.66837453, 95.97744069,   4.3
 73, 123, 28.66294813, 95.97239088,   4.2
 74, 123, 28.65744769, 95.96727290,   4.2
 75, 123, 28.65187222, 95.96208581,   4.1
 76, 123, 28.64622067, 95.95682871,   3.9
 77, 123, 28.64049203, 95.95150064,   3.6
 78, 123, 28.63468522, 95.94610066,   3.5
 79, 123, 28.62879918, 95.94062782,   3.5
 80, 123, 28.62283283, 95.93508112,   3.7
 81, 123, 28.61678506, 95.92945959,   3.9
 82, 123, 28.61065477, 95.92376222,   4.1
 83, 123, 28.60444082, 95.91798801,   4.0
 84, 123, 28.59814206, 95.91213591,   4.0
 85, 123, 28.59175735, 95.90620490,   3.9
 86, 123, 28.58528550, 95.90019391,   3.9
 87, 123, 28.57872531, 95.89410188,   3.8
 88, 123, 28.57207559, 95.88792772,   3.8
 89, 123, 28.56533510, 95.88167034,   3.7
 90, 123, 28.55850260, 95.87532864,   3.7
 91, 123, 28.55157683, 95.86890147,   3.7
 92, 123, 28.54455651, 95.86238770,   3.6
 93, 123, 28.53744036, 95.85578618,   3.6
 94, 123, 28.53022705, 95.84909574,   3.6
 95, 123, 28.52291525, 95.84231519,   3.5
 96, 123, 28.51550363, 95.83544332,   3.5
 97, 123, 28.50799080, 95.82847893,   3.5
 98, 123, 28.50037538, 95.82142078,   3.4
 99, 123, 28.49265597, 95.81426762,   3.4
100, 123, 28.48483115, 95.80701819,   3.4
101, 123, 28.47689946, 95.79967120,   3.4
102, 123, 28.46885944, 95.79222536,   3.3
103, 123, 28.46070962, 95.78467935,   3.3
104, 123, 28.45244847, 95.77703184,   3.3
105, 123, 28.44407448, 95.76928149,   3.3
106, 123, 28.43558611, 95.76142691,   3.3
107, 123, 28.42698177, 95.75346674,   3.2
108, 123, 28.41825989, 95.74539956,   3.2
109, 123, 28.40941884, 95.73722396,   3.2
110, 123, 28.40045700, 95.72893849,   3.2
111, 123, 28.39137271, 95.72054171,   3.2
112, 123, 28.38216429, 95.71203213,   3.1
113, 123, 28.37283003, 95.70340825,   3.1
114, 123, 28.36336821, 95.69466857,   3.1
115, 123, 28.35377708, 95.68581155,   3.1
116, 123, 28.34405487, 95.67683563,   3.0
117, 123, 28.33419977, 95.66773924,   3.0
118, 123, 28.32420996, 95.65852078,   3.0
119, 123, 28.31408359, 95.64917865,   3.0
120, 123, 28.30381879, 95.63971120,   3.0
121, 123, 28.29341366, 95.63011678,   2.9
122, 123, 28.28286626, 95.62039371,   2.9
123, 123, 28.27217466, 95.61054029,   2.9
124, 123, 28.26133685, 95.60055480,   2.9
125, 123, 28.25035085, 95.59043549,   2.9
126, 123, 28.23921460, 95.58018061,   2.9
127, 123, 28.22792605, 95.56978836,   2.8
128, 123, 28.21648311, 95.55925694,   2.8
129, 123, 28.20488365, 95.54858450,   2.8
130, 123, 28.19312551, 95.53776919,   2.8
131, 123, 28.18120653, 95.52680914,   2.8
132, 123, 28.16912449, 95.51570243,   2.8
133, 123, 28.15687714, 95.50444713,   2.7
134, 123, 28.14446222, 95.49304130,   2.7
135, 123, 28.13187742, 95.48148296,   2.7
136, 123, 28.11912040, 95.46977009,   2.7
137, 123, 28.10618879, 95.45790068,   2.7
138, 123, 28.09308020, 95.44587267,   2.7
139, 123, 28.07979218, 95.43368397,   2.7
140, 123, 28.06632228, 95.42133249,   2.7
141, 123, 28.05266797, 95.40881608,   2.6
142, 123, 28.03882673, 95.39613260,   2.6
143, 123, 28.02479599, 95.38327984,   2.6
144, 123, 28.01057313, 95.37025561,   2.6
145, 123, 27.99615551, 95.35705765,   2.6
146, 123, 27.98154045, 95.34368369,   2.6
147, 123, 27.96672522, 95.33013144,   2.6
148, 123, 27.95170708, 95.31639857,   2.6
149, 123, 27.93648321, 95.30248272,   2.6
150, 123, 27.92105080, 95.28838151,   2.6
151, 123, 27.90540697, 95.27409251,   2.6
152, 123, 27.88954880, 95.25961329,   2.6
153, 123, 27.87347333, 95.24494137,   2.6
154, 123, 27.85717758, 95.23007424,   2.6
155, 123, 27.84065850, 95.21500936,   2.6
156, 123, 27.82391302, 95.19974417,   2.6
157, 123, 27.80693801, 95.18427606,   2.6
158, 123, 27.78973031, 95.16860240,   2.6
159, 123, 27.77228670, 95.15272052,   2.6
160, 123, 27.75460394, 95.13662772,   2.6
161, 123, 27.73667871, 95.12032128,   2.6
162, 123, 27.71850768, 95.10379843,   2.6
163, 123, 27.70008745, 95.08705637,   2.6
164, 123, 27.68141458, 95.07009226,   2.6
165, 123, 27.66248559, 95.05290323,   2.6
166, 123, 27.64329692, 95.03548639,   2.6
167, 123, 27.62384501, 95.01783880,   2.6
168, 123, 27.60412621, 94.99995747,   2.6
169, 123, 27.58413684, 94.98183941,   2.6
170, 123, 27.56387314, 94.96348155,   2.6
171, 123, 27.54333135, 94.94488083,   2.6
172, 123, 27.52250760, 94.92603411,   2.6
173, 123, 27.50139801, 94.90693825,   2.6
174, 123, 27.47999861, 94.88759003,   2.6
175, 123, 27.45830541, 94.86798623,   2.6
176, 123, 27.43631434, 94.84812357,   2.6
177, 123, 27.41402127, 94.82799874,   2.6
178, 123, 27.39142204, 94.80760838,   2.6
179, 123, 27.36851239, 94.78694910,   2.6
180, 123, 27.34528805, 94.76601747,   2.6
181, 123, 27.32174464, 94.74481001,   2.6
182, 123, 27.29787776, 94.72332321,   2.6
183, 123, 27.27368292, 94.70155351,   2.6
184, 123, 27.24915559, 94.67949730,   2.6
185, 123, 27.22429115, 94.65715095,   2.6
186, 123, 27.19908494, 94.63451077,   2.6
187, 123, 27.17353223, 94.61157303,   2.6
188, 123, 27.14762820, 94.58833396,   2.6
189, 123, 27.12136800, 94.56478974,   2.6
190, 123, 27.09474668, 94.54093651,   2.6
191, 123, 27.06775924, 94.51677036,   2.6
  1, 124, 28.91592725, 96.20462027,  99.9
  2, 124, 28.91387517, 96.20264508,  99.9
  3, 124, 28.91179513, 96.20064309,  99.9
  4, 124, 28.90968677, 96.19861395,  99.9
  5, 124, 28.90754968, 96.19655728,  99.9
  6, 124, 28.90538349, 96.19447271,  99.9
  7, 124, 28.90318779, 96.19235986,  99.9
  8, 124, 28.90096218, 96.19021836,  99.9
  9, 124, 28.89870625, 96.18804781,  99.9
 10, 124, 28.89641959, 96.18584782,  99.9
 11, 124, 28.89410178, 96.18361800,  99.9
 12, 124, 28.89175239, 96.18135794,  99.9
 13, 124, 28.88937101, 96.17906723,  99.9
 14, 124, 28.88695717, 96.17674545,  99.9
 15, 124, 28.88451046, 96.17439220,  99.9
 16, 124, 28.88203041, 96.17200704,  99.9
 17, 124, 28.87951657, 96.16958953,  99.9
 18, 124, 28.87696849, 96.16713926,  99.9
 19, 124, 28.87438569, 96.16465576,  99.9
 20, 124, 28.87176770, 96.16213860,  99.9
 21, 124, 28.86911404, 96.15958732,  99.9
 22, 124, 28.86642422, 96.15700145,  99.9
 23, 124, 28.86369775, 96.15438053,  99.9
 24, 124, 28.86093414, 96.15172409,  99.9
 25, 124, 28.85813287, 96.14903165,  99.9
 26, 124, 28.85529342, 96.14630272,  99.9
 27, 124, 28.85241529, 96.14353681,  99.9
 28, 124, 28.84949794, 96.14073342,  99.9
 29, 124, 28.84654083, 96.13789205,  99.9
 30, 124, 28.84354343, 96.13501217,  99.9
 31, 124, 28.84050518, 96.13209328,  99.9
 32, 124, 28.83742552, 96.12913485,  99.9
 33, 124, 28.83430390, 96.12613633,  99.9
 34, 124, 28.83113973, 96.12309720,  99.9
 35, 124, 28.82793244, 96.12001691,  99.9
 36, 124, 28.82468144, 96.11689489,  99.9
 37, 124, 28.82138613, 96.11373059,  99.9
 38, 124, 28.81804590, 96.11052344,  99.9
 39, 124, 28.81466015, 96.10727285,  99.9
 40, 124, 28.81122825, 96.10397826,  99.9
 41, 124, 28.80774958, 96.10063905,  99.9
 42, 124, 28.80422348, 96.09725463,  99.9
 43, 124, 28.80064933, 96.09382439,  99.9
 44, 124, 28.79702645, 96.09034772,  99.9
 45, 124, 28.79335418, 96.08682398,  99.9
 46, 124, 28.78963186, 96.08325255,  99.9
 47, 124, 28.78585879, 96.07963278,  99.9
 48, 124, 28.78203428, 96.07596403,  99.9
 49, 124, 28.77815763, 96.07224562,  99.9
 50, 124, 28.77422813, 96.06847690,  99.9
 51, 124, 28.77024506, 96.06465719,  99.9
 52, 124, 28.76620768, 96.06078580,  99.9
 53, 124, 28.76211525, 96.05686203,  99.9
 54, 124, 28.75796702, 96.05288519,  99.9
 55, 124, 28.75376223, 96.04885455,  99.9
 56, 124, 28.74950011, 96.04476940,  99.9
 57, 124, 28.74517986, 96.04062900,  99.9
 58, 124, 28.74080070, 96.03643261,  99.9
 59, 124, 28.73636183, 96.03217948,  99.9
 60, 124, 28.73186242, 96.02786883,  99.9
 61, 124, 28.72730165, 96.02349991,  99.9
 62, 124, 28.72267868, 96.01907193,  99.9
 63, 124, 28.71799265, 96.01458410,  99.9
 64, 124, 28.71324272, 96.01003560,  99.9
 65, 124, 28.70842800, 96.00542564,  99.9
 66, 124, 28.70354760, 96.00075337,   4.0
 67, 124, 28.69860064, 95.99601798,   4.1
 68, 124, 28.69358619, 95.99121860,   4.2
 69, 124, 28.68850335, 95.98635438,   4.3
 70, 124, 28.68335116, 95.98142445,   4.3
 71, 124, 28.67812869, 95.97642794,   4.4
 72, 124, 28.67283497, 95.97136394,   4.2
 73, 124, 28.66746903, 95.96623155,   4.2
 74, 124, 28.66202988, 95.96102986,   4.2
 75, 124, 28.65651651, 95.95575794,   3.8
 76, 124, 28.65092792, 95.95041484,   3.6
 77, 124, 28.64526307, 95.94499962,   3.4
 78, 124, 28.63952092, 95.93951130,   3.4
 79, 124, 28.63370042, 95.93394892,   3.5
 80, 124, 28.62780048, 95.92831147,   3.6
 81, 124, 28.62182003, 95.92259795,   3.8
 82, 124, 28.61575795, 95.91680735,   4.1
 83, 124, 28.60961315, 95.91093864,   4.0
 84, 124, 28.60338447, 95.90499076,   4.0
 85, 124, 28.59707078, 95.89896267,   3.9
 86, 124, 28.59067090, 95.89285328,   3.9
 87, 124, 28.58418367, 95.88666152,   3.8
 88, 124, 28.57760788, 95.88038628,   3.8
 89, 124, 28.57094232, 95.87402645,   3.8
 90, 124, 28.56418576, 95.86758090,   3.7
 91, 124, 28.55733695, 95.86104848,   3.7
 92, 124, 28.55039464, 95.85442803,   3.6
 93, 124, 28.54335753, 95.84771838,   3.6
 94, 124, 28.53622434, 95.84091835,   3.6
 95, 124, 28.52899374, 95.83402671,   3.5
 96, 124, 28.52166440, 95.82704226,   3.5
 97, 124, 28.51423498, 95.81996376,   3.5
 98, 124, 28.50670408, 95.81278995,   3.5
 99, 124, 28.49907033, 95.80551956,   3.4
100, 124, 28.49133232, 95.79815131,   3.4
101, 124, 28.48348861, 95.79068390,   3.4
102, 124, 28.47553776, 95.78311600,   3.4
103, 124, 28.46747830, 95.77544628,   3.3
104, 124, 28.45930874, 95.76767338,   3.3
105, 124, 28.45102757, 95.75979593,   3.3
106, 124, 28.44263325, 95.75181254,   3.3
107, 124, 28.43412424, 95.74372181,   3.2
108, 124, 28.42549897, 95.73552230,   3.2
109, 124, 28.41675583, 95.72721258,   3.2
110, 124, 28.40789322, 95.71879117,   3.2
111, 124, 28.39890948, 95.71025661,   3.2
112, 124, 28.38980297, 95.70160738,   3.1
113, 124, 28.38057199, 95.69284197,   3.1
114, 124, 28.37121484, 95.68395883,   3.1
115, 124, 28.36172978, 95.67495641,   3.1
116, 124, 28.35211506, 95.66583312,   3.1
117, 124, 28.34236890, 95.65658737,   3.0
118, 124, 28.33248949, 95.64721753,   3.0
119, 124, 28.32247501, 95.63772196,   3.0
120, 124, 28.31232359, 95.62809899,   3.0
121, 124, 28.30203337, 95.61834695,   2.9
122, 124, 28.29160242, 95.60846413,   2.9
123, 124, 28.28102882, 95.59844880,   2.9
124, 124, 28.27031061, 95.58829920,   2.9
125, 124, 28.25944580, 95.57801357,   2.9
126, 124, 28.24843237, 95.56759011,   2.9
127, 124, 28.23726829, 95.55702700,   2.8
128, 124, 28.22595148, 95.54632240,   2.8
129, 124, 28.21447984, 95.53547445,   2.8
130, 124, 28.20285124, 95.52448126,   2.8
131, 124, 28.19106353, 95.51334090,   2.8
132, 124, 28.17911451, 95.50205146,   2.8
133, 124, 28.16700197, 95.49061096,   2.8
134, 124, 28.15472366, 95.47901742,   2.7
135, 124, 28.14227729, 95.46726882,   2.7
136, 124, 28.12966056, 95.45536314,   2.7
137, 124, 28.11687112, 95.44329830,   2.7
138, 124, 28.10390659, 95.43107221,   2.7
139, 124, 28.09076457, 95.41868277,   2.7
140, 124, 28.07744260, 95.40612783,   2.7
141, 124, 28.06393821, 95.39340521,   2.7
142, 124, 28.05024890, 95.38051273,   2.6
143, 124, 28.03637210, 95.36744815,   2.6
144, 124, 28.02230524, 95.35420924,   2.6
145, 124, 28.00804571, 95.34079369,   2.6
146, 124, 27.99359084, 95.32719921,   2.6
147, 124, 27.97893794, 95.31342346,   2.6
148, 124, 27.96408429, 95.29946408,   2.6
149, 124, 27.94902712, 95.28531865,   2.6
150, 124, 27.93376362, 95.27098476,   2.6
151, 124, 27.91829094, 95.25645995,   2.6
152, 124, 27.90260621, 95.24174173,   2.6
153, 124, 27.88670649, 95.22682758,   2.6
154, 124, 27.87058883, 95.21171496,   2.6
155, 124, 27.85425021, 95.19640128,   2.6
156, 124, 27.83768758, 95.18088392,   2.6
157, 124, 27.82089787, 95.16516025,   2.6
158, 124, 27.80387792, 95.14922757,   2.6
159, 124, 27.78662456, 95.13308319,   2.6
160, 124, 27.76913457, 95.11672436,   2.6
161, 124, 27.75140468, 95.10014829,   2.6
162, 124, 27.73343158, 95.08335217,   2.6
163, 124, 27.71521191, 95.06633317,   2.6
164, 124, 27.69674226, 95.04908838,   2.6
165, 124, 27.67801918, 95.03161490,   2.6
166, 124, 27.65903916, 95.01390977,   2.6
167, 124, 27.63979866, 94.99597000,   2.6
168, 124, 27.62029407, 94.97779257,   2.6
169, 124, 27.60052175, 94.95937441,   2.6
170, 124, 27.58047798, 94.94071243,   2.6
171, 124, 27.56015902, 94.92180348,   2.6
172, 124, 27.53956106, 94.90264439,   2.6
173, 124, 27.51868023, 94.88323194,   2.6
174, 124, 27.49751263, 94.86356289,   2.6
175, 124, 27.47605429, 94.84363394,   2.6
176, 124, 27.45430117, 94.82344176,   2.6
177, 124, 27.43224921, 94.80298298,   2.6
178, 124, 27.40989426, 94.78225418,   2.6
179, 124, 27.38723212, 94.76125192,   2.6
180, 124, 27.36425855, 94.73997269,   2.6
181, 124, 27.34096922, 94.71841297,   2.6
182, 124, 27.31735976, 94.69656917,   2.6
183, 124, 27.29342574, 94.67443768,   2.6
184, 124, 27.26916266, 94.65201482,   2.6
185, 124, 27.24456595, 94.62929691,   2.6
186, 124, 27.21963099, 94.60628017,   2.6
187, 124, 27.19435309, 94.58296083,   2.6
188, 124, 27.16872750, 94.55933504,   2.6
189, 124, 27.14274938, 94.53539891,   2.6
190, 124, 27.11641385, 94.51114852,   2.6
191, 124, 27.08971595, 94.48657989,   2.6
  1, 125, 28.91766727, 96.20231717,  99.9
  2, 125, 28.91563883, 96.20031066,  99.9
  3, 125, 28.91358276, 96.19827692,  99.9
  4, 125, 28.91149868, 96.19621560,  99.9
  5, 125, 28.90938622, 96.19412631,  99.9
  6, 125, 28.90724497, 96.19200867,  99.9
  7, 125, 28.90507456, 96.18986232,  99.9
  8, 125, 28.90287458, 96.18768685,  99.9
  9, 125, 28.90064463, 96.18548187,  99.9
 10, 125, 28.89838431, 96.18324698,  99.9
 11, 125, 28.89609319, 96.18098179,  99.9
 12, 125, 28.89377086, 96.17868587,  99.9
 13, 125, 28.89141689, 96.17635882,  99.9
 14, 125, 28.88903085, 96.17400021,  99.9
 15, 125, 28.88661230, 96.17160962,  99.9
 16, 125, 28.88416080, 96.16918662,  99.9
 17, 125, 28.88167590, 96.16673076,  99.9
 18, 125, 28.87915714, 96.16424161,  99.9
 19, 125, 28.87660407, 96.16171870,  99.9
 20, 125, 28.87401621, 96.15916160,  99.9
 21, 125, 28.87139309, 96.15656983,  99.9
 22, 125, 28.86873422, 96.15394293,  99.9
 23, 125, 28.86603913, 96.15128042,  99.9
 24, 125, 28.86330731, 96.14858182,  99.9
 25, 125, 28.86053827, 96.14584665,  99.9
 26, 125, 28.85773149, 96.14307441,  99.9
 27, 125, 28.85488646, 96.14026459,  99.9
 28, 125, 28.85200267, 96.13741671,  99.9
 29, 125, 28.84907957, 96.13453023,  99.9
 30, 125, 28.84611664, 96.13160464,  99.9
 31, 125, 28.84311333, 96.12863941,  99.9
 32, 125, 28.84006909, 96.12563401,  99.9
 33, 125, 28.83698335, 96.12258789,  99.9
 34, 125, 28.83385556, 96.11950051,  99.9
 35, 125, 28.83068515, 96.11637131,  99.9
 36, 125, 28.82747152, 96.11319972,  99.9
 37, 125, 28.82421408, 96.10998517,  99.9
 38, 125, 28.82091225, 96.10672709,  99.9
 39, 125, 28.81756541, 96.10342489,  99.9
 40, 125, 28.81417295, 96.10007797,  99.9
 41, 125, 28.81073424, 96.09668573,  99.9
 42, 125, 28.80724866, 96.09324756,  99.9
 43, 125, 28.80371556, 96.08976284,  99.9
 44, 125, 28.80013430, 96.08623094,  99.9
 45, 125, 28.79650422, 96.08265123,  99.9
 46, 125, 28.79282464, 96.07902306,  99.9
 47, 125, 28.78909490, 96.07534579,  99.9
 48, 125, 28.78531431, 96.07161875,  99.9
 49, 125, 28.78148218, 96.06784127,  99.9
 50, 125, 28.77759779, 96.06401266,  99.9
 51, 125, 28.77366044, 96.06013226,  99.9
 52, 125, 28.76966940, 96.05619935,  99.9
 53, 125, 28.76562394, 96.05221323,  99.9
 54, 125, 28.76152332, 96.04817318,  99.9
 55, 125, 28.75736678, 96.04407848,  99.9
 56, 125, 28.75315356, 96.03992840,  99.9
 57, 125, 28.74888288, 96.03572219,  99.9
 58, 125, 28.74455395, 96.03145909,  99.9
 59, 125, 28.74016599, 96.02713834,  99.9
 60, 125, 28.73571818, 96.02275917,  99.9
 61, 125, 28.73120971, 96.01832079,  99.9
 62, 125, 28.72663975, 96.01382240,  99.9
 63, 125, 28.72200745, 96.00926321,  99.9
 64, 125, 28.71731196, 96.00464238,  99.9
 65, 125, 28.71255243, 95.99995911,  99.9
 66, 125, 28.70772796, 95.99521253,   4.0
 67, 125, 28.70283769, 95.99040182,   4.0
 68, 125, 28.69788070, 95.98552610,   4.3
 69, 125, 28.69285608, 95.98058451,   4.3
 70, 125, 28.68776291, 95.97557615,   4.3
 71, 125, 28.68260026, 95.97050014,   4.2
 72, 125, 28.67736716, 95.96535557,   4.2
 73, 125, 28.67206266, 95.96014152,   4.1
 74, 125, 28.66668577, 95.95485706,   4.0
 75, 125, 28.66123552, 95.94950124,   3.7
 76, 125, 28.65571089, 95.94407310,   3.5
 77, 125, 28.65011087, 95.93857169,   3.4
 78, 125, 28.64443443, 95.93299601,   3.5
 79, 125, 28.63868051, 95.92734508,   3.5
 80, 125, 28.63284807, 95.92161788,   3.5
 81, 125, 28.62693601, 95.91581340,  99.9
 82, 125, 28.62094326, 95.90993060,   4.1
 83, 125, 28.61486872, 95.90396843,   4.1
 84, 125, 28.60871125, 95.89792583,   4.0
 85, 125, 28.60246972, 95.89180173,   4.0
 86, 125, 28.59614299, 95.88559504,   3.9
 87, 125, 28.58972988, 95.87930464,   3.9
 88, 125, 28.58322921, 95.87292944,   3.8
 89, 125, 28.57663979, 95.86646828,   3.8
 90, 125, 28.56996040, 95.85992002,   3.7
 91, 125, 28.56318980, 95.85328351,   3.7
 92, 125, 28.55632674, 95.84655756,   3.6
 93, 125, 28.54936997, 95.83974097,   3.6
 94, 125, 28.54231819, 95.83283255,   3.6
 95, 125, 28.53517010, 95.82583106,   3.5
 96, 125, 28.52792438, 95.81873526,   3.5
 97, 125, 28.52057970, 95.81154390,   3.5
 98, 125, 28.51313469, 95.80425569,   3.5
 99, 125, 28.50558799, 95.79686937,   3.4
100, 125, 28.49793819, 95.78938360,   3.4
101, 125, 28.49018389, 95.78179708,   3.4
102, 125, 28.48232365, 95.77410845,   3.4
103, 125, 28.47435601, 95.76631637,   3.3
104, 125, 28.46627951, 95.75841945,   3.3
105, 125, 28.45809265, 95.75041630,   3.3
106, 125, 28.44979392, 95.74230551,   3.3
107, 125, 28.44138178, 95.73408564,   3.2
108, 125, 28.43285468, 95.72575525,   3.2
109, 125, 28.42421103, 95.71731287,   3.2
110, 125, 28.41544925, 95.70875701,   3.2
111, 125, 28.40656770, 95.70008617,   3.2
112, 125, 28.39756474, 95.69129881,   3.1
113, 125, 28.38843871, 95.68239340,   3.1
114, 125, 28.37918792, 95.67336837,   3.1
115, 125, 28.36981065, 95.66422213,   3.1
116, 125, 28.36030517, 95.65495308,   3.1
117, 125, 28.35066971, 95.64555958,   3.0
118, 125, 28.34090249, 95.63604000,   3.0
119, 125, 28.33100171, 95.62639265,   3.0
120, 125, 28.32096551, 95.61661586,   3.0
121, 125, 28.31079205, 95.60670791,   3.0
122, 125, 28.30047944, 95.59666706,   2.9
123, 125, 28.29002576, 95.58649156,   2.9
124, 125, 28.27942908, 95.57617963,   2.9
125, 125, 28.26868743, 95.56572947,   2.9
126, 125, 28.25779881, 95.55513925,   2.9
127, 125, 28.24676121, 95.54440712,   2.8
128, 125, 28.23557258, 95.53353122,   2.8
129, 125, 28.22423083, 95.52250964,   2.8
130, 125, 28.21273387, 95.51134047,   2.8
131, 125, 28.20107956, 95.50002176,   2.8
132, 125, 28.18926572, 95.48855154,   2.8
133, 125, 28.17729018, 95.47692782,   2.8
134, 125, 28.16515069, 95.46514858,   2.7
135, 125, 28.15284501, 95.45321177,   2.7
136, 125, 28.14037084, 95.44111533,   2.7
137, 125, 28.12772588, 95.42885715,   2.7
138, 125, 28.11490775, 95.41643511,   2.7
139, 125, 28.10191409, 95.40384707,   2.7
140, 125, 28.08874246, 95.39109083,   2.7
141, 125, 28.07539043, 95.37816420,   2.7
142, 125, 28.06185550, 95.36506495,   2.6
143, 125, 28.04813515, 95.35179080,   2.6
144, 125, 28.03422683, 95.33833948,   2.6
145, 125, 28.02012795, 95.32470867,   2.6
146, 125, 28.00583588, 95.31089600,   2.6
147, 125, 27.99134795, 95.29689912,   2.6
148, 125, 27.97666147, 95.28271561,   2.6
149, 125, 27.96177370, 95.26834304,   2.6
150, 125, 27.94668185, 95.25377893,   2.6
151, 125, 27.93138312, 95.23902079,   2.6
152, 125, 27.91587465, 95.22406609,   2.6
153, 125, 27.90015354, 95.20891227,   2.6
154, 125, 27.88421686, 95.19355673,   2.6
155, 125, 27.86806164, 95.17799686,   2.6
156, 125, 27.85168485, 95.16222999,   2.6
157, 125, 27.83508344, 95.14625343,   2.6
158, 125, 27.81825430, 95.13006446,   2.6
159, 125, 27.80119429, 95.11366032,   2.6
160, 125, 27.78390022, 95.09703822,   2.6
161, 125, 27.76636885, 95.08019534,   2.6
162, 125, 27.74859691, 95.06312881,   2.6
163, 125, 27.73058107, 95.04583574,   2.6
164, 125, 27.71231795, 95.02831319,   2.6
165, 125, 27.69380414, 95.01055821,   2.6
166, 125, 27.67503618, 94.99256778,   2.6
167, 125, 27.65601054, 94.97433886,   2.6
168, 125, 27.63672366, 94.95586839,   2.6
169, 125, 27.61717192, 94.93715324,   2.6
170, 125, 27.59735167, 94.91819026,   2.6
171, 125, 27.57725918, 94.89897626,   2.6
172, 125, 27.55689069, 94.87950801,   2.6
173, 125, 27.53624237, 94.85978224,   2.6
174, 125, 27.51531035, 94.83979565,   2.6
175, 125, 27.49409070, 94.81954488,   2.6
176, 125, 27.47257944, 94.79902655,   2.6
177, 125, 27.45077252, 94.77823723,   2.6
178, 125, 27.42866584, 94.75717344,   2.6
179, 125, 27.40625526, 94.73583169,   2.6
180, 125, 27.38353656, 94.71420840,   2.6
181, 125, 27.36050547, 94.69229999,   2.6
182, 125, 27.33715766, 94.67010282,   2.6
183, 125, 27.31348872, 94.64761320,   2.6
184, 125, 27.28949422, 94.62482741,   2.6
185, 125, 27.26516963, 94.60174167,   2.6
186, 125, 27.24051036, 94.57835218,   2.6
187, 125, 27.21551178, 94.55465507,   2.6
188, 125, 27.19016918, 94.53064644,   2.6
189, 125, 27.16447777, 94.50632234,   2.6
190, 125, 27.13843272, 94.48167877,   2.6
191, 125, 27.11202911, 94.45671168,   2.6
  1, 126, 28.91943448, 96.20004093,  99.9
  2, 126, 28.91743006, 96.19800346,  99.9
  3, 126, 28.91539832, 96.19593834,  99.9
  4, 126, 28.91333891, 96.19384521,  99.9
  5, 126, 28.91125145, 96.19172367,  99.9
  6, 126, 28.90913554, 96.18957336,  99.9
  7, 126, 28.90699082, 96.18739388,  99.9
  8, 126, 28.90481687, 96.18518484,  99.9
  9, 126, 28.90261331, 96.18294583,  99.9
 10, 126, 28.90037973, 96.18067645,  99.9
 11, 126, 28.89811572, 96.17837629,  99.9
 12, 126, 28.89582086, 96.17604494,  99.9
 13, 126, 28.89349474, 96.17368197,  99.9
 14, 126, 28.89113693, 96.17128696,  99.9
 15, 126, 28.88874699, 96.16885946,  99.9
 16, 126, 28.88632448, 96.16639905,  99.9
 17, 126, 28.88386897, 96.16390528,  99.9
 18, 126, 28.88138001, 96.16137770,  99.9
 19, 126, 28.87885712, 96.15881585,  99.9
 20, 126, 28.87629986, 96.15621926,  99.9
 21, 126, 28.87370776, 96.15358747,  99.9
 22, 126, 28.87108033, 96.15092001,  99.9
 23, 126, 28.86841710, 96.14821639,  99.9
 24, 126, 28.86571758, 96.14547612,  99.9
 25, 126, 28.86298127, 96.14269871,  99.9
 26, 126, 28.86020766, 96.13988366,  99.9
 27, 126, 28.85739626, 96.13703045,  99.9
 28, 126, 28.85454655, 96.13413858,  99.9
 29, 126, 28.85165800, 96.13120752,  99.9
 30, 126, 28.84873008, 96.12823674,  99.9
 31, 126, 28.84576225, 96.12522571,  99.9
 32, 126, 28.84275398, 96.12217389,  99.9
 33, 126, 28.83970470, 96.11908072,  99.9
 34, 126, 28.83661386, 96.11594564,  99.9
 35, 126, 28.83348089, 96.11276809,  99.9
 36, 126, 28.83030522, 96.10954750,  99.9
 37, 126, 28.82708625, 96.10628329,  99.9
 38, 126, 28.82382341, 96.10297487,  99.9
 39, 126, 28.82051609, 96.09962164,  99.9
 40, 126, 28.81716368, 96.09622300,  99.9
 41, 126, 28.81376558, 96.09277834,  99.9
 42, 126, 28.81032114, 96.08928703,  99.9
 43, 126, 28.80682975, 96.08574846,  99.9
 44, 126, 28.80329076, 96.08216197,  99.9
 45, 126, 28.79970351, 96.07852693,  99.9
 46, 126, 28.79606736, 96.07484268,  99.9
 47, 126, 28.79238163, 96.07110857,  99.9
 48, 126, 28.78864564, 96.06732391,  99.9
 49, 126, 28.78485871, 96.06348802,  99.9
 50, 126, 28.78102015, 96.05960023,  99.9
 51, 126, 28.77712924, 96.05565983,  99.9
 52, 126, 28.77318527, 96.05166610,  99.9
 53, 126, 28.76918752, 96.04761834,  99.9
 54, 126, 28.76513525, 96.04351582,  99.9
 55, 126, 28.76102771, 96.03935780,  99.9
 56, 126, 28.75686416, 96.03514353,  99.9
 57, 126, 28.75264382, 96.03087226,  99.9
 58, 126, 28.74836592, 96.02654322,  99.9
 59, 126, 28.74402967, 96.02215563,  99.9
 60, 126, 28.73963427, 96.01770872,  99.9
 61, 126, 28.73517892, 96.01320167,  99.9
 62, 126, 28.73066279, 96.00863368,  99.9
 63, 126, 28.72608506, 96.00400394,  99.9
 64, 126, 28.72144487, 95.99931162,  99.9
 65, 126, 28.71674139, 95.99455586,  99.9
 66, 126, 28.71197374, 95.98973583,  99.9
 67, 126, 28.70714104, 95.98485066,  99.9
 68, 126, 28.70224240, 95.97989948,   4.4
 69, 126, 28.69727693, 95.97488139,   4.4
 70, 126, 28.69224371, 95.96979550,  99.9
 71, 126, 28.68714180, 95.96464091,   4.1
 72, 126, 28.68197028, 95.95941669,   4.4
 73, 126, 28.67672818, 95.95412190,   4.3
 74, 126, 28.67141455, 95.94875561,   4.1
 75, 126, 28.66602840, 95.94331684,   3.8
 76, 126, 28.66056874, 95.93780464,   3.6
 77, 126, 28.65503456, 95.93221802,   3.5
 78, 126, 28.64942485, 95.92655598,   3.5
 79, 126, 28.64373857, 95.92081750,   3.5
 80, 126, 28.63797468, 95.91500158,   3.6
 81, 126, 28.63213210, 95.90910716,   3.7
 82, 126, 28.62620976, 95.90313321,   4.1
 83, 126, 28.62020657, 95.89707865,   4.1
 84, 126, 28.61412143, 95.89094240,   4.0
 85, 126, 28.60795320, 95.88472338,   4.0
 86, 126, 28.60170076, 95.87842048,   3.9
 87, 126, 28.59536294, 95.87203258,   3.9
 88, 126, 28.58893858, 95.86555853,   3.8
 89, 126, 28.58242650, 95.85899720,   3.8
 90, 126, 28.57582548, 95.85234741,   3.7
 91, 126, 28.56913432, 95.84560798,   3.7
 92, 126, 28.56235177, 95.83877771,   3.7
 93, 126, 28.55547659, 95.83185540,   3.6
 94, 126, 28.54850750, 95.82483981,   3.6
 95, 126, 28.54144321, 95.81772970,   3.6
 96, 126, 28.53428243, 95.81052381,   3.5
 97, 126, 28.52702383, 95.80322086,   3.5
 98, 126, 28.51966606, 95.79581956,   3.5
 99, 126, 28.51220777, 95.78831860,   3.4
100, 126, 28.50464757, 95.78071665,   3.4
101, 126, 28.49698408, 95.77301236,   3.4
102, 126, 28.48921587, 95.76520437,   3.4
103, 126, 28.48134151, 95.75729130,   3.3
104, 126, 28.47335953, 95.74927175,   3.3
105, 126, 28.46526847, 95.74114432,   3.3
106, 126, 28.45706683, 95.73290755,   3.3
107, 126, 28.44875308, 95.72456000,   3.3
108, 126, 28.44032570, 95.71610019,   3.2
109, 126, 28.43178311, 95.70752664,   3.2
110, 126, 28.42312374, 95.69883783,   3.2
111, 126, 28.41434599, 95.69003224,   3.2
112, 126, 28.40544822, 95.68110830,   3.1
113, 126, 28.39642880, 95.67206446,   3.1
114, 126, 28.38728604, 95.66289912,   3.1
115, 126, 28.37801826, 95.65361066,   3.1
116, 126, 28.36862373, 95.64419747,   3.1
117, 126, 28.35910072, 95.63465788,   3.0
118, 126, 28.34944746, 95.62499022,   3.0
119, 126, 28.33966216, 95.61519280,   3.0
120, 126, 28.32974300, 95.60526389,   3.0
121, 126, 28.31968815, 95.59520176,   3.0
122, 126, 28.30949574, 95.58500464,   2.9
123, 126, 28.29916387, 95.57467076,   2.9
124, 126, 28.28869064, 95.56419830,   2.9
125, 126, 28.27807409, 95.55358543,   2.9
126, 126, 28.26731225, 95.54283029,   2.9
127, 126, 28.25640313, 95.53193102,   2.9
128, 126, 28.24534469, 95.52088570,   2.8
129, 126, 28.23413489, 95.50969242,   2.8
130, 126, 28.22277164, 95.49834922,   2.8
131, 126, 28.21125283, 95.48685412,   2.8
132, 126, 28.19957632, 95.47520512,   2.8
133, 126, 28.18773993, 95.46340020,   2.8
134, 126, 28.17574146, 95.45143731,   2.8
135, 126, 28.16357868, 95.43931436,   2.7
136, 126, 28.15124934, 95.42702925,   2.7
137, 126, 28.13875112, 95.41457986,   2.7
138, 126, 28.12608172, 95.40196402,   2.7
139, 126, 28.11323876, 95.38917954,   2.7
140, 126, 28.10021985, 95.37622422,   2.7
141, 126, 28.08702258, 95.36309581,   2.7
142, 126, 28.07364448, 95.34979205,   2.6
143, 126, 28.06008306, 95.33631063,   2.6
144, 126, 28.04633578, 95.32264922,   2.6
145, 126, 28.03240010, 95.30880548,   2.6
146, 126, 28.01827340, 95.29477701,   2.6
147, 126, 28.00395305, 95.28056140,   2.6
148, 126, 27.98943639, 95.26615621,   2.6
149, 126, 27.97472069, 95.25155895,   2.6
150, 126, 27.95980322, 95.23676712,   2.6
151, 126, 27.94468119, 95.22177818,   2.6
152, 126, 27.92935177, 95.20658956,   2.6
153, 126, 27.91381210, 95.19119866,   2.6
154, 126, 27.89805927, 95.17560284,   2.6
155, 126, 27.88209035, 95.15979943,   2.6
156, 126, 27.86590234, 95.14378573,   2.6
157, 126, 27.84949223, 95.12755901,   2.6
158, 126, 27.83285693, 95.11111650,   2.6
159, 126, 27.81599333, 95.09445540,   2.6
160, 126, 27.79889828, 95.07757286,   2.6
161, 126, 27.78156859, 95.06046603,   2.6
162, 126, 27.76400099, 95.04313198,   2.6
163, 126, 27.74619221, 95.02556777,   2.6
164, 126, 27.72813891, 95.00777044,   2.6
165, 126, 27.70983770, 94.98973695,   2.6
166, 126, 27.69128515, 94.97146426,   2.6
167, 126, 27.67247778, 94.95294928,   2.6
168, 126, 27.65341207, 94.93418888,   2.6
169, 126, 27.63408443, 94.91517988,   2.6
170, 126, 27.61449124, 94.89591910,   2.6
171, 126, 27.59462883, 94.87640328,   2.6
172, 126, 27.57449346, 94.85662914,   2.6
173, 126, 27.55408134, 94.83659336,   2.6
174, 126, 27.53338865, 94.81629257,   2.6
175, 126, 27.51241150, 94.79572337,   2.6
176, 126, 27.49114593, 94.77488232,   2.6
177, 126, 27.46958796, 94.75376593,   2.6
178, 126, 27.44773352, 94.73237067,   2.6
179, 126, 27.42557850, 94.71069297,   2.6
180, 126, 27.40311874, 94.68872922,   2.6
181, 126, 27.38034999, 94.66647577,   2.6
182, 126, 27.35726799, 94.64392890,   2.6
183, 126, 27.33386837, 94.62108488,   2.6
184, 126, 27.31014672, 94.59793992,   2.6
185, 126, 27.28609858, 94.57449019,   2.6
186, 126, 27.26171941, 94.55073180,   2.6
187, 126, 27.23700461, 94.52666083,   2.6
188, 126, 27.21194952, 94.50227332,   2.6
189, 126, 27.18654940, 94.47756523,   2.6
190, 126, 27.16079946, 94.45253252,   2.6
191, 126, 27.13469485, 94.42717106,   2.6
  1, 127, 28.92122856, 96.19779197,  99.9
  2, 127, 28.91924851, 96.19572390,  99.9
  3, 127, 28.91724149, 96.19362777,  99.9
  4, 127, 28.91520712, 96.19150321,  99.9
  5, 127, 28.91314504, 96.18934982,  99.9
  6, 127, 28.91105486, 96.18716722,  99.9
  7, 127, 28.90893621, 96.18495501,  99.9
  8, 127, 28.90678870, 96.18271279,  99.9
  9, 127, 28.90461192, 96.18044016,  99.9
 10, 127, 28.90240550, 96.17813670,  99.9
 11, 127, 28.90016900, 96.17580199,  99.9
 12, 127, 28.89790204, 96.17343563,  99.9
 13, 127, 28.89560419, 96.17103716,  99.9
 14, 127, 28.89327503, 96.16860617,  99.9
 15, 127, 28.89091414, 96.16614222,  99.9
 16, 127, 28.88852107, 96.16364485,  99.9
 17, 127, 28.88609540, 96.16111362,  99.9
 18, 127, 28.88363667, 96.15854806,  99.9
 19, 127, 28.88114444, 96.15594772,  99.9
 20, 127, 28.87861825, 96.15331212,  99.9
 21, 127, 28.87605763, 96.15064080,  99.9
 22, 127, 28.87346212, 96.14793325,  99.9
 23, 127, 28.87083124, 96.14518901,  99.9
 24, 127, 28.86816450, 96.14240756,  99.9
 25, 127, 28.86546142, 96.13958842,  99.9
 26, 127, 28.86272150, 96.13673106,  99.9
 27, 127, 28.85994424, 96.13383497,  99.9
 28, 127, 28.85712913, 96.13089964,  99.9
 29, 127, 28.85427564, 96.12792453,  99.9
 30, 127, 28.85138327, 96.12490910,  99.9
 31, 127, 28.84845147, 96.12185281,  99.9
 32, 127, 28.84547971, 96.11875511,  99.9
 33, 127, 28.84246744, 96.11561544,  99.9
 34, 127, 28.83941411, 96.11243324,  99.9
 35, 127, 28.83631916, 96.10920792,  99.9
 36, 127, 28.83318202, 96.10593891,  99.9
 37, 127, 28.83000212, 96.10262562,  99.9
 38, 127, 28.82677886, 96.09926745,  99.9
 39, 127, 28.82351166, 96.09586380,  99.9
 40, 127, 28.82019992, 96.09241406,  99.9
 41, 127, 28.81684303, 96.08891759,  99.9
 42, 127, 28.81344037, 96.08537378,  99.9
 43, 127, 28.80999132, 96.08178198,  99.9
 44, 127, 28.80649524, 96.07814155,  99.9
 45, 127, 28.80295149, 96.07445184,  99.9
 46, 127, 28.79935942, 96.07071217,  99.9
 47, 127, 28.79571837, 96.06692188,  99.9
 48, 127, 28.79202767, 96.06308029,  99.9
 49, 127, 28.78828664, 96.05918669,  99.9
 50, 127, 28.78449459, 96.05524040,  99.9
 51, 127, 28.78065083, 96.05124071,  99.9
 52, 127, 28.77675465, 96.04718689,  99.9
 53, 127, 28.77280533, 96.04307822,  99.9
 54, 127, 28.76880215, 96.03891396,  99.9
 55, 127, 28.76474437, 96.03469336,  99.9
 56, 127, 28.76063124, 96.03041566,  99.9
 57, 127, 28.75646201, 96.02608010,  99.9
 58, 127, 28.75223590, 96.02168589,  99.9
 59, 127, 28.74795215, 96.01723225,  99.9
 60, 127, 28.74360997, 96.01271839,  99.9
 61, 127, 28.73920855, 96.00814348,  99.9
 62, 127, 28.73474708, 96.00350672,  99.9
 63, 127, 28.73022474, 95.99880726,  99.9
 64, 127, 28.72564071, 95.99404427,  99.9
 65, 127, 28.72099413, 95.98921690,  99.9
 66, 127, 28.71628416, 95.98432427,  99.9
 67, 127, 28.71150991, 95.97936552,   4.4
 68, 127, 28.70667052, 95.97433975,   4.4
 69, 127, 28.70176510, 95.96924607,  99.9
 70, 127, 28.69679273, 95.96408356,  99.9
 71, 127, 28.69175251, 95.95885130,   4.0
 72, 127, 28.68664350, 95.95354836,   4.4
 73, 127, 28.68146476, 95.94817379,   4.3
 74, 127, 28.67621534, 95.94272662,   4.1
 75, 127, 28.67089427, 95.93720589,   3.8
 76, 127, 28.66550057, 95.93161060,   3.6
 77, 127, 28.66003325, 95.92593977,   3.5
 78, 127, 28.65449129, 95.92019237,   3.4
 79, 127, 28.64887368, 95.91436738,   3.5
 80, 127, 28.64317938, 95.90846376,   3.5
 81, 127, 28.63740734, 95.90248046,   3.7
 82, 127, 28.63155649, 95.89641642,   3.8
 83, 127, 28.62562575, 95.89027054,   4.1
 84, 127, 28.61961404, 95.88404175,   4.1
 85, 127, 28.61352023, 95.87772892,   4.0
 86, 127, 28.60734321, 95.87133093,   3.9
 87, 127, 28.60108184, 95.86484665,   3.9
 88, 127, 28.59473496, 95.85827492,   3.8
 89, 127, 28.58830139, 95.85161457,   3.8
 90, 127, 28.58177995, 95.84486443,   3.8
 91, 127, 28.57516944, 95.83802328,   3.7
 92, 127, 28.56846863, 95.83108991,   3.7
 93, 127, 28.56167628, 95.82406310,   3.6
 94, 127, 28.55479115, 95.81694159,   3.6
 95, 127, 28.54781195, 95.80972413,   3.6
 96, 127, 28.54073740, 95.80240942,   3.5
 97, 127, 28.53356620, 95.79499618,   3.5
 98, 127, 28.52629700, 95.78748309,   3.5
 99, 127, 28.51892848, 95.77986882,   3.5
100, 127, 28.51145926, 95.77215202,   3.4
101, 127, 28.50388797, 95.76433133,   3.4
102, 127, 28.49621320, 95.75640536,   3.4
103, 127, 28.48843354, 95.74837270,   3.4
104, 127, 28.48054754, 95.74023195,   3.3
105, 127, 28.47255374, 95.73198166,   3.3
106, 127, 28.46445067, 95.72362037,   3.3
107, 127, 28.45623683, 95.71514661,   3.3
108, 127, 28.44791069, 95.70655888,   3.2
109, 127, 28.43947071, 95.69785567,   3.2
110, 127, 28.43091532, 95.68903544,   3.2
111, 127, 28.42224295, 95.68009664,   3.2
112, 127, 28.41345199, 95.67103769,   3.2
113, 127, 28.40454080, 95.66185701,   3.1
114, 127, 28.39550773, 95.65255297,   3.1
115, 127, 28.38635112, 95.64312394,   3.1
116, 127, 28.37706925, 95.63356826,   3.1
117, 127, 28.36766041, 95.62388425,   3.1
118, 127, 28.35812286, 95.61407021,   3.0
119, 127, 28.34845481, 95.60412442,   3.0
120, 127, 28.33865449, 95.59404513,   3.0
121, 127, 28.32872007, 95.58383059,   3.0
122, 127, 28.31864970, 95.57347899,   3.0
123, 127, 28.30844152, 95.56298853,   2.9
124, 127, 28.29809362, 95.55235736,   2.9
125, 127, 28.28760409, 95.54158364,   2.9
126, 127, 28.27697098, 95.53066547,   2.9
127, 127, 28.26619231, 95.51960096,   2.9
128, 127, 28.25526608, 95.50838815,   2.8
129, 127, 28.24419025, 95.49702511,   2.8
130, 127, 28.23296277, 95.48550985,   2.8
131, 127, 28.22158154, 95.47384037,   2.8
132, 127, 28.21004445, 95.46201462,   2.8
133, 127, 28.19834936, 95.45003055,   2.8
134, 127, 28.18649408, 95.43788608,   2.8
135, 127, 28.17447640, 95.42557910,   2.7
136, 127, 28.16229410, 95.41310746,   2.7
137, 127, 28.14994490, 95.40046901,   2.7
138, 127, 28.13742650, 95.38766155,   2.7
139, 127, 28.12473656, 95.37468286,   2.7
140, 127, 28.11187273, 95.36153070,   2.7
141, 127, 28.09883260, 95.34820278,   2.7
142, 127, 28.08561374, 95.33469680,   2.7
143, 127, 28.07221369, 95.32101042,   2.6
144, 127, 28.05862994, 95.30714129,   2.6
145, 127, 28.04485996, 95.29308701,   2.6
146, 127, 28.03090119, 95.27884515,   2.6
147, 127, 28.01675100, 95.26441327,   2.6
148, 127, 28.00240677, 95.24978887,   2.6
149, 127, 27.98786580, 95.23496943,   2.6
150, 127, 27.97312540, 95.21995242,   2.6
151, 127, 27.95818278, 95.20473526,   2.6
152, 127, 27.94303518, 95.18931532,   2.6
153, 127, 27.92767975, 95.17368997,   2.6
154, 127, 27.91211361, 95.15785653,   2.6
155, 127, 27.89633386, 95.14181228,   2.6
156, 127, 27.88033755, 95.12555450,   2.6
157, 127, 27.86412168, 95.10908038,   2.6
158, 127, 27.84768321, 95.09238714,   2.6
159, 127, 27.83101906, 95.07547190,   2.6
160, 127, 27.81412611, 95.05833180,   2.6
161, 127, 27.79700120, 95.04096392,   2.6
162, 127, 27.77964111, 95.02336529,   2.6
163, 127, 27.76204260, 95.00553294,   2.6
164, 127, 27.74420235, 94.98746383,   2.6
165, 127, 27.72611702, 94.96915489,   2.6
166, 127, 27.70778322, 94.95060304,   2.6
167, 127, 27.68919750, 94.93180511,   2.6
168, 127, 27.67035637, 94.91275795,   2.6
169, 127, 27.65125630, 94.89345832,   2.6
170, 127, 27.63189370, 94.87390297,   2.6
171, 127, 27.61226492, 94.85408862,   2.6
172, 127, 27.59236627, 94.83401191,   2.6
173, 127, 27.57219402, 94.81366947,   2.6
174, 127, 27.55174437, 94.79305790,   2.6
175, 127, 27.53101346, 94.77217371,   2.6
176, 127, 27.50999740, 94.75101343,   2.6
177, 127, 27.48869223, 94.72957350,   2.6
178, 127, 27.46709394, 94.70785033,   2.6
179, 127, 27.44519845, 94.68584031,   2.6
180, 127, 27.42300163, 94.66353975,   2.6
181, 127, 27.40049932, 94.64094495,   2.6
182, 127, 27.37768725, 94.61805213,   2.6
183, 127, 27.35456112, 94.59485750,   2.6
184, 127, 27.33111657, 94.57135720,   2.6
185, 127, 27.30734918, 94.54754735,   2.6
186, 127, 27.28325446, 94.52342399,   2.6
187, 127, 27.25882784, 94.49898313,   2.6
188, 127, 27.23406473, 94.47422075,   2.6
189, 127, 27.20896043, 94.44913275,   2.6
190, 127, 27.18351020, 94.42371501,   2.6
191, 127, 27.15770922, 94.39796334,   2.6
  1, 128, 28.92304918, 96.19557068,  99.9
  2, 128, 28.92109387, 96.19347240,  99.9
  3, 128, 28.91911192, 96.19134565,  99.9
  4, 128, 28.91710296, 96.18919004,  99.9
  5, 128, 28.91506664, 96.18700518,  99.9
  6, 128, 28.91300257, 96.18479069,  99.9
  7, 128, 28.91091039, 96.18254615,  99.9
  8, 128, 28.90878969, 96.18027116,  99.9
  9, 128, 28.90664011, 96.17796531,  99.9
 10, 128, 28.90446123, 96.17562819,  99.9
 11, 128, 28.90225267, 96.17325936,  99.9
 12, 128, 28.90001401, 96.17085840,  99.9
 13, 128, 28.89774485, 96.16842488,  99.9
 14, 128, 28.89544477, 96.16595836,  99.9
 15, 128, 28.89311335, 96.16345838,  99.9
 16, 128, 28.89075016, 96.16092451,  99.9
 17, 128, 28.88835477, 96.15835627,  99.9
 18, 128, 28.88592673, 96.15575321,  99.9
 19, 128, 28.88346561, 96.15311485,  99.9
 20, 128, 28.88097094, 96.15044072,  99.9
 21, 128, 28.87844228, 96.14773033,  99.9
 22, 128, 28.87587916, 96.14498320,  99.9
 23, 128, 28.87328110, 96.14219882,  99.9
 24, 128, 28.87064764, 96.13937670,  99.9
 25, 128, 28.86797828, 96.13651633,  99.9
 26, 128, 28.86527254, 96.13361719,  99.9
 27, 128, 28.86252993, 96.13067875,  99.9
 28, 128, 28.85974993, 96.12770048,  99.9
 29, 128, 28.85693203, 96.12468185,  99.9
 30, 128, 28.85407573, 96.12162232,  99.9
 31, 128, 28.85118049, 96.11852132,  99.9
 32, 128, 28.84824579, 96.11537830,  99.9
 33, 128, 28.84527108, 96.11219270,  99.9
 34, 128, 28.84225582, 96.10896394,  99.9
 35, 128, 28.83919945, 96.10569143,  99.9
 36, 128, 28.83610142, 96.10237460,  99.9
 37, 128, 28.83296115, 96.09901282,  99.9
 38, 128, 28.82977806, 96.09560552,  99.9
 39, 128, 28.82655158, 96.09215206,  99.9
 40, 128, 28.82328111, 96.08865183,  99.9
 41, 128, 28.81996605, 96.08510419,  99.9
 42, 128, 28.81660578, 96.08150851,  99.9
 43, 128, 28.81319970, 96.07786414,  99.9
 44, 128, 28.80974717, 96.07417042,  99.9
 45, 128, 28.80624756, 96.07042670,  99.9
 46, 128, 28.80270022, 96.06663228,  99.9
 47, 128, 28.79910452, 96.06278650,  99.9
 48, 128, 28.79545977, 96.05888866,  99.9
 49, 128, 28.79176532, 96.05493806,  99.9
 50, 128, 28.78802048, 96.05093398,  99.9
 51, 128, 28.78422457, 96.04687572,  99.9
 52, 128, 28.78037689, 96.04276253,  99.9
 53, 128, 28.77647672, 96.03859369,  99.9
 54, 128, 28.77252336, 96.03436843,  99.9
 55, 128, 28.76851607, 96.03008601,  99.9
 56, 128, 28.76445411, 96.02574565,  99.9
 57, 128, 28.76033675, 96.02134657,  99.9
 58, 128, 28.75616322, 96.01688799,  99.9
 59, 128, 28.75193275, 96.01236910,  99.9
 60, 128, 28.74764456, 96.00778910,  99.9
 61, 128, 28.74329787, 96.00314716,  99.9
 62, 128, 28.73889187, 95.99844244,  99.9
 63, 128, 28.73442576, 95.99367411,  99.9
 64, 128, 28.72989871, 95.98884131,  99.9
 65, 128, 28.72530988, 95.98394318,  99.9
 66, 128, 28.72065844, 95.97897883,  99.9
 67, 128, 28.71594352, 95.97394739,   4.4
 68, 128, 28.71116426, 95.96884794,  99.9
 69, 128, 28.70631977, 95.96367957,  99.9
 70, 128, 28.70140917, 95.95844136,  99.9
 71, 128, 28.69643154, 95.95313238,   3.9
 72, 128, 28.69138597, 95.94775167,   3.8
 73, 128, 28.68627154, 95.94229827,   4.2
 74, 128, 28.68108729, 95.93677120,   4.0
 75, 128, 28.67583227, 95.93116948,   3.8
 76, 128, 28.67050551, 95.92549211,   3.6
 77, 128, 28.66510603, 95.91973808,   3.4
 78, 128, 28.65963284, 95.91390634,   3.4
 79, 128, 28.65408492, 95.90799588,   3.4
 80, 128, 28.64846125, 95.90200562,   3.5
 81, 128, 28.64276079, 95.89593451,   3.6
 82, 128, 28.63698249, 95.88978145,   3.7
 83, 128, 28.63112528, 95.88354536,   4.1
 84, 128, 28.62518809, 95.87722512,   4.1
 85, 128, 28.61916981, 95.87081960,   4.0
 86, 128, 28.61306934, 95.86432767,   4.0
 87, 128, 28.60688555, 95.85774817,   3.9
 88, 128, 28.60061729, 95.85107992,   3.9
 89, 128, 28.59426341, 95.84432175,   3.8
 90, 128, 28.58782273, 95.83747244,   3.8
 91, 128, 28.58129407, 95.83053079,   3.7
 92, 128, 28.57467622, 95.82349556,   3.7
 93, 128, 28.56796794, 95.81636549,   3.7
 94, 128, 28.56116802, 95.80913933,   3.6
 95, 128, 28.55427517, 95.80181579,   3.6
 96, 128, 28.54728814, 95.79439356,   3.5
 97, 128, 28.54020563, 95.78687135,   3.5
 98, 128, 28.53302633, 95.77924780,   3.5
 99, 128, 28.52574891, 95.77152157,   3.5
100, 128, 28.51837202, 95.76369129,   3.4
101, 128, 28.51089431, 95.75575558,   3.4
102, 128, 28.50331437, 95.74771302,   3.4
103, 128, 28.49563082, 95.73956220,   3.4
104, 128, 28.48784222, 95.73130168,   3.3
105, 128, 28.47994715, 95.72292999,   3.3
106, 128, 28.47194412, 95.71444566,   3.3
107, 128, 28.46383167, 95.70584718,   3.3
108, 128, 28.45560828, 95.69713304,   3.2
109, 128, 28.44727244, 95.68830170,   3.2
110, 128, 28.43882259, 95.67935161,   3.2
111, 128, 28.43025718, 95.67028118,   3.2
112, 128, 28.42157461, 95.66108882,   3.2
113, 128, 28.41277327, 95.65177291,   3.1
114, 128, 28.40385153, 95.64233181,   3.1
115, 128, 28.39480774, 95.63276385,   3.1
116, 128, 28.38564021, 95.62306737,   3.1
117, 128, 28.37634725, 95.61324064,   3.1
118, 128, 28.36692713, 95.60328194,   3.0
119, 128, 28.35737810, 95.59318953,   3.0
120, 128, 28.34769838, 95.58296164,   3.0
121, 128, 28.33788619, 95.57259647,   3.0
122, 128, 28.32793969, 95.56209220,   3.0
123, 128, 28.31785703, 95.55144699,   2.9
124, 128, 28.30763635, 95.54065899,   2.9
125, 128, 28.29727575, 95.52972629,   2.9
126, 128, 28.28677328, 95.51864700,   2.9
127, 128, 28.27612701, 95.50741917,   2.9
128, 128, 28.26533496, 95.49604084,   2.9
129, 128, 28.25439510, 95.48451003,   2.8
130, 128, 28.24330542, 95.47282472,   2.8
131, 128, 28.23206383, 95.46098287,   2.8
132, 128, 28.22066826, 95.44898243,   2.8
133, 128, 28.20911658, 95.43682130,   2.8
134, 128, 28.19740663, 95.42449737,   2.8
135, 128, 28.18553623, 95.41200848,   2.8
136, 128, 28.17350317, 95.39935249,   2.7
137, 128, 28.16130521, 95.38652717,   2.7
138, 128, 28.14894008, 95.37353031,   2.7
139, 128, 28.13640546, 95.36035966,   2.7
140, 128, 28.12369902, 95.34701292,   2.7
141, 128, 28.11081839, 95.33348780,   2.7
142, 128, 28.09776116, 95.31978194,   2.7
143, 128, 28.08452489, 95.30589298,   2.6
144, 128, 28.07110712, 95.29181851,   2.6
145, 128, 28.05750534, 95.27755611,   2.6
146, 128, 28.04371700, 95.26310332,   2.6
147, 128, 28.02973953, 95.24845764,   2.6
148, 128, 28.01557031, 95.23361655,   2.6
149, 128, 28.00120670, 95.21857749,   2.6
150, 128, 27.98664601, 95.20333788,   2.6
151, 128, 27.97188552, 95.18789509,   2.6
152, 128, 27.95692246, 95.17224648,   2.6
153, 128, 27.94175403, 95.15638936,   2.6
154, 128, 27.92637739, 95.14032101,   2.6
155, 128, 27.91078966, 95.12403868,   2.6
156, 128, 27.89498792, 95.10753958,   2.6
157, 128, 27.87896921, 95.09082089,   2.6
158, 128, 27.86273053, 95.07387975,   2.6
159, 128, 27.84626883, 95.05671327,   2.6
160, 128, 27.82958102, 95.03931852,   2.6
161, 128, 27.81266397, 95.02169254,   2.6
162, 128, 27.79551451, 95.00383234,   2.6
163, 128, 27.77812942, 94.98573486,   2.6
164, 128, 27.76050543, 94.96739703,   2.6
165, 128, 27.74263924, 94.94881575,   2.6
166, 128, 27.72452748, 94.92998787,   2.6
167, 128, 27.70616675, 94.91091018,   2.6
168, 128, 27.68755359, 94.89157947,   2.6
169, 128, 27.66868452, 94.87199246,   2.6
170, 128, 27.64955597, 94.85214585,   2.6
171, 128, 27.63016435, 94.83203629,   2.6
172, 128, 27.61050600, 94.81166040,   2.6
173, 128, 27.59057723, 94.79101473,   2.6
174, 128, 27.57037428, 94.77009582,   2.6
175, 128, 27.54989334, 94.74890015,   2.6
176, 128, 27.52913055, 94.72742418,   2.6
177, 128, 27.50808200, 94.70566429,   2.6
178, 128, 27.48674372, 94.68361685,   2.6
179, 128, 27.46511167, 94.66127817,   2.6
180, 128, 27.44318179, 94.63864452,   2.6
181, 128, 27.42094992, 94.61571213,   2.6
182, 128, 27.39841186, 94.59247717,   2.6
183, 128, 27.37556337, 94.56893577,   2.6
184, 128, 27.35240011, 94.54508404,   2.6
185, 128, 27.32891771, 94.52091800,   2.6
186, 128, 27.30511174, 94.49643366,   2.6
187, 128, 27.28097767, 94.47162695,   2.6
188, 128, 27.25651096, 94.44649379,   2.6
189, 128, 27.23170696, 94.42103001,   2.6
190, 128, 27.20656097, 94.39523142,   2.6
191, 128, 27.18106824, 94.36909377,   2.6
  1, 129, 28.92489601, 96.19337749,  99.9
  2, 129, 28.92296579, 96.19124937,  99.9
  3, 129, 28.92100927, 96.18909237,  99.9
  4, 129, 28.91902610, 96.18690611,  99.9
  5, 129, 28.91701591, 96.18469018,  99.9
  6, 129, 28.91497833, 96.18244419,  99.9
  7, 129, 28.91291298, 96.18016773,  99.9
  8, 129, 28.91081950, 96.17786039,  99.9
  9, 129, 28.90869749, 96.17552174,  99.9
 10, 129, 28.90654657, 96.17315138,  99.9
 11, 129, 28.90436633, 96.17074885,  99.9
 12, 129, 28.90215639, 96.16831374,  99.9
 13, 129, 28.89991634, 96.16584561,  99.9
 14, 129, 28.89764576, 96.16334399,  99.9
 15, 129, 28.89534423, 96.16080845,  99.9
 16, 129, 28.89301135, 96.15823852,  99.9
 17, 129, 28.89064667, 96.15563375,  99.9
 18, 129, 28.88824977, 96.15299365,  99.9
 19, 129, 28.88582020, 96.15031775,  99.9
 20, 129, 28.88335752, 96.14760557,  99.9
 21, 129, 28.88086127, 96.14485661,  99.9
 22, 129, 28.87833100, 96.14207038,  99.9
 23, 129, 28.87576625, 96.13924638,  99.9
 24, 129, 28.87316654, 96.13638410,  99.9
 25, 129, 28.87053139, 96.13348302,  99.9
 26, 129, 28.86786033, 96.13054261,  99.9
 27, 129, 28.86515285, 96.12756234,  99.9
 28, 129, 28.86240848, 96.12454168,  99.9
 29, 129, 28.85962669, 96.12148008,  99.9
 30, 129, 28.85680698, 96.11837699,  99.9
 31, 129, 28.85394883, 96.11523185,  99.9
 32, 129, 28.85105171, 96.11204408,  99.9
 33, 129, 28.84811511, 96.10881312,  99.9
 34, 129, 28.84513846, 96.10553839,  99.9
 35, 129, 28.84212123, 96.10221928,  99.9
 36, 129, 28.83906287, 96.09885521,  99.9
 37, 129, 28.83596281, 96.09544557,  99.9
 38, 129, 28.83282048, 96.09198973,  99.9
 39, 129, 28.82963530, 96.08848709,  99.9
 40, 129, 28.82640669, 96.08493700,  99.9
 41, 129, 28.82313406, 96.08133883,  99.9
 42, 129, 28.81981680, 96.07769193,  99.9
 43, 129, 28.81645430, 96.07399564,  99.9
 44, 129, 28.81304595, 96.07024930,  99.9
 45, 129, 28.80959112, 96.06645224,  99.9
 46, 129, 28.80608917, 96.06260376,  99.9
 47, 129, 28.80253946, 96.05870318,  99.9
 48, 129, 28.79894134, 96.05474979,  99.9
 49, 129, 28.79529414, 96.05074289,  99.9
 50, 129, 28.79159719, 96.04668175,  99.9
 51, 129, 28.78784982, 96.04256564,  99.9
 52, 129, 28.78405133, 96.03839383,  99.9
 53, 129, 28.78020103, 96.03416556,  99.9
 54, 129, 28.77629820, 96.02988007,  99.9
 55, 129, 28.77234213, 96.02553660,  99.9
 56, 129, 28.76833209, 96.02113436,  99.9
 57, 129, 28.76426735, 96.01667256,  99.9
 58, 129, 28.76014714, 96.01215040,  99.9
 59, 129, 28.75597072, 96.00756707,  99.9
 60, 129, 28.75173732, 96.00292175,   4.3
 61, 129, 28.74744615, 95.99821360,   4.3
 62, 129, 28.74309643, 95.99344178,   4.3
 63, 129, 28.73868735, 95.98860543,   4.3
 64, 129, 28.73421810, 95.98370369,  99.9
 65, 129, 28.72968786, 95.97873567,  99.9
 66, 129, 28.72509580, 95.97370050,   4.4
 67, 129, 28.72044106, 95.96859726,   4.4
 68, 129, 28.71572280, 95.96342504,  99.9
 69, 129, 28.71094013, 95.95818291,  99.9
 70, 129, 28.70609218, 95.95286994,  99.9
 71, 129, 28.70117805, 95.94748518,  99.9
 72, 129, 28.69619685, 95.94202766,   3.8
 73, 129, 28.69114764, 95.93649641,   4.1
 74, 129, 28.68602950, 95.93089043,   4.0
 75, 129, 28.68084149, 95.92520873,   3.8
 76, 129, 28.67558264, 95.91945029,   3.6
 77, 129, 28.67025199, 95.91361408,   3.4
 78, 129, 28.66484855, 95.90769906,   3.4
 79, 129, 28.65937133, 95.90170417,   3.4
 80, 129, 28.65381931, 95.89562834,   3.4
 81, 129, 28.64819148, 95.88947049,   3.5
 82, 129, 28.64248678, 95.88322953,   3.6
 83, 129, 28.63670417, 95.87690433,   4.1
 84, 129, 28.63084258, 95.87049377,   4.1
 85, 129, 28.62490092, 95.86399670,   4.0
 86, 129, 28.61887811, 95.85741198,   4.0
 87, 129, 28.61277302, 95.85073843,   3.9
 88, 129, 28.60658452, 95.84397485,   3.9
 89, 129, 28.60031148, 95.83712005,   3.8
 90, 129, 28.59395274, 95.83017281,   3.8
 91, 129, 28.58750711, 95.82313188,   3.7
 92, 129, 28.58097342, 95.81599603,   3.7
 93, 129, 28.57435043, 95.80876398,   3.7
 94, 129, 28.56763695, 95.80143444,   3.6
 95, 129, 28.56083171, 95.79400612,   3.6
 96, 129, 28.55393347, 95.78647770,   3.6
 97, 129, 28.54694094, 95.77884784,   3.5
 98, 129, 28.53985284, 95.77111518,   3.5
 99, 129, 28.53266784, 95.76327836,   3.5
100, 129, 28.52538462, 95.75533599,   3.4
101, 129, 28.51800184, 95.74728666,   3.4
102, 129, 28.51051811, 95.73912895,   3.4
103, 129, 28.50293206, 95.73086140,   3.4
104, 129, 28.49524229, 95.72248257,   3.3
105, 129, 28.48744736, 95.71399096,   3.3
106, 129, 28.47954583, 95.70538508,   3.3
107, 129, 28.47153624, 95.69666341,   3.3
108, 129, 28.46341710, 95.68782440,   3.3
109, 129, 28.45518690, 95.67886649,   3.2
110, 129, 28.44684413, 95.66978811,   3.2
111, 129, 28.43838722, 95.66058766,   3.2
112, 129, 28.42981462, 95.65126350,   3.2
113, 129, 28.42112473, 95.64181400,   3.1
114, 129, 28.41231594, 95.63223750,   3.1
115, 129, 28.40338661, 95.62253230,   3.1
116, 129, 28.39433509, 95.61269671,   3.1
117, 129, 28.38515969, 95.60272899,   3.1
118, 129, 28.37585871, 95.59262739,   3.1
119, 129, 28.36643041, 95.58239013,   3.0
120, 129, 28.35687306, 95.57201542,   3.0
121, 129, 28.34718487, 95.56150144,   3.0
122, 129, 28.33736404, 95.55084634,   3.0
123, 129, 28.32740874, 95.54004825,   3.0
124, 129, 28.31731712, 95.52910529,   2.9
125, 129, 28.30708731, 95.51801554,   2.9
126, 129, 28.29671740, 95.50677706,   2.9
127, 129, 28.28620546, 95.49538788,   2.9
128, 129, 28.27554953, 95.48384600,   2.9
129, 129, 28.26474763, 95.47214943,   2.8
130, 129, 28.25379775, 95.46029611,   2.8
131, 129, 28.24269785, 95.44828397,   2.8
132, 129, 28.23144585, 95.43611092,   2.8
133, 129, 28.22003966, 95.42377485,   2.8
134, 129, 28.20847716, 95.41127359,   2.8
135, 129, 28.19675618, 95.39860498,   2.8
136, 129, 28.18487455, 95.38576682,   2.7
137, 129, 28.17283004, 95.37275686,   2.7
138, 129, 28.16062041, 95.35957286,   2.7
139, 129, 28.14824337, 95.34621252,   2.7
140, 129, 28.13569662, 95.33267353,   2.7
141, 129, 28.12297781, 95.31895354,   2.7
142, 129, 28.11008457, 95.30505018,   2.7
143, 129, 28.09701448, 95.29096103,   2.7
144, 129, 28.08376511, 95.27668366,   2.6
145, 129, 28.07033397, 95.26221561,   2.6
146, 129, 28.05671856, 95.24755437,   2.6
147, 129, 28.04291633, 95.23269742,   2.6
148, 129, 28.02892469, 95.21764219,   2.6
149, 129, 28.01474102, 95.20238609,   2.6
150, 129, 28.00036268, 95.18692650,   2.6
151, 129, 27.98578696, 95.17126075,   2.6
152, 129, 27.97101114, 95.15538615,   2.6
153, 129, 27.95603245, 95.13929998,   2.6
154, 129, 27.94084807, 95.12299947,   2.6
155, 129, 27.92545517, 95.10648184,   2.6
156, 129, 27.90985085, 95.08974424,   2.6
157, 129, 27.89403219, 95.07278383,   2.6
158, 129, 27.87799622, 95.05559769,   2.6
159, 129, 27.86173993, 95.03818289,   2.6
160, 129, 27.84526027, 95.02053647,   2.6
161, 129, 27.82855413, 95.00265540,   2.6
162, 129, 27.81161839, 94.98453664,   2.6
163, 129, 27.79444985, 94.96617711,   2.6
164, 129, 27.77704529, 94.94757369,   2.6
165, 129, 27.75940144, 94.92872322,   2.6
166, 129, 27.74151498, 94.90962249,   2.6
167, 129, 27.72338254, 94.89026827,   2.6
168, 129, 27.70500070, 94.87065728,   2.6
169, 129, 27.68636601, 94.85078620,   2.6
170, 129, 27.66747495, 94.83065168,   2.6
171, 129, 27.64832397, 94.81025031,   2.6
172, 129, 27.62890945, 94.78957865,   2.6
173, 129, 27.60922774, 94.76863321,   2.6
174, 129, 27.58927511, 94.74741049,   2.6
175, 129, 27.56904781, 94.72590689,   2.6
176, 129, 27.54854202, 94.70411882,   2.6
177, 129, 27.52775387, 94.68204263,   2.6
178, 129, 27.50667942, 94.65967460,   2.6
179, 129, 27.48531470, 94.63701099,   2.6
180, 129, 27.46365566, 94.61404803,   2.6
181, 129, 27.44169822, 94.59078186,   2.6
182, 129, 27.41943822, 94.56720863,   2.6
183, 129, 27.39687144, 94.54332439,   2.6
184, 129, 27.37399362, 94.51912517,   2.6
185, 129, 27.35080042, 94.49460696,   2.6
186, 129, 27.32728745, 94.46976568,   2.6
187, 129, 27.30345025, 94.44459723,   2.6
188, 129, 27.27928430, 94.41909743,   2.6
189, 129, 27.25478503, 94.39326206,   2.6
190, 129, 27.22994778, 94.36708688,   2.6
191, 129, 27.20476784, 94.34056755,   2.6
  1, 130, 28.92676871, 96.19121279,  99.9
  2, 130, 28.92486394, 96.18905522,  99.9
  3, 130, 28.92293321, 96.18686837,  99.9
  4, 130, 28.92097618, 96.18465185,  99.9
  5, 130, 28.91899249, 96.18240525,  99.9
  6, 130, 28.91698176, 96.18012817,  99.9
  7, 130, 28.91494364, 96.17782020,  99.9
  8, 130, 28.91287774, 96.17548092,  99.9
  9, 130, 28.91078370, 96.17310990,  99.9
 10, 130, 28.90866112, 96.17070672,  99.9
 11, 130, 28.90650961, 96.16827093,  99.9
 12, 130, 28.90432879, 96.16580211,  99.9
 13, 130, 28.90211825, 96.16329980,  99.9
 14, 130, 28.89987758, 96.16076355,  99.9
 15, 130, 28.89760638, 96.15819290,  99.9
 16, 130, 28.89530422, 96.15558739,  99.9
 17, 130, 28.89297069, 96.15294655,  99.9
 18, 130, 28.89060536, 96.15026989,  99.9
 19, 130, 28.88820779, 96.14755693,  99.9
 20, 130, 28.88577754, 96.14480719,  99.9
 21, 130, 28.88331416, 96.14202016,  99.9
 22, 130, 28.88081721, 96.13919534,  99.9
 23, 130, 28.87828623, 96.13633223,  99.9
 24, 130, 28.87572074, 96.13343030,  99.9
 25, 130, 28.87312029, 96.13048902,  99.9
 26, 130, 28.87048438, 96.12750788,  99.9
 27, 130, 28.86781255, 96.12448633,  99.9
 28, 130, 28.86510429, 96.12142382,  99.9
 29, 130, 28.86235911, 96.11831980,  99.9
 30, 130, 28.85957651, 96.11517372,  99.9
 31, 130, 28.85675597, 96.11198499,  99.9
 32, 130, 28.85389697, 96.10875305,  99.9
 33, 130, 28.85099900, 96.10547732,  99.9
 34, 130, 28.84806151, 96.10215720,  99.9
 35, 130, 28.84508398, 96.09879210,  99.9
 36, 130, 28.84206584, 96.09538140,  99.9
 37, 130, 28.83900655, 96.09192449,  99.9
 38, 130, 28.83590555, 96.08842075,  99.9
 39, 130, 28.83276225, 96.08486955,  99.9
 40, 130, 28.82957610, 96.08127025,  99.9
 41, 130, 28.82634649, 96.07762220,  99.9
 42, 130, 28.82307284, 96.07392473,  99.9
 43, 130, 28.81975455, 96.07017720,  99.9
 44, 130, 28.81639099, 96.06637891,  99.9
 45, 130, 28.81298157, 96.06252919,  99.9
 46, 130, 28.80952564, 96.05862734,  99.9
 47, 130, 28.80602258, 96.05467266,  99.9
 48, 130, 28.80247173, 96.05066444,  99.9
 49, 130, 28.79887244, 96.04660196,  99.9
 50, 130, 28.79522406, 96.04248449,  99.9
 51, 130, 28.79152591, 96.03831128,  99.9
 52, 130, 28.78777731, 96.03408159,  99.9
 53, 130, 28.78397757, 96.02979465,  99.9
 54, 130, 28.78012600, 96.02544970,  99.9
 55, 130, 28.77622187, 96.02104595,  99.9
 56, 130, 28.77226447, 96.01658262,  99.9
 57, 130, 28.76825308, 96.01205890,  99.9
 58, 130, 28.76418696, 96.00747397,  99.9
 59, 130, 28.76006535, 96.00282702,   4.3
 60, 130, 28.75588750, 95.99811722,   4.3
 61, 130, 28.75165263, 95.99334371,  99.9
 62, 130, 28.74735997, 95.98850564,  99.9
 63, 130, 28.74300873, 95.98360214,   4.4
 64, 130, 28.73859810, 95.97863233,   4.4
 65, 130, 28.73412728, 95.97359533,   4.5
 66, 130, 28.72959543, 95.96849022,   4.5
 67, 130, 28.72500172, 95.96331610,  99.9
 68, 130, 28.72034531, 95.95807204,  99.9
 69, 130, 28.71562533, 95.95275709,  99.9
 70, 130, 28.71084092, 95.94737031,  99.9
 71, 130, 28.70599119, 95.94191074,  99.9
 72, 130, 28.70107525, 95.93637738,   3.7
 73, 130, 28.69609219, 95.93076927,   4.1
 74, 130, 28.69104110, 95.92508538,   4.0
 75, 130, 28.68592103, 95.91932471,   3.8
 76, 130, 28.68073105, 95.91348623,   3.6
 77, 130, 28.67547020, 95.90756889,   3.5
 78, 130, 28.67013750, 95.90157163,   3.3
 79, 130, 28.66473197, 95.89549339,   3.3
 80, 130, 28.65925262, 95.88933308,   3.4
 81, 130, 28.65369842, 95.88308959,   3.4
 82, 130, 28.64806836, 95.87676183,   3.5
 83, 130, 28.64236140, 95.87034865,   3.9
 84, 130, 28.63657648, 95.86384891,   4.1
 85, 130, 28.63071252, 95.85726146,   4.1
 86, 130, 28.62476846, 95.85058512,   4.0
 87, 130, 28.61874318, 95.84381870,   3.9
 88, 130, 28.61263558, 95.83696100,   3.9
 89, 130, 28.60644452, 95.83001079,   3.8
 90, 130, 28.60016886, 95.82296685,   3.8
 91, 130, 28.59380745, 95.81582791,   3.8
 92, 130, 28.58735909, 95.80859270,   3.7
 93, 130, 28.58082261, 95.80125995,   3.7
 94, 130, 28.57419678, 95.79382834,   3.6
 95, 130, 28.56748039, 95.78629656,   3.6
 96, 130, 28.56067218, 95.77866327,   3.6
 97, 130, 28.55377091, 95.77092712,   3.5
 98, 130, 28.54677529, 95.76308673,   3.5
 99, 130, 28.53968402, 95.75514071,   3.5
100, 130, 28.53249579, 95.74708765,   3.5
101, 130, 28.52520928, 95.73892613,   3.4
102, 130, 28.51782312, 95.73065470,   3.4
103, 130, 28.51033596, 95.72227190,   3.4
104, 130, 28.50274640, 95.71377623,   3.4
105, 130, 28.49505303, 95.70516621,   3.3
106, 130, 28.48725443, 95.69644030,   3.3
107, 130, 28.47934916, 95.68759697,   3.3
108, 130, 28.47133574, 95.67863465,   3.3
109, 130, 28.46321268, 95.66955176,   3.2
110, 130, 28.45497849, 95.66034669,   3.2
111, 130, 28.44663163, 95.65101783,   3.2
112, 130, 28.43817055, 95.64156352,   3.2
113, 130, 28.42959369, 95.63198210,   3.2
114, 130, 28.42089944, 95.62227188,   3.1
115, 130, 28.41208619, 95.61243115,   3.1
116, 130, 28.40315231, 95.60245818,   3.1
117, 130, 28.39409614, 95.59235122,   3.1
118, 130, 28.38491598, 95.58210848,   3.1
119, 130, 28.37561014, 95.57172817,   3.0
120, 130, 28.36617688, 95.56120847,   3.0
121, 130, 28.35661445, 95.55054752,   3.0
122, 130, 28.34692106, 95.53974346,   3.0
123, 130, 28.33709492, 95.52879439,   3.0
124, 130, 28.32713420, 95.51769839,   2.9
125, 130, 28.31703704, 95.50645352,   2.9
126, 130, 28.30680156, 95.49505781,   2.9
127, 130, 28.29642585, 95.48350927,   2.9
128, 130, 28.28590798, 95.47180587,   2.9
129, 130, 28.27524599, 95.45994558,   2.9
130, 130, 28.26443790, 95.44792631,   2.8
131, 130, 28.25348168, 95.43574597,   2.8
132, 130, 28.24237529, 95.42340244,   2.8
133, 130, 28.23111667, 95.41089357,   2.8
134, 130, 28.21970370, 95.39821717,   2.8
135, 130, 28.20813427, 95.38537104,   2.8
136, 130, 28.19640620, 95.37235293,   2.7
137, 130, 28.18451732, 95.35916060,   2.7
138, 130, 28.17246540, 95.34579174,   2.7
139, 130, 28.16024818, 95.33224404,   2.7
140, 130, 28.14786338, 95.31851514,   2.7
141, 130, 28.13530870, 95.30460266,   2.7
142, 130, 28.12258177, 95.29050419,   2.7
143, 130, 28.10968023, 95.27621729,   2.7
144, 130, 28.09660165, 95.26173949,   2.6
145, 130, 28.08334359, 95.24706828,   2.6
146, 130, 28.06990356, 95.23220113,   2.6
147, 130, 28.05627906, 95.21713546,   2.6
148, 130, 28.04246752, 95.20186869,   2.6
149, 130, 28.02846636, 95.18639818,   2.6
150, 130, 28.01427296, 95.17072126,   2.6
151, 130, 27.99988465, 95.15483524,   2.6
152, 130, 27.98529873, 95.13873738,   2.6
153, 130, 27.97051248, 95.12242492,   2.6
154, 130, 27.95552311, 95.10589505,   2.6
155, 130, 27.94032781, 95.08914495,   2.6
156, 130, 27.92492372, 95.07217173,   2.6
157, 130, 27.90930797, 95.05497249,   2.6
158, 130, 27.89347760, 95.03754429,   2.6
159, 130, 27.87742965, 95.01988415,   2.6
160, 130, 27.86116109, 95.00198904,   2.6
161, 130, 27.84466887, 94.98385593,   2.6
162, 130, 27.82794989, 94.96548171,   2.6
163, 130, 27.81100100, 94.94686325,   2.6
164, 130, 27.79381901, 94.92799740,   2.6
165, 130, 27.77640068, 94.90888093,   2.6
166, 130, 27.75874273, 94.88951060,   2.6
167, 130, 27.74084183, 94.86988312,   2.6
168, 130, 27.72269462, 94.84999517,   2.6
169, 130, 27.70429766, 94.82984338,   2.6
170, 130, 27.68564749, 94.80942434,   2.6
171, 130, 27.66674059, 94.78873460,   2.6
172, 130, 27.64757339, 94.76777066,   2.6
173, 130, 27.62814227, 94.74652899,   2.6
174, 130, 27.60844355, 94.72500601,   2.6
175, 130, 27.58847352, 94.70319810,   2.6
176, 130, 27.56822841, 94.68110160,   2.6
177, 130, 27.54770438, 94.65871278,   2.6
178, 130, 27.52689755, 94.63602791,   2.6
179, 130, 27.50580398, 94.61304317,   2.6
180, 130, 27.48441968, 94.58975472,   2.6
181, 130, 27.46274060, 94.56615867,   2.6
182, 130, 27.44076264, 94.54225108,   2.6
183, 130, 27.41848162, 94.51802797,   2.6
184, 130, 27.39589333, 94.49348529,   2.6
185, 130, 27.37299348, 94.46861897,   2.6
186, 130, 27.34977772, 94.44342488,   2.6
187, 130, 27.32624165, 94.41789884,   2.6
188, 130, 27.30238080, 94.39203662,   2.6
189, 130, 27.27819063, 94.36583394,   2.6
190, 130, 27.25366656, 94.33928646,   2.6
191, 130, 27.22880391, 94.31238982,   2.6
  1, 131, 28.92866694, 96.18907697,  99.9
  2, 131, 28.92678797, 96.18689034,  99.9
  3, 131, 28.92488339, 96.18467403,  99.9
  4, 131, 28.92295285, 96.18242765,  99.9
  5, 131, 28.92099602, 96.18015079,  99.9
  6, 131, 28.91901251, 96.17784304,  99.9
  7, 131, 28.91700198, 96.17550398,  99.9
  8, 131, 28.91496406, 96.17313318,  99.9
  9, 131, 28.91289836, 96.17073022,  99.9
 10, 131, 28.91080451, 96.16829466,  99.9
 11, 131, 28.90868212, 96.16582605,  99.9
 12, 131, 28.90653082, 96.16332397,  99.9
 13, 131, 28.90435019, 96.16078794,  99.9
 14, 131, 28.90213984, 96.15821751,  99.9
 15, 131, 28.89989937, 96.15561222,  99.9
 16, 131, 28.89762837, 96.15297159,  99.9
 17, 131, 28.89532641, 96.15029516,  99.9
 18, 131, 28.89299308, 96.14758242,  99.9
 19, 131, 28.89062794, 96.14483290,  99.9
 20, 131, 28.88823056, 96.14204609,  99.9
 21, 131, 28.88580051, 96.13922149,  99.9
 22, 131, 28.88333733, 96.13635860,  99.9
 23, 131, 28.88084058, 96.13345688,  99.9
 24, 131, 28.87830979, 96.13051583,  99.9
 25, 131, 28.87574449, 96.12753490,  99.9
 26, 131, 28.87314423, 96.12451357,  99.9
 27, 131, 28.87050852, 96.12145127,  99.9
 28, 131, 28.86783688, 96.11834747,  99.9
 29, 131, 28.86512881, 96.11520159,  99.9
 30, 131, 28.86238382, 96.11201308,  99.9
 31, 131, 28.85960140, 96.10878135,  99.9
 32, 131, 28.85678105, 96.10550582,  99.9
 33, 131, 28.85392224, 96.10218590,  99.9
 34, 131, 28.85102445, 96.09882100,  99.9
 35, 131, 28.84808714, 96.09541050,  99.9
 36, 131, 28.84510979, 96.09195379,  99.9
 37, 131, 28.84209183, 96.08845025,  99.9
 38, 131, 28.83903271, 96.08489924,  99.9
 39, 131, 28.83593188, 96.08130013,  99.9
 40, 131, 28.83278875, 96.07765226,  99.9
 41, 131, 28.82960276, 96.07395497,  99.9
 42, 131, 28.82637332, 96.07020761,  99.9
 43, 131, 28.82309983, 96.06640950,  99.9
 44, 131, 28.81978169, 96.06255995,  99.9
 45, 131, 28.81641829, 96.05865826,  99.9
 46, 131, 28.81300901, 96.05470374,  99.9
 47, 131, 28.80955323, 96.05069568,  99.9
 48, 131, 28.80605031, 96.04663335,  99.9
 49, 131, 28.80249960, 96.04251602,  99.9
 50, 131, 28.79890044, 96.03834295,  99.9
 51, 131, 28.79525219, 96.03411339,  99.9
 52, 131, 28.79155416, 96.02982658,  99.9
 53, 131, 28.78780568, 96.02548175,  99.9
 54, 131, 28.78400605, 96.02107812,  99.9
 55, 131, 28.78015457, 96.01661489,  99.9
 56, 131, 28.77625054, 96.01209127,  99.9
 57, 131, 28.77229324, 96.00750643,  99.9
 58, 131, 28.76828193, 96.00285957,   4.3
 59, 131, 28.76421588, 95.99814984,   4.3
 60, 131, 28.76009434, 95.99337639,  99.9
 61, 131, 28.75591655, 95.98853838,  99.9
 62, 131, 28.75168174, 95.98363492,  99.9
 63, 131, 28.74738913, 95.97866515,  99.9
 64, 131, 28.74303792, 95.97362817,  99.9
 65, 131, 28.73862732, 95.96852308,  99.9
 66, 131, 28.73415651, 95.96334896,  99.9
 67, 131, 28.72962467, 95.95810489,  99.9
 68, 131, 28.72503096, 95.95278992,  99.9
 69, 131, 28.72037453, 95.94740311,  99.9
 70, 131, 28.71565453, 95.94194348,  99.9
 71, 131, 28.71087008, 95.93641007,  99.9
 72, 131, 28.70602030, 95.93080187,   3.7
 73, 131, 28.70110430, 95.92511789,   4.1
 74, 131, 28.69612117, 95.91935711,   4.0
 75, 131, 28.69106998, 95.91351851,   3.9
 76, 131, 28.68594981, 95.90760102,   3.6
 77, 131, 28.68075971, 95.90160361,   3.5
 78, 131, 28.67549872, 95.89552519,   3.3
 79, 131, 28.67016587, 95.88936468,   3.3
 80, 131, 28.66476018, 95.88312098,   3.3
 81, 131, 28.65928064, 95.87679298,   3.4
 82, 131, 28.65372624, 95.87037954,   3.5
 83, 131, 28.64809596, 95.86387952,   3.6
 84, 131, 28.64238875, 95.85729177,   4.2
 85, 131, 28.63660357, 95.85061510,   4.1
 86, 131, 28.63073934, 95.84384834,   4.0
 87, 131, 28.62479497, 95.83699026,   4.0
 88, 131, 28.61876937, 95.83003965,   3.9
 89, 131, 28.61266141, 95.82299527,   3.9
 90, 131, 28.60646999, 95.81585588,   3.8
 91, 131, 28.60019393, 95.80862019,   3.8
 92, 131, 28.59383209, 95.80128692,   3.7
 93, 131, 28.58738329, 95.79385476,   3.7
 94, 131, 28.58084633, 95.78632241,   3.7
 95, 131, 28.57422000, 95.77868851,   3.6
 96, 131, 28.56750307, 95.77095171,   3.6
 97, 131, 28.56069430, 95.76311063,   3.5
 98, 131, 28.55379244, 95.75516390,   3.5
 99, 131, 28.54679619, 95.74711008,   3.5
100, 131, 28.53970426, 95.73894777,   3.5
101, 131, 28.53251534, 95.73067550,   3.4
102, 131, 28.52522809, 95.72229182,   3.4
103, 131, 28.51784117, 95.71379524,   3.4
104, 131, 28.51035320, 95.70518425,   3.4
105, 131, 28.50276280, 95.69645734,   3.3
106, 131, 28.49506854, 95.68761295,   3.3
107, 131, 28.48726902, 95.67864952,   3.3
108, 131, 28.47936277, 95.66956547,   3.3
109, 131, 28.47134834, 95.66035919,   3.2
110, 131, 28.46322422, 95.65102906,   3.2
111, 131, 28.45498892, 95.64157343,   3.2
112, 131, 28.44664090, 95.63199064,   3.2
113, 131, 28.43817862, 95.62227898,   3.2
114, 131, 28.42960049, 95.61243676,   3.1
115, 131, 28.42090492, 95.60246223,   3.1
116, 131, 28.41209031, 95.59235364,   3.1
117, 131, 28.40315499, 95.58210921,   3.1
118, 131, 28.39409733, 95.57172714,   3.1
119, 131, 28.38491562, 95.56120561,   3.0
120, 131, 28.37560817, 95.55054275,   3.0
121, 131, 28.36617323, 95.53973671,   3.0
122, 131, 28.35660905, 95.52878558,   3.0
123, 131, 28.34691385, 95.51768744,   3.0
124, 131, 28.33708583, 95.50644035,   3.0
125, 131, 28.32712315, 95.49504233,   2.9
126, 131, 28.31702395, 95.48349139,   2.9
127, 131, 28.30678635, 95.47178551,   2.9
128, 131, 28.29640845, 95.45992263,   2.9
129, 131, 28.28588830, 95.44790069,   2.9
130, 131, 28.27522395, 95.43571757,   2.8
131, 131, 28.26441340, 95.42337117,   2.8
132, 131, 28.25345463, 95.41085931,   2.8
133, 131, 28.24234561, 95.39817981,   2.8
134, 131, 28.23108425, 95.38533047,   2.8
135, 131, 28.21966845, 95.37230905,   2.8
136, 131, 28.20809608, 95.35911328,   2.8
137, 131, 28.19636497, 95.34574086,   2.7
138, 131, 28.18447294, 95.33218947,   2.7
139, 131, 28.17241775, 95.31845675,   2.7
140, 131, 28.16019715, 95.30454032,   2.7
141, 131, 28.14780886, 95.29043776,   2.7
142, 131, 28.13525055, 95.27614663,   2.7
143, 131, 28.12251988, 95.26166445,   2.7
144, 131, 28.10961446, 95.24698872,   2.6
145, 131, 28.09653187, 95.23211689,   2.6
146, 131, 28.08326966, 95.21704639,   2.6
147, 131, 28.06982534, 95.20177462,   2.6
148, 131, 28.05619640, 95.18629894,   2.6
149, 131, 28.04238028, 95.17061668,   2.6
150, 131, 28.02837438, 95.15472513,   2.6
151, 131, 28.01417607, 95.13862157,   2.6
152, 131, 27.99978270, 95.12230322,   2.6
153, 131, 27.98519155, 95.10576726,   2.6
154, 131, 27.97039989, 95.08901087,   2.6
155, 131, 27.95540493, 95.07203116,   2.6
156, 131, 27.94020386, 95.05482522,   2.6
157, 131, 27.92479382, 95.03739011,   2.6
158, 131, 27.90917191, 95.01972282,   2.6
159, 131, 27.89333519, 95.00182035,   2.6
160, 131, 27.87728068, 94.98367963,   2.6
161, 131, 27.86100535, 94.96529756,   2.6
162, 131, 27.84450615, 94.94667101,   2.6
163, 131, 27.82777995, 94.92779679,   2.6
164, 131, 27.81082362, 94.90867171,   2.6
165, 131, 27.79363394, 94.88929249,   2.6
166, 131, 27.77620769, 94.86965584,   2.6
167, 131, 27.75854157, 94.84975844,   2.6
168, 131, 27.74063224, 94.82959690,   2.6
169, 131, 27.72247632, 94.80916781,   2.6
170, 131, 27.70407040, 94.78846770,   2.6
171, 131, 27.68541098, 94.76749308,   2.6
172, 131, 27.66649453, 94.74624040,   2.6
173, 131, 27.64731749, 94.72470607,   2.6
174, 131, 27.62787623, 94.70288647,   2.6
175, 131, 27.60816706, 94.68077791,   2.6
176, 131, 27.58818626, 94.65837667,   2.6
177, 131, 27.56793004, 94.63567900,   2.6
178, 131, 27.54739456, 94.61268108,   2.6
179, 131, 27.52657593, 94.58937905,   2.6
180, 131, 27.50547020, 94.56576901,   2.6
181, 131, 27.48407338, 94.54184701,   2.6
182, 131, 27.46238139, 94.51760905,   2.6
183, 131, 27.44039013, 94.49305110,   2.6
184, 131, 27.41809541, 94.46816904,   2.6
185, 131, 27.39549301, 94.44295875,   2.6
186, 131, 27.37257862, 94.41741602,   2.6
187, 131, 27.34934790, 94.39153663,   2.6
188, 131, 27.32579641, 94.36531626,   2.6
189, 131, 27.30191968, 94.33875059,   2.6
190, 131, 27.27771317, 94.31183521,   2.6
191, 131, 27.25317226, 94.28456569,   2.6
  1, 132, 28.93059036, 96.18697043,  99.9
  2, 132, 28.92873752, 96.18475513,  99.9
  3, 132, 28.92685943, 96.18250977,  99.9
  4, 132, 28.92495575, 96.18023394,  99.9
  5, 132, 28.92302613, 96.17792723,  99.9
  6, 132, 28.92107021, 96.17558922,  99.9
  7, 132, 28.91908764, 96.17321949,  99.9
  8, 132, 28.91707805, 96.17081761,  99.9
  9, 132, 28.91504108, 96.16838313,  99.9
 10, 132, 28.91297634, 96.16591563,  99.9
 11, 132, 28.91088346, 96.16341466,  99.9
 12, 132, 28.90876206, 96.16087976,  99.9
 13, 132, 28.90661175, 96.15831047,  99.9
 14, 132, 28.90443213, 96.15570633,  99.9
 15, 132, 28.90222280, 96.15306687,  99.9
 16, 132, 28.89998336, 96.15039161,  99.9
 17, 132, 28.89771340, 96.14768006,  99.9
 18, 132, 28.89541249, 96.14493174,  99.9
 19, 132, 28.89308022, 96.14214615,  99.9
 20, 132, 28.89071615, 96.13932278,  99.9
 21, 132, 28.88831986, 96.13646113,  99.9
 22, 132, 28.88589090, 96.13356067,  99.9
 23, 132, 28.88342883, 96.13062088,  99.9
 24, 132, 28.88093320, 96.12764124,  99.9
 25, 132, 28.87840354, 96.12462119,  99.9
 26, 132, 28.87583939, 96.12156021,  99.9
 27, 132, 28.87324029, 96.11845772,  99.9
 28, 132, 28.87060574, 96.11531318,  99.9
 29, 132, 28.86793528, 96.11212602,  99.9
 30, 132, 28.86522840, 96.10889565,  99.9
 31, 132, 28.86248462, 96.10562150,  99.9
 32, 132, 28.85970342, 96.10230297,  99.9
 33, 132, 28.85688429, 96.09893947,  99.9
 34, 132, 28.85402673, 96.09553039,  99.9
 35, 132, 28.85113019, 96.09207512,  99.9
 36, 132, 28.84819415, 96.08857302,  99.9
 37, 132, 28.84521807, 96.08502347,  99.9
 38, 132, 28.84220140, 96.08142583,  99.9
 39, 132, 28.83914359, 96.07777945,  99.9
 40, 132, 28.83604408, 96.07408367,  99.9
 41, 132, 28.83290228, 96.07033783,  99.9
 42, 132, 28.82971763, 96.06654124,  99.9
 43, 132, 28.82648955, 96.06269324,  99.9
 44, 132, 28.82321742, 96.05879311,  99.9
 45, 132, 28.81990067, 96.05484017,  99.9
 46, 132, 28.81653866, 96.05083369,  99.9
 47, 132, 28.81313079, 96.04677297,  99.9
 48, 132, 28.80967642, 96.04265725,  99.9
 49, 132, 28.80617493, 96.03848582,  99.9
 50, 132, 28.80262566, 96.03425791,  99.9
 51, 132, 28.79902797, 96.02997276,  99.9
 52, 132, 28.79538119, 96.02562960,  99.9
 53, 132, 28.79168464, 96.02122766,  99.9
 54, 132, 28.78793765, 96.01676613,  99.9
 55, 132, 28.78413953, 96.01224422,  99.9
 56, 132, 28.78028958, 96.00766112,  99.9
 57, 132, 28.77638708, 96.00301600,  99.9
 58, 132, 28.77243133, 95.99830803,   4.3
 59, 132, 28.76842158, 95.99353636,  99.9
 60, 132, 28.76435710, 95.98870013,  99.9
 61, 132, 28.76023715, 95.98379848,  99.9
 62, 132, 28.75606095, 95.97883053,  99.9
 63, 132, 28.75182775, 95.97379537,  99.9
 64, 132, 28.74753676, 95.96869213,  99.9
 65, 132, 28.74318719, 95.96351986,  99.9
 66, 132, 28.73877823, 95.95827766,  99.9
 67, 132, 28.73430908, 95.95296457,  99.9
 68, 132, 28.72977890, 95.94757965,  99.9
 69, 132, 28.72518687, 95.94212193,  99.9
 70, 132, 28.72053214, 95.93659044,  99.9
 71, 132, 28.71581384, 95.93098417,  99.9
 72, 132, 28.71103111, 95.92530214,   3.6
 73, 132, 28.70618305, 95.91954332,   3.6
 74, 132, 28.70126879, 95.91370668,   4.0
 75, 132, 28.69628740, 95.90779117,   3.9
 76, 132, 28.69123797, 95.90179575,   3.7
 77, 132, 28.68611957, 95.89571933,   3.5
 78, 132, 28.68093125, 95.88956083,   3.4
 79, 132, 28.67567205, 95.88331916,   3.3
 80, 132, 28.67034100, 95.87699319,   3.3
 81, 132, 28.66493711, 95.87058179,   3.4
 82, 132, 28.65945938, 95.86408383,   3.4
 83, 132, 28.65390681, 95.85749814,   3.5
 84, 132, 28.64827836, 95.85082354,   4.2
 85, 132, 28.64257300, 95.84405885,   4.1
 86, 132, 28.63678966, 95.83720286,   4.0
 87, 132, 28.63092728, 95.83025434,   4.0
 88, 132, 28.62498478, 95.82321207,   3.9
 89, 132, 28.61896104, 95.81607477,   3.9
 90, 132, 28.61285497, 95.80884120,   3.8
 91, 132, 28.60666542, 95.80151005,   3.8
 92, 132, 28.60039125, 95.79408001,   3.7
 93, 132, 28.59403130, 95.78654978,   3.7
 94, 132, 28.58758440, 95.77891801,   3.7
 95, 132, 28.58104933, 95.77118335,   3.6
 96, 132, 28.57442490, 95.76334441,   3.6
 97, 132, 28.56770988, 95.75539981,   3.6
 98, 132, 28.56090302, 95.74734814,   3.5
 99, 132, 28.55400306, 95.73918796,   3.5
100, 132, 28.54700872, 95.73091783,   3.5
101, 132, 28.53991870, 95.72253629,   3.4
102, 132, 28.53273169, 95.71404184,   3.4
103, 132, 28.52544635, 95.70543299,   3.4
104, 132, 28.51806133, 95.69670820,   3.4
105, 132, 28.51057527, 95.68786593,   3.3
106, 132, 28.50298676, 95.67890462,   3.3
107, 132, 28.49529440, 95.66982268,   3.3
108, 132, 28.48749676, 95.66061851,   3.3
109, 132, 28.47959240, 95.65129047,   3.3
110, 132, 28.47157984, 95.64183693,   3.2
111, 132, 28.46345759, 95.63225621,   3.2
112, 132, 28.45522414, 95.62254661,   3.2
113, 132, 28.44687797, 95.61270644,   3.2
114, 132, 28.43841752, 95.60273394,   3.2
115, 132, 28.42984122, 95.59262737,   3.1
116, 132, 28.42114746, 95.58238494,   3.1
117, 132, 28.41233464, 95.57200485,   3.1
118, 132, 28.40340111, 95.56148527,   3.1
119, 132, 28.39434520, 95.55082436,   3.1
120, 132, 28.38516524, 95.54002023,   3.0
121, 132, 28.37585951, 95.52907099,   3.0
122, 132, 28.36642627, 95.51797471,   3.0
123, 132, 28.35686377, 95.50672945,   3.0
124, 132, 28.34717022, 95.49533323,   3.0
125, 132, 28.33734383, 95.48378406,   2.9
126, 132, 28.32738274, 95.47207992,   2.9
127, 132, 28.31728511, 95.46021874,   2.9
128, 132, 28.30704905, 95.44819846,   2.9
129, 132, 28.29667265, 95.43601696,   2.9
130, 132, 28.28615398, 95.42367213,   2.9
131, 132, 28.27549106, 95.41116181,   2.8
132, 132, 28.26468190, 95.39848380,   2.8
133, 132, 28.25372449, 95.38563589,   2.8
134, 132, 28.24261677, 95.37261586,   2.8
135, 132, 28.23135668, 95.35942141,   2.8
136, 132, 28.21994209, 95.34605026,   2.8
137, 132, 28.20837089, 95.33250008,   2.7
138, 132, 28.19664089, 95.31876851,   2.7
139, 132, 28.18474992, 95.30485316,   2.7
140, 132, 28.17269573, 95.29075162,   2.7
141, 132, 28.16047607, 95.27646143,   2.7
142, 132, 28.14808865, 95.26198012,   2.7
143, 132, 28.13553116, 95.24730517,   2.7
144, 132, 28.12280122, 95.23243404,   2.7
145, 132, 28.10989647, 95.21736416,   2.6
146, 132, 28.09681447, 95.20209292,   2.6
147, 132, 28.08355278, 95.18661767,   2.6
148, 132, 28.07010890, 95.17093575,   2.6
149, 132, 28.05648030, 95.15504445,   2.6
150, 132, 28.04266443, 95.13894102,   2.6
151, 132, 28.02865870, 95.12262269,   2.6
152, 132, 28.01446046, 95.10608664,   2.6
153, 132, 28.00006706, 95.08933004,   2.6
154, 132, 27.98547578, 95.07235000,   2.6
155, 132, 27.97068387, 95.05514360,   2.6
156, 132, 27.95568856, 95.03770789,   2.6
157, 132, 27.94048702, 95.02003988,   2.6
158, 132, 27.92507638, 95.00213654,   2.6
159, 132, 27.90945375, 94.98399480,   2.6
160, 132, 27.89361618, 94.96561156,   2.6
161, 132, 27.87756068, 94.94698367,   2.6
162, 132, 27.86128422, 94.92810796,   2.6
163, 132, 27.84478374, 94.90898120,   2.6
164, 132, 27.82805612, 94.88960014,   2.6
165, 132, 27.81109820, 94.86996147,   2.6
166, 132, 27.79390678, 94.85006184,   2.6
167, 132, 27.77647861, 94.82989789,   2.6
168, 132, 27.75881039, 94.80946617,   2.6
169, 132, 27.74089879, 94.78876324,   2.6
170, 132, 27.72274042, 94.76778557,   2.6
171, 132, 27.70433184, 94.74652961,   2.6
172, 132, 27.68566956, 94.72499178,   2.6
173, 132, 27.66675005, 94.70316842,   2.6
174, 132, 27.64756973, 94.68105586,   2.6
175, 132, 27.62812497, 94.65865037,   2.6
176, 132, 27.60841207, 94.63594818,   2.6
177, 132, 27.58842729, 94.61294545,   2.6
178, 132, 27.56816685, 94.58963834,   2.6
179, 132, 27.54762690, 94.56602293,   2.6
180, 132, 27.52680354, 94.54209525,   2.6
181, 132, 27.50569281, 94.51785130,   2.6
182, 132, 27.48429070, 94.49328702,   2.6
183, 132, 27.46259313, 94.46839832,   2.6
184, 132, 27.44059600, 94.44318103,   2.6
185, 132, 27.41829510, 94.41763095,   2.6
186, 132, 27.39568619, 94.39174383,   2.6
187, 132, 27.37276496, 94.36551537,   2.6
188, 132, 27.34952706, 94.33894121,   2.6
189, 132, 27.32596805, 94.31201694,   2.6
190, 132, 27.30208343, 94.28473810,   2.6
191, 132, 27.27786866, 94.25710019,   2.6
  1, 133, 28.93253862, 96.18489355,  99.9
  2, 133, 28.93071226, 96.18264998,  99.9
  3, 133, 28.92886100, 96.18037598,  99.9
  4, 133, 28.92698452, 96.17807111,  99.9
  5, 133, 28.92508246, 96.17573497,  99.9
  6, 133, 28.92315449, 96.17336712,  99.9
  7, 133, 28.92120024, 96.17096715,  99.9
  8, 133, 28.91921935, 96.16853462,  99.9
  9, 133, 28.91721147, 96.16606908,  99.9
 10, 133, 28.91517622, 96.16357009,  99.9
 11, 133, 28.91311324, 96.16103719,  99.9
 12, 133, 28.91102213, 96.15846994,  99.9
 13, 133, 28.90890253, 96.15586785,  99.9
 14, 133, 28.90675403, 96.15323047,  99.9
 15, 133, 28.90457624, 96.15055732,  99.9
 16, 133, 28.90236877, 96.14784790,  99.9
 17, 133, 28.90013121, 96.14510174,  99.9
 18, 133, 28.89786315, 96.14231833,  99.9
 19, 133, 28.89556417, 96.13949717,  99.9
 20, 133, 28.89323385, 96.13663776,  99.9
 21, 133, 28.89087176, 96.13373956,  99.9
 22, 133, 28.88847747, 96.13080207,  99.9
 23, 133, 28.88605053, 96.12782474,  99.9
 24, 133, 28.88359051, 96.12480704,  99.9
 25, 133, 28.88109694, 96.12174842,  99.9
 26, 133, 28.87856938, 96.11864834,  99.9
 27, 133, 28.87600735, 96.11550623,  99.9
 28, 133, 28.87341039, 96.11232152,  99.9
 29, 133, 28.87077802, 96.10909364,  99.9
 30, 133, 28.86810975, 96.10582201,  99.9
 31, 133, 28.86540509, 96.10250603,  99.9
 32, 133, 28.86266355, 96.09914510,  99.9
 33, 133, 28.85988463, 96.09573862,  99.9
 34, 133, 28.85706780, 96.09228598,  99.9
 35, 133, 28.85421256, 96.08878655,  99.9
 36, 133, 28.85131838, 96.08523970,  99.9
 37, 133, 28.84838472, 96.08164478,  99.9
 38, 133, 28.84541105, 96.07800116,  99.9
 39, 133, 28.84239682, 96.07430817,  99.9
 40, 133, 28.83934147, 96.07056515,  99.9
 41, 133, 28.83624445, 96.06677142,  99.9
 42, 133, 28.83310518, 96.06292630,  99.9
 43, 133, 28.82992308, 96.05902909,  99.9
 44, 133, 28.82669757, 96.05507910,  99.9
 45, 133, 28.82342806, 96.05107561,  99.9
 46, 133, 28.82011394, 96.04701790,  99.9
 47, 133, 28.81675460, 96.04290523,  99.9
 48, 133, 28.81334942, 96.03873688,  99.9
 49, 133, 28.80989779, 96.03451209,  99.9
 50, 133, 28.80639905, 96.03023009,  99.9
 51, 133, 28.80285257, 96.02589013,  99.9
 52, 133, 28.79925770, 96.02149140,  99.9
 53, 133, 28.79561376, 96.01703314,  99.9
 54, 133, 28.79192010, 96.01251452,  99.9
 55, 133, 28.78817602, 96.00793475,  99.9
 56, 133, 28.78438085, 96.00329300,  99.9
 57, 133, 28.78053387, 95.99858842,  99.9
 58, 133, 28.77663439, 95.99382019,   4.3
 59, 133, 28.77268167, 95.98898744,  99.9
 60, 133, 28.76867500, 95.98408929,  99.9
 61, 133, 28.76461363, 95.97912489,  99.9
 62, 133, 28.76049681, 95.97409332,  99.9
 63, 133, 28.75632379, 95.96899369,  99.9
 64, 133, 28.75209379, 95.96382509,  99.9
 65, 133, 28.74780604, 95.95858658,  99.9
 66, 133, 28.74345974, 95.95327723,  99.9
 67, 133, 28.73905409, 95.94789608,  99.9
 68, 133, 28.73458828, 95.94244217,  99.9
 69, 133, 28.73006149, 95.93691453,  99.9
 70, 133, 28.72547287, 95.93131215,  99.9
 71, 133, 28.72082158, 95.92563405,   3.3
 72, 133, 28.71610676, 95.91987919,   3.6
 73, 133, 28.71132754, 95.91404656,   3.6
 74, 133, 28.70648303, 95.90813510,   4.0
 75, 133, 28.70157235, 95.90214376,   3.9
 76, 133, 28.69659459, 95.89607146,   3.7
 77, 133, 28.69154881, 95.88991713,   3.5
 78, 133, 28.68643410, 95.88367966,   3.4
 79, 133, 28.68124951, 95.87735793,   3.3
 80, 133, 28.67599407, 95.87095082,   3.3
 81, 133, 28.67066681, 95.86445718,   3.3
 82, 133, 28.66526676, 95.85787584,   3.4
 83, 133, 28.65979290, 95.85120565,   3.6
 84, 133, 28.65424424, 95.84444540,   3.9
 85, 133, 28.64861973, 95.83759389,   4.1
 86, 133, 28.64291834, 95.83064990,   4.1
 87, 133, 28.63713902, 95.82361218,   4.0
 88, 133, 28.63128069, 95.81647949,   3.9
 89, 133, 28.62534227, 95.80925056,   3.9
 90, 133, 28.61932266, 95.80192409,   3.8
 91, 133, 28.61322074, 95.79449878,   3.8
 92, 133, 28.60703539, 95.78697331,   3.8
 93, 133, 28.60076545, 95.77934634,   3.7
 94, 133, 28.59440977, 95.77161651,   3.7
 95, 133, 28.58796716, 95.76378245,   3.6
 96, 133, 28.58143643, 95.75584277,   3.6
 97, 133, 28.57481638, 95.74779606,   3.6
 98, 133, 28.56810576, 95.73964088,   3.5
 99, 133, 28.56130335, 95.73137578,   3.5
100, 133, 28.55440786, 95.72299931,   3.5
101, 133, 28.54741803, 95.71450998,   3.5
102, 133, 28.54033256, 95.70590627,   3.4
103, 133, 28.53315013, 95.69718666,   3.4
104, 133, 28.52586941, 95.68834962,   3.4
105, 133, 28.51848904, 95.67939357,   3.4
106, 133, 28.51100765, 95.67031692,   3.3
107, 133, 28.50342386, 95.66111808,   3.3
108, 133, 28.49573625, 95.65179541,   3.3
109, 133, 28.48794339, 95.64234726,   3.3
110, 133, 28.48004383, 95.63277197,   3.2
111, 133, 28.47203612, 95.62306785,   3.2
112, 133, 28.46391874, 95.61323317,   3.2
113, 133, 28.45569020, 95.60326621,   3.2
114, 133, 28.44734896, 95.59316520,   3.2
115, 133, 28.43889347, 95.58292836,   3.1
116, 133, 28.43032216, 95.57255389,   3.1
117, 133, 28.42163343, 95.56203997,   3.1
118, 133, 28.41282565, 95.55138473,   3.1
119, 133, 28.40389719, 95.54058631,   3.1
120, 133, 28.39484638, 95.52964281,   3.0
121, 133, 28.38567154, 95.51855229,   3.0
122, 133, 28.37637096, 95.50731282,   3.0
123, 133, 28.36694289, 95.49592241,   3.0
124, 133, 28.35738558, 95.48437907,   3.0
125, 133, 28.34769725, 95.47268077,   3.0
126, 133, 28.33787609, 95.46082546,   2.9
127, 133, 28.32792026, 95.44881107,   2.9
128, 133, 28.31782790, 95.43663548,   2.9
129, 133, 28.30759713, 95.42429657,   2.9
130, 133, 28.29722603, 95.41179218,   2.9
131, 133, 28.28671267, 95.39912012,   2.8
132, 133, 28.27605508, 95.38627818,   2.8
133, 133, 28.26525127, 95.37326411,   2.8
134, 133, 28.25429921, 95.36007564,   2.8
135, 133, 28.24319686, 95.34671047,   2.8
136, 133, 28.23194213, 95.33316628,   2.8
137, 133, 28.22053292, 95.31944069,   2.8
138, 133, 28.20896709, 95.30553133,   2.7
139, 133, 28.19724248, 95.29143577,   2.7
140, 133, 28.18535688, 95.27715156,   2.7
141, 133, 28.17330807, 95.26267622,   2.7
142, 133, 28.16109378, 95.24800723,   2.7
143, 133, 28.14871173, 95.23314206,   2.7
144, 133, 28.13615960, 95.21807811,   2.7
145, 133, 28.12343501, 95.20281279,   2.6
146, 133, 28.11053560, 95.18734344,   2.6
147, 133, 28.09745892, 95.17166740,   2.6
148, 133, 28.08420253, 95.15578194,   2.6
149, 133, 28.07076393, 95.13968433,   2.6
150, 133, 28.05714059, 95.12337179,   2.6
151, 133, 28.04332996, 95.10684151,   2.6
152, 133, 28.02932943, 95.09009062,   2.6
153, 133, 28.01513637, 95.07311625,   2.6
154, 133, 28.00074810, 95.05591548,   2.6
155, 133, 27.98616192, 95.03848535,   2.6
156, 133, 27.97137507, 95.02082286,   2.6
157, 133, 27.95638477, 95.00292498,   2.6
158, 133, 27.94118820, 94.98478864,   2.6
159, 133, 27.92578247, 94.96641074,   2.6
160, 133, 27.91016470, 94.94778812,   2.5
161, 133, 27.89433192, 94.92891760,   2.5
162, 133, 27.87828115, 94.90979595,   2.5
163, 133, 27.86200936, 94.89041991,   2.5
164, 133, 27.84551347, 94.87078617,   2.6
165, 133, 27.82879036, 94.85089139,   2.6
166, 133, 27.81183687, 94.83073217,   2.6
167, 133, 27.79464980, 94.81030509,   2.6
168, 133, 27.77722588, 94.78960667,   2.6
169, 133, 27.75956182, 94.76863339,   2.6
170, 133, 27.74165427, 94.74738171,   2.6
171, 133, 27.72349984, 94.72584802,   2.6
172, 133, 27.70509509, 94.70402867,   2.6
173, 133, 27.68643652, 94.68191997,   2.6
174, 133, 27.66752060, 94.65951818,   2.6
175, 133, 27.64834374, 94.63681954,   2.6
176, 133, 27.62890228, 94.61382020,   2.6
177, 133, 27.60919255, 94.59051629,   2.6
178, 133, 27.58921080, 94.56690390,   2.6
179, 133, 27.56895322, 94.54297906,   2.6
180, 133, 27.54841596, 94.51873775,   2.6
181, 133, 27.52759511, 94.49417590,   2.6
182, 133, 27.50648672, 94.46928941,   2.6
183, 133, 27.48508675, 94.44407411,   2.6
184, 133, 27.46339114, 94.41852579,   2.6
185, 133, 27.44139574, 94.39264018,   2.6
186, 133, 27.41909637, 94.36641297,   2.6
187, 133, 27.39648877, 94.33983980,   2.6
188, 133, 27.37356861, 94.31291625,   2.6
189, 133, 27.35033154, 94.28563784,   2.6
190, 133, 27.32677310, 94.25800006,   2.6
191, 133, 27.30288879, 94.22999833,   2.6
  1, 134, 28.93451136, 96.18284670,  99.9
  2, 134, 28.93271180, 96.18057528,  99.9
  3, 134, 28.93088772, 96.17827304,  99.9
  4, 134, 28.92903878, 96.17593956,  99.9
  5, 134, 28.92716464, 96.17357440,  99.9
  6, 134, 28.92526496, 96.17117715,  99.9
  7, 134, 28.92333938, 96.16874738,  99.9
  8, 134, 28.92138757, 96.16628463,  99.9
  9, 134, 28.91940914, 96.16378847,  99.9
 10, 134, 28.91740376, 96.16125844,  99.9
 11, 134, 28.91537104, 96.15869409,  99.9
 12, 134, 28.91331061, 96.15609494,  99.9
 13, 134, 28.91122209, 96.15346053,  99.9
 14, 134, 28.90910511, 96.15079039,  99.9
 15, 134, 28.90695927, 96.14808403,  99.9
 16, 134, 28.90478417, 96.14534095,  99.9
 17, 134, 28.90257943, 96.14256067,  99.9
 18, 134, 28.90034462, 96.13974267,  99.9
 19, 134, 28.89807935, 96.13688646,  99.9
 20, 134, 28.89578320, 96.13399151,  99.9
 21, 134, 28.89345574, 96.13105730,  99.9
 22, 134, 28.89109655, 96.12808329,  99.9
 23, 134, 28.88870519, 96.12506896,  99.9
 24, 134, 28.88628122, 96.12201376,  99.9
 25, 134, 28.88382421, 96.11891712,  99.9
 26, 134, 28.88133369, 96.11577851,  99.9
 27, 134, 28.87880921, 96.11259733,  99.9
 28, 134, 28.87625030, 96.10937303,  99.9
 29, 134, 28.87365650, 96.10610502,  99.9
 30, 134, 28.87102732, 96.10279271,  99.9
 31, 134, 28.86836229, 96.09943550,  99.9
 32, 134, 28.86566091, 96.09603278,  99.9
 33, 134, 28.86292269, 96.09258394,  99.9
 34, 134, 28.86014713, 96.08908836,  99.9
 35, 134, 28.85733370, 96.08554540,  99.9
 36, 134, 28.85448190, 96.08195443,  99.9
 37, 134, 28.85159120, 96.07831480,  99.9
 38, 134, 28.84866107, 96.07462585,  99.9
 39, 134, 28.84569097, 96.07088692,  99.9
 40, 134, 28.84268035, 96.06709733,  99.9
 41, 134, 28.83962866, 96.06325640,  99.9
 42, 134, 28.83653533, 96.05936343,  99.9
 43, 134, 28.83339981, 96.05541773,  99.9
 44, 134, 28.83022150, 96.05141858,  99.9
 45, 134, 28.82699983, 96.04736526,  99.9
 46, 134, 28.82373419, 96.04325705,  99.9
 47, 134, 28.82042400, 96.03909319,  99.9
 48, 134, 28.81706864, 96.03487295,  99.9
 49, 134, 28.81366749, 96.03059556,  99.9
 50, 134, 28.81021992, 96.02626025,  99.9
 51, 134, 28.80672530, 96.02186625,  99.9
 52, 134, 28.80318299, 96.01741275,  99.9
 53, 134, 28.79959233, 96.01289896,  99.9
 54, 134, 28.79595267, 96.00832407,  99.9
 55, 134, 28.79226332, 96.00368726,  99.9
 56, 134, 28.78852361, 95.99898768,   4.3
 57, 134, 28.78473286, 95.99422451,   4.3
 58, 134, 28.78089035, 95.98939687,   4.4
 59, 134, 28.77699539, 95.98450390,  99.9
 60, 134, 28.77304725, 95.97954472,  99.9
 61, 134, 28.76904520, 95.97451845,  99.9
 62, 134, 28.76498851, 95.96942418,  99.9
 63, 134, 28.76087643, 95.96426099,  99.9
 64, 134, 28.75670820, 95.95902795,  99.9
 65, 134, 28.75248305, 95.95372414,  99.9
 66, 134, 28.74820020, 95.94834860,  99.9
 67, 134, 28.74385886, 95.94290035,  99.9
 68, 134, 28.73945822, 95.93737844,  99.9
 69, 134, 28.73499748, 95.93178185,  99.9
 70, 134, 28.73047582, 95.92610960,  99.9
 71, 134, 28.72589238, 95.92036067,  99.9
 72, 134, 28.72124633, 95.91453402,  99.9
 73, 134, 28.71653682, 95.90862862,   3.6
 74, 134, 28.71176296, 95.90264340,   3.6
 75, 134, 28.70692388, 95.89657729,   3.9
 76, 134, 28.70201868, 95.89042922,   3.8
 77, 134, 28.69704645, 95.88419807,   3.6
 78, 134, 28.69200628, 95.87788273,   3.4
 79, 134, 28.68689724, 95.87148208,   3.3
 80, 134, 28.68171837, 95.86499497,   3.3
 81, 134, 28.67646872, 95.85842024,   3.3
 82, 134, 28.67114732, 95.85175672,   3.4
 83, 134, 28.66575318, 95.84500321,   3.5
 84, 134, 28.66028530, 95.83815852,   3.6
 85, 134, 28.65474268, 95.83122141,   4.1
 86, 134, 28.64912428, 95.82419066,   4.1
 87, 134, 28.64342906, 95.81706500,   4.0
 88, 134, 28.63765597, 95.80984317,   4.0
 89, 134, 28.63180395, 95.80252387,   3.9
 90, 134, 28.62587190, 95.79510582,   3.9
 91, 134, 28.61985872, 95.78758767,   3.8
 92, 134, 28.61376330, 95.77996810,   3.8
 93, 134, 28.60758452, 95.77224575,   3.7
 94, 134, 28.60132121, 95.76441924,   3.7
 95, 134, 28.59497223, 95.75648718,   3.7
 96, 134, 28.58853640, 95.74844817,   3.6
 97, 134, 28.58201251, 95.74030077,   3.6
 98, 134, 28.57539936, 95.73204353,   3.6
 99, 134, 28.56869572, 95.72367498,   3.5
100, 134, 28.56190035, 95.71519365,   3.5
101, 134, 28.55501198, 95.70659803,   3.5
102, 134, 28.54802934, 95.69788659,   3.4
103, 134, 28.54095112, 95.68905778,   3.4
104, 134, 28.53377601, 95.68011004,   3.4
105, 134, 28.52650268, 95.67104179,   3.4
106, 134, 28.51912978, 95.66185142,   3.3
107, 134, 28.51165593, 95.65253730,   3.3
108, 134, 28.50407974, 95.64309778,   3.3
109, 134, 28.49639981, 95.63353119,   3.3
110, 134, 28.48861469, 95.62383585,   3.3
111, 134, 28.48072296, 95.61401003,   3.2
112, 134, 28.47272313, 95.60405201,   3.2
113, 134, 28.46461371, 95.59396002,   3.2
114, 134, 28.45639320, 95.58373227,   3.2
115, 134, 28.44806007, 95.57336698,   3.2
116, 134, 28.43961275, 95.56286230,   3.1
117, 134, 28.43104968, 95.55221640,   3.1
118, 134, 28.42236926, 95.54142738,   3.1
119, 134, 28.41356987, 95.53049335,   3.1
120, 134, 28.40464986, 95.51941239,   3.1
121, 134, 28.39560758, 95.50818255,   3.0
122, 134, 28.38644133, 95.49680185,   3.0
123, 134, 28.37714941, 95.48526830,   3.0
124, 134, 28.36773007, 95.47357986,   3.0
125, 134, 28.35818157, 95.46173448,   3.0
126, 134, 28.34850210, 95.44973009,   2.9
127, 134, 28.33868988, 95.43756459,   2.9
128, 134, 28.32874305, 95.42523583,   2.9
129, 134, 28.31865976, 95.41274166,   2.9
130, 134, 28.30843813, 95.40007990,   2.9
131, 134, 28.29807624, 95.38724832,   2.9
132, 134, 28.28757215, 95.37424468,   2.8
133, 134, 28.27692389, 95.36106671,   2.8
134, 134, 28.26612948, 95.34771212,   2.8
135, 134, 28.25518688, 95.33417856,   2.8
136, 134, 28.24409404, 95.32046367,   2.8
137, 134, 28.23284890, 95.30656507,   2.8
138, 134, 28.22144933, 95.29248034,   2.7
139, 134, 28.20989321, 95.27820702,   2.7
140, 134, 28.19817835, 95.26374263,   2.7
141, 134, 28.18630257, 95.24908465,   2.7
142, 134, 28.17426363, 95.23423053,   2.7
143, 134, 28.16205927, 95.21917771,   2.7
144, 134, 28.14968720, 95.20392355,   2.7
145, 134, 28.13714509, 95.18846543,   2.7
146, 134, 28.12443059, 95.17280066,   2.6
147, 134, 28.11154129, 95.15692653,   2.6
148, 134, 28.09847479, 95.14084028,   2.6
149, 134, 28.08522862, 95.12453915,   2.6
150, 134, 28.07180028, 95.10802031,   2.6
151, 134, 28.05818725, 95.09128092,   2.6
152, 134, 28.04438695, 95.07431807,   2.6
153, 134, 28.03039680, 95.05712886,   2.6
154, 134, 28.01621415, 95.03971032,   2.6
155, 134, 28.00183633, 95.02205945,   2.6
156, 134, 27.98726062, 95.00417321,   2.6
157, 134, 27.97248427, 94.98604853,   2.6
158, 134, 27.95750450, 94.96768231,   2.6
159, 134, 27.94231847, 94.94907139,   2.5
160, 134, 27.92692331, 94.93021258,   2.5
161, 134, 27.91131612, 94.91110265,   2.5
162, 134, 27.89549393, 94.89173833,   2.5
163, 134, 27.87945377, 94.87211631,   2.5
164, 134, 27.86319259, 94.85223325,   2.6
165, 134, 27.84670731, 94.83208574,   2.6
166, 134, 27.82999481, 94.81167035,   2.6
167, 134, 27.81305193, 94.79098361,   2.6
168, 134, 27.79587545, 94.77002200,   2.6
169, 134, 27.77846211, 94.74878195,   2.6
170, 134, 27.76080862, 94.72725986,   2.6
171, 134, 27.74291161, 94.70545207,   2.6
172, 134, 27.72476770, 94.68335490,   2.6
173, 134, 27.70637344, 94.66096459,   2.6
174, 134, 27.68772532, 94.63827736,   2.6
175, 134, 27.66881981, 94.61528939,   2.6
176, 134, 27.64965331, 94.59199678,   2.6
177, 134, 27.63022217, 94.56839561,   2.6
178, 134, 27.61052269, 94.54448191,   2.6
179, 134, 27.59055112, 94.52025166,   2.6
180, 134, 27.57030366, 94.49570078,   2.6
181, 134, 27.54977645, 94.47082515,   2.6
182, 134, 27.52896557, 94.44562060,   2.6
183, 134, 27.50786704, 94.42008292,   2.6
184, 134, 27.48647686, 94.39420783,   2.6
185, 134, 27.46479092, 94.36799100,   2.6
186, 134, 27.44280508, 94.34142807,   2.6
187, 134, 27.42051515, 94.31451461,   2.6
188, 134, 27.39791687, 94.28724613,   2.6
189, 134, 27.37500590, 94.25961812,   2.6
190, 134, 27.35177786, 94.23162597,   2.6
191, 134, 27.32822831, 94.20326505,   2.6
  1, 135, 28.93650823, 96.18083027,  99.9
  2, 135, 28.93473581, 96.17853141,  99.9
  3, 135, 28.93293923, 96.17620135,  99.9
  4, 135, 28.93111816, 96.17383966,  99.9
  5, 135, 28.92927228, 96.17144593,  99.9
  6, 135, 28.92740124, 96.16901971,  99.9
  7, 135, 28.92550469, 96.16656057,  99.9
  8, 135, 28.92358230, 96.16406806,  99.9
  9, 135, 28.92163370, 96.16154173,  99.9
 10, 135, 28.91965853, 96.15898112,  99.9
 11, 135, 28.91765645, 96.15638577,  99.9
 12, 135, 28.91562707, 96.15375520,  99.9
 13, 135, 28.91357003, 96.15108895,  99.9
 14, 135, 28.91148495, 96.14838653,  99.9
 15, 135, 28.90937144, 96.14564744,  99.9
 16, 135, 28.90722912, 96.14287120,  99.9
 17, 135, 28.90505759, 96.14005730,  99.9
 18, 135, 28.90285645, 96.13720523,  99.9
 19, 135, 28.90062530, 96.13431448,  99.9
 20, 135, 28.89836374, 96.13138452,  99.9
 21, 135, 28.89607133, 96.12841482,  99.9
 22, 135, 28.89374767, 96.12540485,  99.9
 23, 135, 28.89139233, 96.12235406,  99.9
 24, 135, 28.88900486, 96.11926190,  99.9
 25, 135, 28.88658484, 96.11612781,  99.9
 26, 135, 28.88413182, 96.11295122,  99.9
 27, 135, 28.88164534, 96.10973156,  99.9
 28, 135, 28.87912496, 96.10646825,  99.9
 29, 135, 28.87657020, 96.10316070,  99.9
 30, 135, 28.87398060, 96.09980831,  99.9
 31, 135, 28.87135568, 96.09641047,  99.9
 32, 135, 28.86869496, 96.09296657,  99.9
 33, 135, 28.86599794, 96.08947600,  99.9
 34, 135, 28.86326414, 96.08593811,  99.9
 35, 135, 28.86049304, 96.08235227,  99.9
 36, 135, 28.85768414, 96.07871783,  99.9
 37, 135, 28.85483693, 96.07503414,  99.9
 38, 135, 28.85195087, 96.07130053,  99.9
 39, 135, 28.84902544, 96.06751633,  99.9
 40, 135, 28.84606010, 96.06368085,  99.9
 41, 135, 28.84305430, 96.05979341,  99.9
 42, 135, 28.84000748, 96.05585330,  99.9
 43, 135, 28.83691910, 96.05185981,  99.9
 44, 135, 28.83378857, 96.04781223,  99.9
 45, 135, 28.83061532, 96.04370981,  99.9
 46, 135, 28.82739878, 96.03955183,  99.9
 47, 135, 28.82413833, 96.03533754,  99.9
 48, 135, 28.82083339, 96.03106617,  99.9
 49, 135, 28.81748335, 96.02673695,  99.9
 50, 135, 28.81408758, 96.02234911,  99.9
 51, 135, 28.81064546, 96.01790186,  99.9
 52, 135, 28.80715636, 96.01339439,  99.9
 53, 135, 28.80361963, 96.00882589,  99.9
 54, 135, 28.80003462, 96.00419555,   4.3
 55, 135, 28.79640068, 95.99950252,   4.3
 56, 135, 28.79271712, 95.99474598,   4.3
 57, 135, 28.78898327, 95.98992505,  99.9
 58, 135, 28.78519845, 95.98503887,  99.9
 59, 135, 28.78136194, 95.98008657,  99.9
 60, 135, 28.77747306, 95.97506725,  99.9
 61, 135, 28.77353107, 95.96998001,  99.9
 62, 135, 28.76953525, 95.96482394,  99.9
 63, 135, 28.76548486, 95.95959812,  99.9
 64, 135, 28.76137915, 95.95430160,  99.9
 65, 135, 28.75721737, 95.94893343,  99.9
 66, 135, 28.75299875, 95.94349266,  99.9
 67, 135, 28.74872250, 95.93797829,  99.9
 68, 135, 28.74438785, 95.93238936,  99.9
 69, 135, 28.73999398, 95.92672484,  99.9
 70, 135, 28.73554008, 95.92098373,  99.9
 71, 135, 28.73102534, 95.91516500,  99.9
 72, 135, 28.72644891, 95.90926761,  99.9
 73, 135, 28.72180995, 95.90329049,  99.9
 74, 135, 28.71710761, 95.89723259,   3.5
 75, 135, 28.71234101, 95.89109280,   3.9
 76, 135, 28.70750927, 95.88487004,   3.8
 77, 135, 28.70261150, 95.87856319,   3.6
 78, 135, 28.69764679, 95.87217112,   3.5
 79, 135, 28.69261422, 95.86569269,   3.3
 80, 135, 28.68751287, 95.85912674,   3.3
 81, 135, 28.68234178, 95.85247210,   3.3
 82, 135, 28.67709999, 95.84572758,   3.4
 83, 135, 28.67178655, 95.83889197,   3.4
 84, 135, 28.66640046, 95.83196405,   3.5
 85, 135, 28.66094073, 95.82494258,   3.7
 86, 135, 28.65540634, 95.81782632,   4.1
 87, 135, 28.64979627, 95.81061398,   4.0
 88, 135, 28.64410947, 95.80330430,   4.0
 89, 135, 28.63834491, 95.79589595,   3.9
 90, 135, 28.63250149, 95.78838763,   3.9
 91, 135, 28.62657815, 95.78077799,   3.8
 92, 135, 28.62057378, 95.77306567,   3.8
 93, 135, 28.61448727, 95.76524931,   3.8
 94, 135, 28.60831749, 95.75732751,   3.7
 95, 135, 28.60206329, 95.74929887,   3.7
 96, 135, 28.59572351, 95.74116195,   3.6
 97, 135, 28.58929698, 95.73291531,   3.6
 98, 135, 28.58278250, 95.72455747,   3.6
 99, 135, 28.57617886, 95.71608697,   3.5
100, 135, 28.56948484, 95.70750229,   3.5
101, 135, 28.56269918, 95.69880190,   3.5
102, 135, 28.55582064, 95.68998427,   3.5
103, 135, 28.54884792, 95.68104782,   3.4
104, 135, 28.54177974, 95.67199098,   3.4
105, 135, 28.53461477, 95.66281213,   3.4
106, 135, 28.52735168, 95.65350966,   3.4
107, 135, 28.51998913, 95.64408191,   3.3
108, 135, 28.51252575, 95.63452721,   3.3
109, 135, 28.50496013, 95.62484388,   3.3
110, 135, 28.49729088, 95.61503020,   3.3
111, 135, 28.48951656, 95.60508443,   3.2
112, 135, 28.48163573, 95.59500481,   3.2
113, 135, 28.47364691, 95.58478957,   3.2
114, 135, 28.46554862, 95.57443690,   3.2
115, 135, 28.45733935, 95.56394498,   3.2
116, 135, 28.44901757, 95.55331194,   3.1
117, 135, 28.44058172, 95.54253593,   3.1
118, 135, 28.43203023, 95.53161503,   3.1
119, 135, 28.42336150, 95.52054732,   3.1
120, 135, 28.41457391, 95.50933086,   3.1
121, 135, 28.40566583, 95.49796366,   3.1
122, 135, 28.39663559, 95.48644374,   3.0
123, 135, 28.38748150, 95.47476906,   3.0
124, 135, 28.37820184, 95.46293757,   3.0
125, 135, 28.36879489, 95.45094720,   3.0
126, 135, 28.35925889, 95.43879584,   3.0
127, 135, 28.34959205, 95.42648135,   2.9
128, 135, 28.33979256, 95.41400158,   2.9
129, 135, 28.32985859, 95.40135434,   2.9
130, 135, 28.31978827, 95.38853742,   2.9
131, 135, 28.30957973, 95.37554856,   2.9
132, 135, 28.29923104, 95.36238551,   2.8
133, 135, 28.28874027, 95.34904595,   2.8
134, 135, 28.27810546, 95.33552755,   2.8
135, 135, 28.26732460, 95.32182796,   2.8
136, 135, 28.25639567, 95.30794478,   2.8
137, 135, 28.24531663, 95.29387559,   2.8
138, 135, 28.23408539, 95.27961794,   2.8
139, 135, 28.22269984, 95.26516934,   2.7
140, 135, 28.21115786, 95.25052727,   2.7
141, 135, 28.19945725, 95.23568920,   2.7
142, 135, 28.18759584, 95.22065254,   2.7
143, 135, 28.17557138, 95.20541468,   2.7
144, 135, 28.16338162, 95.18997296,   2.7
145, 135, 28.15102426, 95.17432472,   2.7
146, 135, 28.13849697, 95.15846723,   2.6
147, 135, 28.12579740, 95.14239776,   2.6
148, 135, 28.11292315, 95.12611351,   2.6
149, 135, 28.09987180, 95.10961167,   2.6
150, 135, 28.08664089, 95.09288938,   2.6
151, 135, 28.07322792, 95.07594377,   2.6
152, 135, 28.05963036, 95.05877189,   2.6
153, 135, 28.04584565, 95.04137079,   2.6
154, 135, 28.03187118, 95.02373748,   2.6
155, 135, 28.01770432, 95.00586890,   2.6
156, 135, 28.00334238, 94.98776199,   2.6
157, 135, 27.98878266, 94.96941363,   2.6
158, 135, 27.97402240, 94.95082067,   2.6
159, 135, 27.95905881, 94.93197992,   2.5
160, 135, 27.94388905, 94.91288815,   2.5
161, 135, 27.92851026, 94.89354208,   2.5
162, 135, 27.91291952, 94.87393840,   2.5
163, 135, 27.89711388, 94.85407376,   2.5
164, 135, 27.88109034, 94.83394475,   2.5
165, 135, 27.86484587, 94.81354796,   2.6
166, 135, 27.84837738, 94.79287988,   2.6
167, 135, 27.83168175, 94.77193701,   2.6
168, 135, 27.81475581, 94.75071577,   2.6
169, 135, 27.79759634, 94.72921255,   2.6
170, 135, 27.78020008, 94.70742370,   2.6
171, 135, 27.76256373, 94.68534551,   2.6
172, 135, 27.74468393, 94.66297425,   2.6
173, 135, 27.72655729, 94.64030612,   2.6
174, 135, 27.70818034, 94.61733729,   2.6
175, 135, 27.68954959, 94.59406386,   2.6
176, 135, 27.67066149, 94.57048191,   2.6
177, 135, 27.65151244, 94.54658745,   2.6
178, 135, 27.63209879, 94.52237647,   2.6
179, 135, 27.61241684, 94.49784487,   2.6
180, 135, 27.59246282, 94.47298854,   2.6
181, 135, 27.57223293, 94.44780330,   2.6
182, 135, 27.55172330, 94.42228492,   2.6
183, 135, 27.53093002, 94.39642913,   2.6
184, 135, 27.50984910, 94.37023159,   2.6
185, 135, 27.48847652, 94.34368792,   2.6
186, 135, 27.46680818, 94.31679369,   2.6
187, 135, 27.44483993, 94.28954442,   2.6
188, 135, 27.42256757, 94.26193556,   2.6
189, 135, 27.39998682, 94.23396251,   2.6
190, 135, 27.37709336, 94.20562063,   2.6
191, 135, 27.35388279, 94.17690522,   2.6
  1, 136, 28.93852885, 96.17884462,  99.9
  2, 136, 28.93678389, 96.17651873,  99.9
  3, 136, 28.93501514, 96.17416128,  99.9
  4, 136, 28.93322229, 96.17177182,  99.9
  5, 136, 28.93140500, 96.16934994,  99.9
  6, 136, 28.92956294, 96.16689519,  99.9
  7, 136, 28.92769577, 96.16440713,  99.9
  8, 136, 28.92580314, 96.16188531,  99.9
  9, 136, 28.92388472, 96.15932927,  99.9
 10, 136, 28.92194015, 96.15673854,  99.9
 11, 136, 28.91996906, 96.15411266,  99.9
 12, 136, 28.91797111, 96.15145115,  99.9
 13, 136, 28.91594592, 96.14875354,  99.9
 14, 136, 28.91389311, 96.14601932,  99.9
 15, 136, 28.91181232, 96.14324801,  99.9
 16, 136, 28.90970316, 96.14043911,  99.9
 17, 136, 28.90756525, 96.13759210,  99.9
 18, 136, 28.90539818, 96.13470647,  99.9
 19, 136, 28.90320156, 96.13178171,  99.9
 20, 136, 28.90097499, 96.12881727,  99.9
 21, 136, 28.89871806, 96.12581262,  99.9
 22, 136, 28.89643036, 96.12276723,  99.9
 23, 136, 28.89411145, 96.11968053,  99.9
 24, 136, 28.89176093, 96.11655197,  99.9
 25, 136, 28.88937834, 96.11338099,  99.9
 26, 136, 28.88696327, 96.11016701,  99.9
 27, 136, 28.88451525, 96.10690944,  99.9
 28, 136, 28.88203385, 96.10360771,  99.9
 29, 136, 28.87951860, 96.10026122,  99.9
 30, 136, 28.87696905, 96.09686935,  99.9
 31, 136, 28.87438471, 96.09343150,  99.9
 32, 136, 28.87176513, 96.08994705,  99.9
 33, 136, 28.86910981, 96.08641536,  99.9
 34, 136, 28.86641827, 96.08283580,  99.9
 35, 136, 28.86369001, 96.07920773,  99.9
 36, 136, 28.86092452, 96.07553048,  99.9
 37, 136, 28.85812131, 96.07180339,  99.9
 38, 136, 28.85527986, 96.06802580,  99.9
 39, 136, 28.85239963, 96.06419701,  99.9
 40, 136, 28.84948010, 96.06031634,  99.9
 41, 136, 28.84652074, 96.05638309,  99.9
 42, 136, 28.84352099, 96.05239655,  99.9
 43, 136, 28.84048031, 96.04835599,  99.9
 44, 136, 28.83739814, 96.04426070,  99.9
 45, 136, 28.83427390, 96.04010993,  99.9
 46, 136, 28.83110702, 96.03590294,  99.9
 47, 136, 28.82789692, 96.03163896,  99.9
 48, 136, 28.82464300, 96.02731722,  99.9
 49, 136, 28.82134467, 96.02293696,  99.9
 50, 136, 28.81800132, 96.01849738,  99.9
 51, 136, 28.81461233, 96.01399768,  99.9
 52, 136, 28.81117707, 96.00943705,  99.9
 53, 136, 28.80769492, 96.00481467,  99.9
 54, 136, 28.80416523, 96.00012970,   4.3
 55, 136, 28.80058734, 95.99538131,  99.9
 56, 136, 28.79696061, 95.99056864,  99.9
 57, 136, 28.79328435, 95.98569083,  99.9
 58, 136, 28.78955790, 95.98074699,  99.9
 59, 136, 28.78578056, 95.97573625,  99.9
 60, 136, 28.78195163, 95.97065769,  99.9
 61, 136, 28.77807041, 95.96551040,  99.9
 62, 136, 28.77413619, 95.96029347,  99.9
 63, 136, 28.77014823, 95.95500595,  99.9
 64, 136, 28.76610579, 95.94964689,  99.9
 65, 136, 28.76200814, 95.94421533,  99.9
 66, 136, 28.75785452, 95.93871030,  99.9
 67, 136, 28.75364415, 95.93313081,  99.9
 68, 136, 28.74937626, 95.92747586,  99.9
 69, 136, 28.74505006, 95.92174442,  99.9
 70, 136, 28.74066475, 95.91593549,  99.9
 71, 136, 28.73621952, 95.91004800,  99.9
 72, 136, 28.73171355, 95.90408092,  99.9
 73, 136, 28.72714599, 95.89803316,  99.9
 74, 136, 28.72251602, 95.89190365,   3.5
 75, 136, 28.71782277, 95.88569128,   3.5
 76, 136, 28.71306537, 95.87939495,   3.8
 77, 136, 28.70824295, 95.87301353,   3.7
 78, 136, 28.70335460, 95.86654587,   3.5
 79, 136, 28.69839943, 95.85999082,   3.4
 80, 136, 28.69337651, 95.85334721,   3.3
 81, 136, 28.68828492, 95.84661384,   3.3
 82, 136, 28.68312372, 95.83978952,   3.3
 83, 136, 28.67789194, 95.83287302,   3.4
 84, 136, 28.67258862, 95.82586312,   3.4
 85, 136, 28.66721277, 95.81875854,  99.9
 86, 136, 28.66176339, 95.81155804,   4.1
 87, 136, 28.65623949, 95.80426032,   4.1
 88, 136, 28.65064002, 95.79686408,   4.0
 89, 136, 28.64496396, 95.78936800,   3.9
 90, 136, 28.63921025, 95.78177075,   3.9
 91, 136, 28.63337782, 95.77407097,   3.9
 92, 136, 28.62746560, 95.76626729,   3.8
 93, 136, 28.62147247, 95.75835831,   3.8
 94, 136, 28.61539733, 95.75034263,   3.7
 95, 136, 28.60923905, 95.74221883,   3.7
 96, 136, 28.60299649, 95.73398545,   3.7
 97, 136, 28.59666848, 95.72564103,   3.6
 98, 136, 28.59025386, 95.71718409,   3.6
 99, 136, 28.58375142, 95.70861313,   3.6
100, 136, 28.57715996, 95.69992662,   3.5
101, 136, 28.57047825, 95.69112301,   3.5
102, 136, 28.56370505, 95.68220075,   3.5
103, 136, 28.55683910, 95.67315825,   3.4
104, 136, 28.54987913, 95.66399391,   3.4
105, 136, 28.54282383, 95.65470610,   3.4
106, 136, 28.53567189, 95.64529318,   3.4
107, 136, 28.52842198, 95.63575347,   3.3
108, 136, 28.52107274, 95.62608528,   3.3
109, 136, 28.51362282, 95.61628691,   3.3
110, 136, 28.50607082, 95.60635662,   3.3
111, 136, 28.49841533, 95.59629266,   3.3
112, 136, 28.49065493, 95.58609323,   3.2
113, 136, 28.48278817, 95.57575655,   3.2
114, 136, 28.47481357, 95.56528078,   3.2
115, 136, 28.46672966, 95.55466408,   3.2
116, 136, 28.45853492, 95.54390456,   3.2
117, 136, 28.45022782, 95.53300033,   3.1
118, 136, 28.44180682, 95.52194948,   3.1
119, 136, 28.43327033, 95.51075004,   3.1
120, 136, 28.42461676, 95.49940005,   3.1
121, 136, 28.41584450, 95.48789750,   3.1
122, 136, 28.40695190, 95.47624038,   3.0
123, 136, 28.39793730, 95.46442663,   3.0
124, 136, 28.38879901, 95.45245417,   3.0
125, 136, 28.37953533, 95.44032091,   3.0
126, 136, 28.37014452, 95.42802470,   3.0
127, 136, 28.36062482, 95.41556339,   2.9
128, 136, 28.35097445, 95.40293480,   2.9
129, 136, 28.34119159, 95.39013670,   2.9
130, 136, 28.33127442, 95.37716686,   2.9
131, 136, 28.32122108, 95.36402301,   2.9
132, 136, 28.31102967, 95.35070283,   2.9
133, 136, 28.30069830, 95.33720401,   2.8
134, 136, 28.29022501, 95.32352418,   2.8
135, 136, 28.27960784, 95.30966094,   2.8
136, 136, 28.26884481, 95.29561189,   2.8
137, 136, 28.25793388, 95.28137456,   2.8
138, 136, 28.24687300, 95.26694647,   2.8
139, 136, 28.23566011, 95.25232511,   2.7
140, 136, 28.22429308, 95.23750793,   2.7
141, 136, 28.21276978, 95.22249234,   2.7
142, 136, 28.20108804, 95.20727575,   2.7
143, 136, 28.18924566, 95.19185549,   2.7
144, 136, 28.17724042, 95.17622889,   2.7
145, 136, 28.16507004, 95.16039324,   2.7
146, 136, 28.15273224, 95.14434579,   2.7
147, 136, 28.14022469, 95.12808376,   2.6
148, 136, 28.12754503, 95.11160432,   2.6
149, 136, 28.11469087, 95.09490462,   2.6
150, 136, 28.10165978, 95.07798178,   2.6
151, 136, 28.08844930, 95.06083287,   2.6
152, 136, 28.07505694, 95.04345492,   2.6
153, 136, 28.06148017, 95.02584494,   2.6
154, 136, 28.04771641, 95.00799989,   2.6
155, 136, 28.03376307, 94.98991668,   2.6
156, 136, 28.01961751, 94.97159221,   2.6
157, 136, 28.00527705, 94.95302332,   2.6
158, 136, 27.99073897, 94.93420682,   2.6
159, 136, 27.97600052, 94.91513947,   2.5
160, 136, 27.96105891, 94.89581801,   2.5
161, 136, 27.94591130, 94.87623911,   2.5
162, 136, 27.93055482, 94.85639942,   2.5
163, 136, 27.91498657, 94.83629555,   2.5
164, 136, 27.89920357, 94.81592405,   2.5
165, 136, 27.88320284, 94.79528144,   2.5
166, 136, 27.86698134, 94.77436420,   2.5
167, 136, 27.85053597, 94.75316876,   2.6
168, 136, 27.83386363, 94.73169150,   2.6
169, 136, 27.81696112, 94.70992877,   2.6
170, 136, 27.79982525, 94.68787686,   2.6
171, 136, 27.78245274, 94.66553202,   2.6
172, 136, 27.76484028, 94.64289047,   2.6
173, 136, 27.74698452, 94.61994835,   2.6
174, 136, 27.72888205, 94.59670179,   2.6
175, 136, 27.71052943, 94.57314685,   2.6
176, 136, 27.69192314, 94.54927953,   2.6
177, 136, 27.67305963, 94.52509582,   2.6
178, 136, 27.65393531, 94.50059162,   2.6
179, 136, 27.63454651, 94.47576281,   2.6
180, 136, 27.61488954, 94.45060521,   2.6
181, 136, 27.59496062, 94.42511458,   2.6
182, 136, 27.57475594, 94.39928665,   2.6
183, 136, 27.55427164, 94.37311707,   2.6
184, 136, 27.53350379, 94.34660147,   2.6
185, 136, 27.51244841, 94.31973539,   2.6
186, 136, 27.49110146, 94.29251435,   2.6
187, 136, 27.46945885, 94.26493381,   2.6
188, 136, 27.44751642, 94.23698915,   2.6
189, 136, 27.42526995, 94.20867573,   2.6
190, 136, 27.40271518, 94.17998882,   2.6
191, 136, 27.37984776, 94.15092368,   2.6
  1, 137, 28.94057287, 96.17689012,  99.9
  2, 137, 28.93885569, 96.17453763,  99.9
  3, 137, 28.93711510, 96.17215320,  99.9
  4, 137, 28.93535078, 96.16973641,  99.9
  5, 137, 28.93356241, 96.16728682,  99.9
  6, 137, 28.93174967, 96.16480399,  99.9
  7, 137, 28.92991221, 96.16228746,  99.9
  8, 137, 28.92804971, 96.15973678,  99.9
  9, 137, 28.92616181, 96.15715149,  99.9
 10, 137, 28.92424818, 96.15453111,  99.9
 11, 137, 28.92230846, 96.15187518,  99.9
 12, 137, 28.92034229, 96.14918321,  99.9
 13, 137, 28.91834932, 96.14645472,  99.9
 14, 137, 28.91632917, 96.14368921,  99.9
 15, 137, 28.91428148, 96.14088618,  99.9
 16, 137, 28.91220586, 96.13804512,  99.9
 17, 137, 28.91010195, 96.13516552,  99.9
 18, 137, 28.90796934, 96.13224686,  99.9
 19, 137, 28.90580766, 96.12928860,  99.9
 20, 137, 28.90361650, 96.12629022,  99.9
 21, 137, 28.90139545, 96.12325117,  99.9
 22, 137, 28.89914412, 96.12017090,  99.9
 23, 137, 28.89686208, 96.11704885,  99.9
 24, 137, 28.89454892, 96.11388447,  99.9
 25, 137, 28.89220421, 96.11067716,  99.9
 26, 137, 28.88982752, 96.10742637,  99.9
 27, 137, 28.88741841, 96.10413149,  99.9
 28, 137, 28.88497644, 96.10079194,  99.9
 29, 137, 28.88250116, 96.09740710,  99.9
 30, 137, 28.87999211, 96.09397638,  99.9
 31, 137, 28.87744884, 96.09049914,  99.9
 32, 137, 28.87487087, 96.08697476,  99.9
 33, 137, 28.87225773, 96.08340260,  99.9
 34, 137, 28.86960895, 96.07978202,  99.9
 35, 137, 28.86692402, 96.07611236,  99.9
 36, 137, 28.86420246, 96.07239296,  99.9
 37, 137, 28.86144376, 96.06862315,  99.9
 38, 137, 28.85864742, 96.06480225,  99.9
 39, 137, 28.85581292, 96.06092957,  99.9
 40, 137, 28.85293975, 96.05700441,  99.9
 41, 137, 28.85002736, 96.05302606,  99.9
 42, 137, 28.84707523, 96.04899380,  99.9
 43, 137, 28.84408281, 96.04490691,  99.9
 44, 137, 28.84104955, 96.04076465,  99.9
 45, 137, 28.83797488, 96.03656627,  99.9
 46, 137, 28.83485825, 96.03231102,  99.9
 47, 137, 28.83169908, 96.02799812,  99.9
 48, 137, 28.82849678, 96.02362681,  99.9
 49, 137, 28.82525077, 96.01919629,  99.9
 50, 137, 28.82196044, 96.01470577,  99.9
 51, 137, 28.81862519, 96.01015443,   4.2
 52, 137, 28.81524441, 96.00554146,   4.2
 53, 137, 28.81181747, 96.00086602,   4.3
 54, 137, 28.80834373, 95.99612728,   4.3
 55, 137, 28.80482256, 95.99132438,  99.9
 56, 137, 28.80125331, 95.98645646,  99.9
 57, 137, 28.79763532, 95.98152264,  99.9
 58, 137, 28.79396791, 95.97652203,  99.9
 59, 137, 28.79025042, 95.97145374,  99.9
 60, 137, 28.78648215, 95.96631685,  99.9
 61, 137, 28.78266241, 95.96111044,  99.9
 62, 137, 28.77879050, 95.95583358,  99.9
 63, 137, 28.77486570, 95.95048531,  99.9
 64, 137, 28.77088727, 95.94506467,  99.9
 65, 137, 28.76685450, 95.93957070,  99.9
 66, 137, 28.76276663, 95.93400241,  99.9
 67, 137, 28.75862290, 95.92835879,  99.9
 68, 137, 28.75442256, 95.92263883,  99.9
 69, 137, 28.75016482, 95.91684151,  99.9
 70, 137, 28.74584889, 95.91096578,  99.9
 71, 137, 28.74147398, 95.90501060,  99.9
 72, 137, 28.73703928, 95.89897489,  99.9
 73, 137, 28.73254397, 95.89285757,  99.9
 74, 137, 28.72798721, 95.88665756,  99.9
 75, 137, 28.72336817, 95.88037372,   3.5
 76, 137, 28.71868598, 95.87400495,   3.4
 77, 137, 28.71393977, 95.86755009,   3.7
 78, 137, 28.70912868, 95.86100800,   3.6
 79, 137, 28.70425181, 95.85437751,   3.5
 80, 137, 28.69930825, 95.84765742,   3.3
 81, 137, 28.69429709, 95.84084653,   3.3
 82, 137, 28.68921740, 95.83394363,   3.3
 83, 137, 28.68406824, 95.82694749,   3.4
 84, 137, 28.67884865, 95.81985684,   3.4
 85, 137, 28.67355766, 95.81267044,   3.5
 86, 137, 28.66819430, 95.80538698,   4.1
 87, 137, 28.66275756, 95.79800518,   4.1
 88, 137, 28.65724645, 95.79052370,   4.0
 89, 137, 28.65165993, 95.78294123,   4.0
 90, 137, 28.64599697, 95.77525640,   3.9
 91, 137, 28.64025651, 95.76746785,   3.9
 92, 137, 28.63443750, 95.75957419,   3.8
 93, 137, 28.62853885, 95.75157400,   3.8
 94, 137, 28.62255946, 95.74346587,   3.8
 95, 137, 28.61649822, 95.73524835,   3.7
 96, 137, 28.61035401, 95.72691998,   3.7
 97, 137, 28.60412568, 95.71847928,   3.6
 98, 137, 28.59781208, 95.70992473,   3.6
 99, 137, 28.59141202, 95.70125484,   3.6
100, 137, 28.58492433, 95.69246804,   3.5
101, 137, 28.57834778, 95.68356278,   3.5
102, 137, 28.57168117, 95.67453748,   3.5
103, 137, 28.56492324, 95.66539053,   3.5
104, 137, 28.55807273, 95.65612031,   3.4
105, 137, 28.55112838, 95.64672518,   3.4
106, 137, 28.54408888, 95.63720347,   3.4
107, 137, 28.53695293, 95.62755349,   3.4
108, 137, 28.52971920, 95.61777353,   3.3
109, 137, 28.52238632, 95.60786186,   3.3
110, 137, 28.51495295, 95.59781673,   3.3
111, 137, 28.50741769, 95.58763634,   3.3
112, 137, 28.49977913, 95.57731891,   3.2
113, 137, 28.49203584, 95.56686261,   3.2
114, 137, 28.48418639, 95.55626559,   3.2
115, 137, 28.47622931, 95.54552598,   3.2
116, 137, 28.46816310, 95.53464188,   3.2
117, 137, 28.45998627, 95.52361137,   3.1
118, 137, 28.45169728, 95.51243250,   3.1
119, 137, 28.44329458, 95.50110331,   3.1
120, 137, 28.43477660, 95.48962179,   3.1
121, 137, 28.42614175, 95.47798591,   3.1
122, 137, 28.41738841, 95.46619364,   3.1
123, 137, 28.40851495, 95.45424290,   3.0
124, 137, 28.39951969, 95.44213158,   3.0
125, 137, 28.39040096, 95.42985755,   3.0
126, 137, 28.38115704, 95.41741866,   3.0
127, 137, 28.37178621, 95.40481272,   3.0
128, 137, 28.36228671, 95.39203751,   2.9
129, 137, 28.35265674, 95.37909081,   2.9
130, 137, 28.34289452, 95.36597032,   2.9
131, 137, 28.33299820, 95.35267377,   2.9
132, 137, 28.32296593, 95.33919880,   2.9
133, 137, 28.31279582, 95.32554308,   2.9
134, 137, 28.30248597, 95.31170420,   2.8
135, 137, 28.29203443, 95.29767974,   2.8
136, 137, 28.28143923, 95.28346727,   2.8
137, 137, 28.27069840, 95.26906428,   2.8
138, 137, 28.25980989, 95.25446827,   2.8
139, 137, 28.24877168, 95.23967670,   2.8
140, 137, 28.23758167, 95.22468698,   2.7
141, 137, 28.22623777, 95.20949649,   2.7
142, 137, 28.21473782, 95.19410261,   2.7
143, 137, 28.20307968, 95.17850264,   2.7
144, 137, 28.19126113, 95.16269387,   2.7
145, 137, 28.17927994, 95.14667356,   2.7
146, 137, 28.16713387, 95.13043893,   2.7
147, 137, 28.15482060, 95.11398715,   2.6
148, 137, 28.14233783, 95.09731538,   2.6
149, 137, 28.12968319, 95.08042072,   2.6
150, 137, 28.11685429, 95.06330025,   2.6
151, 137, 28.10384870, 95.04595100,   2.6
152, 137, 28.09066396, 95.02836999,   2.6
153, 137, 28.07729758, 95.01055416,   2.6
154, 137, 28.06374703, 94.99250044,   2.6
155, 137, 28.05000974, 94.97420572,   2.6
156, 137, 28.03608312, 94.95566684,   2.6
157, 137, 28.02196451, 94.93688061,   2.6
158, 137, 28.00765124, 94.91784380,   2.6
159, 137, 27.99314061, 94.89855313,   2.5
160, 137, 27.97842984, 94.87900529,   2.5
161, 137, 27.96351616, 94.85919692,   2.5
162, 137, 27.94839673, 94.83912463,   2.5
163, 137, 27.93306867, 94.81878496,   2.5
164, 137, 27.91752907, 94.79817445,   2.5
165, 137, 27.90177497, 94.77728956,   2.5
166, 137, 27.88580339, 94.75612672,   2.5
167, 137, 27.86961127, 94.73468232,   2.5
168, 137, 27.85319553, 94.71295270,   2.6
169, 137, 27.83655305, 94.69093416,   2.6
170, 137, 27.81968065, 94.66862294,   2.6
171, 137, 27.80257511, 94.64601524,   2.6
172, 137, 27.78523318, 94.62310724,   2.6
173, 137, 27.76765153, 94.59989503,   2.6
174, 137, 27.74982682, 94.57637467,   2.6
175, 137, 27.73175563, 94.55254219,   2.6
176, 137, 27.71343451, 94.52839355,   2.6
177, 137, 27.69485995, 94.50392465,   2.6
178, 137, 27.67602841, 94.47913138,   2.6
179, 137, 27.65693627, 94.45400954,   2.6
180, 137, 27.63757987, 94.42855490,   2.6
181, 137, 27.61795552, 94.40276317,   2.6
182, 137, 27.59805944, 94.37663001,   2.6
183, 137, 27.57788781, 94.35015104,   2.6
184, 137, 27.55743677, 94.32332181,   2.6
185, 137, 27.53670239, 94.29613781,   2.6
186, 137, 27.51568068, 94.26859451,   2.6
187, 137, 27.49436760, 94.24068730,   2.6
188, 137, 27.47275904, 94.21241150,   2.6
189, 137, 27.45085087, 94.18376241,   2.6
190, 137, 27.42863884, 94.15473525,   2.6
191, 137, 27.40611869, 94.12532520,   2.6
  1, 138, 28.94263991, 96.17496712,  99.9
  2, 138, 28.94095082, 96.17258845,  99.9
  3, 138, 28.93923870, 96.17017748,  99.9
  4, 138, 28.93750324, 96.16773380,  99.9
  5, 138, 28.93574413, 96.16525694,  99.9
  6, 138, 28.93396103, 96.16274647,  99.9
  7, 138, 28.93215362, 96.16020193,  99.9
  8, 138, 28.93032158, 96.15762286,  99.9
  9, 138, 28.92846455, 96.15500878,  99.9
 10, 138, 28.92658221, 96.15235924,  99.9
 11, 138, 28.92467420, 96.14967374,  99.9
 12, 138, 28.92274018, 96.14695180,  99.9
 13, 138, 28.92077979, 96.14419292,  99.9
 14, 138, 28.91879267, 96.14139662,  99.9
 15, 138, 28.91677845, 96.13856237,  99.9
 16, 138, 28.91473676, 96.13568967,  99.9
 17, 138, 28.91266723, 96.13277800,  99.9
 18, 138, 28.91056948, 96.12982683,  99.9
 19, 138, 28.90844312, 96.12683562,  99.9
 20, 138, 28.90628776, 96.12380384,  99.9
 21, 138, 28.90410301, 96.12073094,  99.9
 22, 138, 28.90188846, 96.11761635,  99.9
 23, 138, 28.89964370, 96.11445952,  99.9
 24, 138, 28.89736833, 96.11125987,  99.9
 25, 138, 28.89506192, 96.10801683,  99.9
 26, 138, 28.89272405, 96.10472981,  99.9
 27, 138, 28.89035428, 96.10139822,  99.9
 28, 138, 28.88795219, 96.09802144,  99.9
 29, 138, 28.88551733, 96.09459888,  99.9
 30, 138, 28.88304926, 96.09112991,  99.9
 31, 138, 28.88054751, 96.08761391,  99.9
 32, 138, 28.87801163, 96.08405024,  99.9
 33, 138, 28.87544115, 96.08043826,  99.9
 34, 138, 28.87283559, 96.07677731,  99.9
 35, 138, 28.87019449, 96.07306673,  99.9
 36, 138, 28.86751734, 96.06930586,  99.9
 37, 138, 28.86480366, 96.06549400,  99.9
 38, 138, 28.86205295, 96.06163049,  99.9
 39, 138, 28.85926470, 96.05771461,  99.9
 40, 138, 28.85643840, 96.05374566,  99.9
 41, 138, 28.85357352, 96.04972293,  99.9
 42, 138, 28.85066954, 96.04564569,  99.9
 43, 138, 28.84772593, 96.04151320,  99.9
 44, 138, 28.84474213, 96.03732472,  99.9
 45, 138, 28.84171760, 96.03307949,  99.9
 46, 138, 28.83865179, 96.02877674,  99.9
 47, 138, 28.83554412, 96.02441571,  99.9
 48, 138, 28.83239403, 96.01999560,  99.9
 49, 138, 28.82920092, 96.01551562,   4.0
 50, 138, 28.82596422, 96.01097496,   4.1
 51, 138, 28.82268333, 96.00637281,   4.1
 52, 138, 28.81935763, 96.00170833,  99.9
 53, 138, 28.81598652, 95.99698068,  99.9
 54, 138, 28.81256938, 95.99218901,  99.9
 55, 138, 28.80910557, 95.98733247,  99.9
 56, 138, 28.80559445, 95.98241017,  99.9
 57, 138, 28.80203537, 95.97742123,  99.9
 58, 138, 28.79842769, 95.97236475,  99.9
 59, 138, 28.79477072, 95.96723982,  99.9
 60, 138, 28.79106380, 95.96204553,  99.9
 61, 138, 28.78730624, 95.95678093,  99.9
 62, 138, 28.78349734, 95.95144509,  99.9
 63, 138, 28.77963641, 95.94603703,  99.9
 64, 138, 28.77572272, 95.94055580,  99.9
 65, 138, 28.77175556, 95.93500040,  99.9
 66, 138, 28.76773419, 95.92936983,  99.9
 67, 138, 28.76365786, 95.92366310,  99.9
 68, 138, 28.75952583, 95.91787916,  99.9
 69, 138, 28.75533732, 95.91201699,  99.9
 70, 138, 28.75109157, 95.90607553,  99.9
 71, 138, 28.74678778, 95.90005372,  99.9
 72, 138, 28.74242516, 95.89395047,  99.9
 73, 138, 28.73800291, 95.88776469,  99.9
 74, 138, 28.73352020, 95.88149528,  99.9
 75, 138, 28.72897619, 95.87514110,  99.9
 76, 138, 28.72437006, 95.86870103,   3.4
 77, 138, 28.71970095, 95.86217390,   3.7
 78, 138, 28.71496799, 95.85555855,   3.6
 79, 138, 28.71017030, 95.84885379,   3.5
 80, 138, 28.70530700, 95.84205842,   3.4
 81, 138, 28.70037718, 95.83517124,   3.3
 82, 138, 28.69537993, 95.82819099,   3.3
 83, 138, 28.69031433, 95.82111645,   3.4
 84, 138, 28.68517942, 95.81394634,   3.4
 85, 138, 28.67997426, 95.80667937,   3.6
 86, 138, 28.67469789, 95.79931427,   3.9
 87, 138, 28.66934931, 95.79184969,   4.1
 88, 138, 28.66392755, 95.78428432,   4.1
 89, 138, 28.65843159, 95.77661681,   4.0
 90, 138, 28.65286041, 95.76884578,   3.9
 91, 138, 28.64721298, 95.76096985,   3.9
 92, 138, 28.64148824, 95.75298761,   3.9
 93, 138, 28.63568514, 95.74489764,   3.8
 94, 138, 28.62980259, 95.73669850,   3.8
 95, 138, 28.62383949, 95.72838873,   3.7
 96, 138, 28.61779475, 95.71996685,   3.7
 97, 138, 28.61166723, 95.71143135,   3.7
 98, 138, 28.60545580, 95.70278073,   3.6
 99, 138, 28.59915930, 95.69401344,   3.6
100, 138, 28.59277655, 95.68512791,   3.6
101, 138, 28.58630636, 95.67612258,   3.5
102, 138, 28.57974754, 95.66699584,   3.5
103, 138, 28.57309886, 95.65774607,   3.5
104, 138, 28.56635908, 95.64837162,   3.4
105, 138, 28.55952694, 95.63887084,   3.4
106, 138, 28.55260117, 95.62924203,   3.4
107, 138, 28.54558047, 95.61948349,   3.4
108, 138, 28.53846355, 95.60959349,   3.3
109, 138, 28.53124906, 95.59957027,   3.3
110, 138, 28.52393566, 95.58941207,   3.3
111, 138, 28.51652199, 95.57911707,   3.3
112, 138, 28.50900666, 95.56868346,   3.3
113, 138, 28.50138827, 95.55810939,   3.2
114, 138, 28.49366539, 95.54739300,   3.2
115, 138, 28.48583659, 95.53653238,   3.2
116, 138, 28.47790038, 95.52552561,   3.2
117, 138, 28.46985530, 95.51437076,   3.2
118, 138, 28.46169983, 95.50306586,   3.1
119, 138, 28.45343245, 95.49160890,   3.1
120, 138, 28.44505161, 95.47999787,   3.1
121, 138, 28.43655575, 95.46823072,   3.1
122, 138, 28.42794326, 95.45630538,   3.1
123, 138, 28.41921254, 95.44421974,   3.0
124, 138, 28.41036194, 95.43197169,   3.0
125, 138, 28.40138982, 95.41955905,   3.0
126, 138, 28.39229448, 95.40697966,   3.0
127, 138, 28.38307422, 95.39423130,   3.0
128, 138, 28.37372731, 95.38131173,   2.9
129, 138, 28.36425200, 95.36821868,   2.9
130, 138, 28.35464649, 95.35494985,   2.9
131, 138, 28.34490900, 95.34150292,   2.9
132, 138, 28.33503769, 95.32787553,   2.9
133, 138, 28.32503069, 95.31406529,   2.9
134, 138, 28.31488614, 95.30006979,   2.8
135, 138, 28.30460212, 95.28588657,   2.8
136, 138, 28.29417669, 95.27151315,   2.8
137, 138, 28.28360790, 95.25694702,   2.8
138, 138, 28.27289375, 95.24218564,   2.8
139, 138, 28.26203222, 95.22722643,   2.8
140, 138, 28.25102127, 95.21206678,   2.7
141, 138, 28.23985882, 95.19670404,   2.7
142, 138, 28.22854276, 95.18113554,   2.7
143, 138, 28.21707095, 95.16535857,   2.7
144, 138, 28.20544124, 95.14937039,   2.7
145, 138, 28.19365143, 95.13316820,   2.7
146, 138, 28.18169928, 95.11674920,   2.7
147, 138, 28.16958254, 95.10011054,   2.7
148, 138, 28.15729892, 95.08324932,   2.6
149, 138, 28.14484609, 95.06616262,   2.6
150, 138, 28.13222170, 95.04884748,   2.6
151, 138, 28.11942335, 95.03130090,   2.6
152, 138, 28.10644863, 95.01351985,   2.6
153, 138, 28.09329507, 94.99550125,   2.6
154, 138, 28.07996019, 94.97724199,   2.6
155, 138, 28.06644144, 94.95873891,   2.6
156, 138, 28.05273627, 94.93998882,   2.6
157, 138, 28.03884208, 94.92098849,   2.6
158, 138, 28.02475622, 94.90173464,   2.6
159, 138, 28.01047602, 94.88222396,   2.5
160, 138, 27.99599878, 94.86245310,   2.5
161, 138, 27.98132172, 94.84241866,   2.5
162, 138, 27.96644206, 94.82211719,   2.5
163, 138, 27.95135698, 94.80154522,   2.5
164, 138, 27.93606359, 94.78069922,   2.5
165, 138, 27.92055898, 94.75957561,   2.5
166, 138, 27.90484021, 94.73817079,   2.5
167, 138, 27.88890426, 94.71648110,   2.5
168, 138, 27.87274810, 94.69450282,   2.5
169, 138, 27.85636865, 94.67223221,   2.6
170, 138, 27.83976278, 94.64966548,   2.6
171, 138, 27.82292732, 94.62679877,   2.6
172, 138, 27.80585904, 94.60362820,   2.6
173, 138, 27.78855468, 94.58014983,   2.6
174, 138, 27.77101094, 94.55635968,   2.6
175, 138, 27.75322445, 94.53225369,   2.6
176, 138, 27.73519181, 94.50782780,   2.6
177, 138, 27.71690956, 94.48307786,   2.6
178, 138, 27.69837420, 94.45799969,   2.6
179, 138, 27.67958216, 94.43258906,   2.6
180, 138, 27.66052985, 94.40684166,   2.6
181, 138, 27.64121360, 94.38075317,   2.6
182, 138, 27.62162970, 94.35431918,   2.6
183, 138, 27.60177439, 94.32753526,   2.6
184, 138, 27.58164385, 94.30039690,   2.6
185, 138, 27.56123420, 94.27289954,   2.6
186, 138, 27.54054152, 94.24503858,   2.6
187, 138, 27.51956181, 94.21680935,   2.6
188, 138, 27.49829104, 94.18820714,   2.6
189, 138, 27.47672509, 94.15922716,   2.6
190, 138, 27.45485982, 94.12986457,   2.6
191, 138, 27.43269099, 94.10011449,   2.6
  1, 139, 28.94472959, 96.17307598,  99.9
  2, 139, 28.94306890, 96.17067155,  99.9
  3, 139, 28.94138557, 96.16823449,  99.9
  4, 139, 28.93967928, 96.16576435,  99.9
  5, 139, 28.93794974, 96.16326068,  99.9
  6, 139, 28.93619662, 96.16072303,  99.9
  7, 139, 28.93441959, 96.15815094,  99.9
  8, 139, 28.93261834, 96.15554394,  99.9
  9, 139, 28.93079253, 96.15290156,  99.9
 10, 139, 28.92894182, 96.15022332,  99.9
 11, 139, 28.92706587, 96.14750873,  99.9
 12, 139, 28.92516435, 96.14475731,  99.9
 13, 139, 28.92323690, 96.14196856,  99.9
 14, 139, 28.92128316, 96.13914196,  99.9
 15, 139, 28.91930278, 96.13627702,  99.9
 16, 139, 28.91729539, 96.13337320,  99.9
 17, 139, 28.91526063, 96.13042998,  99.9
 18, 139, 28.91319811, 96.12744684,  99.9
 19, 139, 28.91110747, 96.12442322,  99.9
 20, 139, 28.90898831, 96.12135859,  99.9
 21, 139, 28.90684024, 96.11825238,  99.9
 22, 139, 28.90466288, 96.11510404,  99.9
 23, 139, 28.90245581, 96.11191300,  99.9
 24, 139, 28.90021864, 96.10867867,  99.9
 25, 139, 28.89795095, 96.10540048,  99.9
 26, 139, 28.89565233, 96.10207783,  99.9
 27, 139, 28.89332234, 96.09871012,  99.9
 28, 139, 28.89096057, 96.09529673,  99.9
 29, 139, 28.88856658, 96.09183706,  99.9
 30, 139, 28.88613992, 96.08833048,  99.9
 31, 139, 28.88368015, 96.08477635,  99.9
 32, 139, 28.88118682, 96.08117404,  99.9
 33, 139, 28.87865947, 96.07752288,  99.9
 34, 139, 28.87609762, 96.07382222,  99.9
 35, 139, 28.87350082, 96.07007140,  99.9
 36, 139, 28.87086858, 96.06626972,  99.9
 37, 139, 28.86820041, 96.06241652,  99.9
 38, 139, 28.86549583, 96.05851109,  99.9
 39, 139, 28.86275434, 96.05455272,  99.9
 40, 139, 28.85997543, 96.05054070,  99.9
 41, 139, 28.85715858, 96.04647432,  99.9
 42, 139, 28.85430328, 96.04235282,  99.9
 43, 139, 28.85140901, 96.03817548,  99.9
 44, 139, 28.84847522, 96.03394153,  99.9
 45, 139, 28.84550139, 96.02965021,  99.9
 46, 139, 28.84248695, 96.02530075,   3.7
 47, 139, 28.83943135, 96.02089237,   3.8
 48, 139, 28.83633403, 96.01642426,   3.9
 49, 139, 28.83319442, 96.01189563,   3.9
 50, 139, 28.83001193, 96.00730566,  99.9
 51, 139, 28.82678599, 96.00265351,  99.9
 52, 139, 28.82351599, 95.99793836,  99.9
 53, 139, 28.82020133, 95.99315935,  99.9
 54, 139, 28.81684140, 95.98831562,  99.9
 55, 139, 28.81343558, 95.98340631,  99.9
 56, 139, 28.80998323, 95.97843051,  99.9
 57, 139, 28.80648373, 95.97338735,  99.9
 58, 139, 28.80293642, 95.96827591,  99.9
 59, 139, 28.79934065, 95.96309528,  99.9
 60, 139, 28.79569575, 95.95784451,  99.9
 61, 139, 28.79200105, 95.95252267,  99.9
 62, 139, 28.78825587, 95.94712880,  99.9
 63, 139, 28.78445951, 95.94166193,  99.9
 64, 139, 28.78061127, 95.93612108,  99.9
 65, 139, 28.77671044, 95.93050525,  99.9
 66, 139, 28.77275630, 95.92481343,  99.9
 67, 139, 28.76874812, 95.91904460,  99.9
 68, 139, 28.76468515, 95.91319773,  99.9
 69, 139, 28.76056664, 95.90727176,  99.9
 70, 139, 28.75639183, 95.90126563,  99.9
 71, 139, 28.75215995, 95.89517827,  99.9
 72, 139, 28.74787021, 95.88900857,  99.9
 73, 139, 28.74352182, 95.88275544,  99.9
 74, 139, 28.73911397, 95.87641776,  99.9
 75, 139, 28.73464584, 95.86999438,   3.3
 76, 139, 28.73011661, 95.86348415,   3.3
 77, 139, 28.72552544, 95.85688592,   3.4
 78, 139, 28.72087147, 95.85019849,   3.6
 79, 139, 28.71615385, 95.84342067,   3.6
 80, 139, 28.71137169, 95.83655125,   3.5
 81, 139, 28.70652411, 95.82958899,   3.4
 82, 139, 28.70161021, 95.82253265,   3.3
 83, 139, 28.69662908, 95.81538097,   3.4
 84, 139, 28.69157979, 95.80813267,   3.4
 85, 139, 28.68646141, 95.80078646,   3.5
 86, 139, 28.68127298, 95.79334101,   3.7
 87, 139, 28.67601355, 95.78579500,   4.1
 88, 139, 28.67068213, 95.77814709,   4.1
 89, 139, 28.66527773, 95.77039590,   4.0
 90, 139, 28.65979934, 95.76254005,   4.0
 91, 139, 28.65424596, 95.75457814,   3.9
 92, 139, 28.64861654, 95.74650875,   3.9
 93, 139, 28.64291004, 95.73833044,   3.8
 94, 139, 28.63712540, 95.73004176,   3.8
 95, 139, 28.63126154, 95.72164122,   3.8
 96, 139, 28.62531737, 95.71312732,   3.7
 97, 139, 28.61929178, 95.70449856,   3.7
 98, 139, 28.61318365, 95.69575339,   3.6
 99, 139, 28.60699184, 95.68689026,   3.6
100, 139, 28.60071520, 95.67790760,   3.6
101, 139, 28.59435256, 95.66880379,   3.5
102, 139, 28.58790272, 95.65957723,   3.5
103, 139, 28.58136450, 95.65022628,   3.5
104, 139, 28.57473667, 95.64074927,   3.5
105, 139, 28.56801798, 95.63114452,   3.4
106, 139, 28.56120720, 95.62141032,   3.4
107, 139, 28.55430304, 95.61154495,   3.4
108, 139, 28.54730422, 95.60154666,   3.4
109, 139, 28.54020943, 95.59141367,   3.3
110, 139, 28.53301734, 95.58114420,   3.3
111, 139, 28.52572662, 95.57073641,   3.3
112, 139, 28.51833589, 95.56018846,   3.3
113, 139, 28.51084378, 95.54949850,   3.2
114, 139, 28.50324887, 95.53866462,   3.2
115, 139, 28.49554977, 95.52768491,   3.2
116, 139, 28.48774501, 95.51655742,   3.2
117, 139, 28.47983314, 95.50528020,   3.2
118, 139, 28.47181268, 95.49385125,   3.1
119, 139, 28.46368212, 95.48226856,   3.1
120, 139, 28.45543995, 95.47053007,   3.1
121, 139, 28.44708461, 95.45863371,   3.1
122, 139, 28.43861454, 95.44657740,   3.1
123, 139, 28.43002815, 95.43435900,   3.1
124, 139, 28.42132383, 95.42197636,   3.0
125, 139, 28.41249995, 95.40942731,   3.0
126, 139, 28.40355484, 95.39670963,   3.0
127, 139, 28.39448683, 95.38382109,   3.0
128, 139, 28.38529422, 95.37075942,   3.0
129, 139, 28.37597527, 95.35752232,   2.9
130, 139, 28.36652824, 95.34410748,   2.9
131, 139, 28.35695134, 95.33051254,   2.9
132, 139, 28.34724277, 95.31673510,   2.9
133, 139, 28.33740071, 95.30277277,   2.9
134, 139, 28.32742331, 95.28862309,   2.9
135, 139, 28.31730868, 95.27428358,   2.8
136, 139, 28.30705491, 95.25975173,   2.8
137, 139, 28.29666009, 95.24502501,   2.8
138, 139, 28.28612223, 95.23010083,   2.8
139, 139, 28.27543936, 95.21497659,   2.8
140, 139, 28.26460947, 95.19964966,   2.8
141, 139, 28.25363049, 95.18411734,   2.7
142, 139, 28.24250037, 95.16837695,   2.7
143, 139, 28.23121700, 95.15242572,   2.7
144, 139, 28.21977824, 95.13626090,   2.7
145, 139, 28.20818193, 95.11987965,   2.7
146, 139, 28.19642588, 95.10327914,   2.7
147, 139, 28.18450786, 95.08645647,   2.7
148, 139, 28.17242562, 95.06940873,   2.6
149, 139, 28.16017687, 95.05213295,   2.6
150, 139, 28.14775928, 95.03462615,   2.6
151, 139, 28.13517050, 95.01688527,   2.6
152, 139, 28.12240815, 94.99890727,   2.6
153, 139, 28.10946980, 94.98068901,   2.6
154, 139, 28.09635300, 94.96222735,   2.6
155, 139, 28.08305524, 94.94351910,   2.6
156, 139, 28.06957402, 94.92456103,   2.6
157, 139, 28.05590676, 94.90534987,   2.6
158, 139, 28.04205087, 94.88588230,   2.6
159, 139, 28.02800370, 94.86615497,   2.6
160, 139, 28.01376259, 94.84616448,   2.5
161, 139, 27.99932482, 94.82590741,   2.5
162, 139, 27.98468764, 94.80538026,   2.5
163, 139, 27.96984826, 94.78457950,   2.5
164, 139, 27.95480386, 94.76350158,   2.5
165, 139, 27.93955155, 94.74214288,   2.5
166, 139, 27.92408843, 94.72049973,   2.5
167, 139, 27.90841154, 94.69856844,   2.5
168, 139, 27.89251789, 94.67634526,   2.5
169, 139, 27.87640443, 94.65382639,   2.6
170, 139, 27.86006810, 94.63100798,   2.6
171, 139, 27.84350575, 94.60788615,   2.6
172, 139, 27.82671422, 94.58445696,   2.6
173, 139, 27.80969029, 94.56071642,   2.6
174, 139, 27.79243069, 94.53666050,   2.6
175, 139, 27.77493212, 94.51228510,   2.6
176, 139, 27.75719122, 94.48758609,   2.6
177, 139, 27.73920458, 94.46255930,   2.6
178, 139, 27.72096875, 94.43720047,   2.6
179, 139, 27.70248021, 94.41150532,   2.6
180, 139, 27.68373542, 94.38546951,   2.6
181, 139, 27.66473077, 94.35908865,   2.6
182, 139, 27.64546260, 94.33235828,   2.6
183, 139, 27.62592719, 94.30527391,   2.6
184, 139, 27.60612078, 94.27783097,   2.6
185, 139, 27.58603955, 94.25002486,   2.6
186, 139, 27.56567963, 94.22185091,   2.6
187, 139, 27.54503709, 94.19330439,   2.6
188, 139, 27.52410792, 94.16438053,   2.6
189, 139, 27.50288811, 94.13507449,   2.6
190, 139, 27.48137352, 94.10538137,   2.6
191, 139, 27.45956001, 94.07529623,   2.6
  1, 140, 28.94684154, 96.17121703,  99.9
  2, 140, 28.94520955, 96.16878729,  99.9
  3, 140, 28.94355531, 96.16632457,  99.9
  4, 140, 28.94187851, 96.16382843,  99.9
  5, 140, 28.94017886, 96.16129840,  99.9
  6, 140, 28.93845603, 96.15873402,  99.9
  7, 140, 28.93670971, 96.15613485,  99.9
  8, 140, 28.93493958, 96.15350039,  99.9
  9, 140, 28.93314531, 96.15083019,  99.9
 10, 140, 28.93132657, 96.14812374,  99.9
 11, 140, 28.92948303, 96.14538056,  99.9
 12, 140, 28.92761436, 96.14260016,  99.9
 13, 140, 28.92572019, 96.13978203,  99.9
 14, 140, 28.92380020, 96.13692566,  99.9
 15, 140, 28.92185402, 96.13403053,  99.9
 16, 140, 28.91988130, 96.13109612,  99.9
 17, 140, 28.91788167, 96.12812189,  99.9
 18, 140, 28.91585477, 96.12510731,  99.9
 19, 140, 28.91380022, 96.12205183,  99.9
 20, 140, 28.91171764, 96.11895490,  99.9
 21, 140, 28.90960666, 96.11581596,  99.9
 22, 140, 28.90746688, 96.11263444,  99.9
 23, 140, 28.90529791, 96.10940976,  99.9
 24, 140, 28.90309935, 96.10614134,  99.9
 25, 140, 28.90087079, 96.10282859,  99.9
 26, 140, 28.89861183, 96.09947091,  99.9
 27, 140, 28.89632205, 96.09606769,  99.9
 28, 140, 28.89400103, 96.09261831,  99.9
 29, 140, 28.89164834, 96.08912216,  99.9
 30, 140, 28.88926354, 96.08557860,  99.9
 31, 140, 28.88684620, 96.08198698,  99.9
 32, 140, 28.88439587, 96.07834667,  99.9
 33, 140, 28.88191211, 96.07465700,  99.9
 34, 140, 28.87939444, 96.07091730,  99.9
 35, 140, 28.87684242, 96.06712691,  99.9
 36, 140, 28.87425556, 96.06328512,  99.9
 37, 140, 28.87163340, 96.05939126,  99.9
 38, 140, 28.86897544, 96.05544462,  99.9
 39, 140, 28.86628120, 96.05144447,  99.9
 40, 140, 28.86355018, 96.04739011,  99.9
 41, 140, 28.86078188, 96.04328080,  99.9
 42, 140, 28.85797579, 96.03911580,  99.9
 43, 140, 28.85513139, 96.03489436,  99.9
 44, 140, 28.85224815, 96.03061571,   3.5
 45, 140, 28.84932554, 96.02627908,   3.5
 46, 140, 28.84636302, 96.02188369,   3.6
 47, 140, 28.84336006, 96.01742875,  99.9
 48, 140, 28.84031608, 96.01291345,  99.9
 49, 140, 28.83723053, 96.00833698,  99.9
 50, 140, 28.83410285, 96.00369852,  99.9
 51, 140, 28.83093244, 95.99899723,  99.9
 52, 140, 28.82771873, 95.99423225,  99.9
 53, 140, 28.82446113, 95.98940274,  99.9
 54, 140, 28.82115902, 95.98450782,  99.9
 55, 140, 28.81781181, 95.97954662,  99.9
 56, 140, 28.81441887, 95.97451823,  99.9
 57, 140, 28.81097957, 95.96942175,  99.9
 58, 140, 28.80749329, 95.96425627,  99.9
 59, 140, 28.80395937, 95.95902086,  99.9
 60, 140, 28.80037715, 95.95371456,  99.9
 61, 140, 28.79674599, 95.94833644,  99.9
 62, 140, 28.79306520, 95.94288552,  99.9
 63, 140, 28.78933411, 95.93736081,  99.9
 64, 140, 28.78555203, 95.93176134,  99.9
 65, 140, 28.78171824, 95.92608609,  99.9
 66, 140, 28.77783206, 95.92033404,  99.9
 67, 140, 28.77389275, 95.91450415,  99.9
 68, 140, 28.76989958, 95.90859539,  99.9
 69, 140, 28.76585182, 95.90260669,  99.9
 70, 140, 28.76174872, 95.89653697,  99.9
 71, 140, 28.75758952, 95.89038515,  99.9
 72, 140, 28.75337344, 95.88415011,  99.9
 73, 140, 28.74909970, 95.87783075,  99.9
 74, 140, 28.74476751, 95.87142593,  99.9
 75, 140, 28.74037608, 95.86493450,   3.4
 76, 140, 28.73592457, 95.85835529,   3.4
 77, 140, 28.73141218, 95.85168713,   3.4
 78, 140, 28.72683805, 95.84492882,   3.7
 79, 140, 28.72220135, 95.83807916,   3.6
 80, 140, 28.71750121, 95.83113690,   3.5
 81, 140, 28.71273675, 95.82410082,   3.4
 82, 140, 28.70790710, 95.81696965,   3.4
 83, 140, 28.70301136, 95.80974212,   3.4
 84, 140, 28.69804861, 95.80241693,   3.4
 85, 140, 28.69301794, 95.79499277,   3.5
 86, 140, 28.68791841, 95.78746831,   3.6
 87, 140, 28.68274906, 95.77984222,   3.9
 88, 140, 28.67750895, 95.77211312,   4.1
 89, 140, 28.67219710, 95.76427964,   4.1
 90, 140, 28.66681251, 95.75634038,   4.0
 91, 140, 28.66135419, 95.74829391,   4.0
 92, 140, 28.65582112, 95.74013882,   3.9
 93, 140, 28.65021227, 95.73187362,   3.9
 94, 140, 28.64452659, 95.72349687,   3.8
 95, 140, 28.63876303, 95.71500705,   3.8
 96, 140, 28.63292051, 95.70640266,   3.8
 97, 140, 28.62699794, 95.69768217,   3.7
 98, 140, 28.62099423, 95.68884401,   3.7
 99, 140, 28.61490824, 95.67988663,   3.6
100, 140, 28.60873885, 95.67080841,   3.6
101, 140, 28.60248491, 95.66160775,   3.6
102, 140, 28.59614524, 95.65228302,   3.5
103, 140, 28.58971867, 95.64283254,   3.5
104, 140, 28.58320399, 95.63325465,   3.5
105, 140, 28.57659999, 95.62354763,   3.4
106, 140, 28.56990543, 95.61370978,   3.4
107, 140, 28.56311907, 95.60373933,   3.4
108, 140, 28.55623963, 95.59363452,   3.4
109, 140, 28.54926583, 95.58339356,   3.3
110, 140, 28.54219636, 95.57301463,   3.3
111, 140, 28.53502991, 95.56249589,   3.3
112, 140, 28.52776512, 95.55183548,   3.3
113, 140, 28.52040065, 95.54103151,   3.3
114, 140, 28.51293511, 95.53008206,   3.2
115, 140, 28.50536710, 95.51898520,   3.2
116, 140, 28.49769521, 95.50773897,   3.2
117, 140, 28.48991800, 95.49634137,   3.2
118, 140, 28.48203401, 95.48479040,   3.2
119, 140, 28.47404176, 95.47308400,   3.1
120, 140, 28.46593975, 95.46122012,   3.1
121, 140, 28.45772646, 95.44919666,   3.1
122, 140, 28.44940035, 95.43701150,   3.1
123, 140, 28.44095986, 95.42466249,   3.1
124, 140, 28.43240339, 95.41214746,   3.0
125, 140, 28.42372935, 95.39946419,   3.0
126, 140, 28.41493611, 95.38661046,   3.0
127, 140, 28.40602200, 95.37358400,   3.0
128, 140, 28.39698535, 95.36038252,   3.0
129, 140, 28.38782446, 95.34700371,   3.0
130, 140, 28.37853762, 95.33344520,   2.9
131, 140, 28.36912305, 95.31970463,   2.9
132, 140, 28.35957900, 95.30577957,   2.9
133, 140, 28.34990367, 95.29166759,   2.9
134, 140, 28.34009523, 95.27736621,   2.9
135, 140, 28.33015183, 95.26287292,   2.8
136, 140, 28.32007159, 95.24818519,   2.8
137, 140, 28.30985262, 95.23330044,   2.8
138, 140, 28.29949298, 95.21821608,   2.8
139, 140, 28.28899071, 95.20292946,   2.8
140, 140, 28.27834384, 95.18743791,   2.8
141, 140, 28.26755034, 95.17173873,   2.7
142, 140, 28.25660818, 95.15582917,   2.7
143, 140, 28.24551528, 95.13970647,   2.7
144, 140, 28.23426956, 95.12336782,   2.7
145, 140, 28.22286886, 95.10681036,   2.7
146, 140, 28.21131105, 95.09003122,   2.7
147, 140, 28.19959392, 95.07302747,   2.7
148, 140, 28.18771525, 95.05579617,   2.7
149, 140, 28.17567280, 95.03833431,   2.6
150, 140, 28.16346427, 95.02063887,   2.6
151, 140, 28.15108735, 95.00270677,   2.6
152, 140, 28.13853968, 94.98453492,   2.6
153, 140, 28.12581889, 94.96612015,   2.6
154, 140, 28.11292254, 94.94745929,   2.6
155, 140, 28.09984820, 94.92854911,   2.6
156, 140, 28.08659337, 94.90938633,   2.6
157, 140, 28.07315552, 94.88996764,   2.6
158, 140, 28.05953211, 94.87028971,   2.6
159, 140, 28.04572052, 94.85034912,   2.6
160, 140, 28.03171813, 94.83014245,   2.5
161, 140, 28.01752227, 94.80966622,   2.5
162, 140, 28.00313022, 94.78891691,   2.5
163, 140, 27.98853924, 94.76789095,   2.5
164, 140, 27.97374654, 94.74658472,   2.5
165, 140, 27.95874930, 94.72499457,   2.5
166, 140, 27.94354464, 94.70311681,   2.5
167, 140, 27.92812965, 94.68094768,   2.5
168, 140, 27.91250138, 94.65848338,   2.5
169, 140, 27.89665685, 94.63572009,   2.5
170, 140, 27.88059301, 94.61265390,   2.6
171, 140, 27.86430678, 94.58928089,   2.6
172, 140, 27.84779504, 94.56559706,   2.6
173, 140, 27.83105461, 94.54159839,   2.6
174, 140, 27.81408229, 94.51728078,   2.6
175, 140, 27.79687481, 94.49264010,   2.6
176, 140, 27.77942886, 94.46767217,   2.6
177, 140, 27.76174109, 94.44237275,   2.6
178, 140, 27.74380808, 94.41673756,   2.6
179, 140, 27.72562639, 94.39076224,   2.6
180, 140, 27.70719252, 94.36444242,   2.6
181, 140, 27.68850290, 94.33777363,   2.6
182, 140, 27.66955393, 94.31075138,   2.6
183, 140, 27.65034196, 94.28337111,   2.6
184, 140, 27.63086326, 94.25562821,   2.6
185, 140, 27.61111409, 94.22751801,   2.6
186, 140, 27.59109061, 94.19903579,   2.6
187, 140, 27.57078895, 94.17017676,   2.6
188, 140, 27.55020519, 94.14093610,   2.6
189, 140, 27.52933532, 94.11130889,   2.6
190, 140, 27.50817532, 94.08129020,   2.6
191, 140, 27.48672106, 94.05087499,   2.6
  1, 141, 28.94897536, 96.16939063,  99.9
  2, 141, 28.94737237, 96.16693602,  99.9
  3, 141, 28.94574753, 96.16444809,  99.9
  4, 141, 28.94410053, 96.16192639,  99.9
  5, 141, 28.94243107, 96.15937045,  99.9
  6, 141, 28.94073885, 96.15677983,  99.9
  7, 141, 28.93902355, 96.15415404,  99.9
  8, 141, 28.93728487, 96.15149261,  99.9
  9, 141, 28.93552247, 96.14879505,  99.9
 10, 141, 28.93373604, 96.14606089,  99.9
 11, 141, 28.93192524, 96.14328962,  99.9
 12, 141, 28.93008975, 96.14048074,  99.9
 13, 141, 28.92822922, 96.13763374,  99.9
 14, 141, 28.92634332, 96.13474811,  99.9
 15, 141, 28.92443170, 96.13182332,  99.9
 16, 141, 28.92249400, 96.12885885,  99.9
 17, 141, 28.92052987, 96.12585415,  99.9
 18, 141, 28.91853895, 96.12280868,  99.9
 19, 141, 28.91652087, 96.11972190,  99.9
 20, 141, 28.91447526, 96.11659323,  99.9
 21, 141, 28.91240175, 96.11342212,  99.9
 22, 141, 28.91029994, 96.11020799,  99.9
 23, 141, 28.90816946, 96.10695026,  99.9
 24, 141, 28.90600991, 96.10364833,  99.9
 25, 141, 28.90382090, 96.10030162,  99.9
 26, 141, 28.90160202, 96.09690952,  99.9
 27, 141, 28.89935286, 96.09347141,  99.9
 28, 141, 28.89707301, 96.08998666,  99.9
 29, 141, 28.89476205, 96.08645466,  99.9
 30, 141, 28.89241955, 96.08287476,  99.9
 31, 141, 28.89004508, 96.07924631,  99.9
 32, 141, 28.88763820, 96.07556866,  99.9
 33, 141, 28.88519848, 96.07184114,  99.9
 34, 141, 28.88272545, 96.06806308,  99.9
 35, 141, 28.88021867, 96.06423380,  99.9
 36, 141, 28.87767767, 96.06035260,  99.9
 37, 141, 28.87510199, 96.05641878,  99.9
 38, 141, 28.87249114, 96.05243164,  99.9
 39, 141, 28.86984465, 96.04839045,  99.9
 40, 141, 28.86716202, 96.04429447,  99.9
 41, 141, 28.86444277, 96.04014298,  99.9
 42, 141, 28.86168640, 96.03593523,   3.3
 43, 141, 28.85889238, 96.03167044,   3.3
 44, 141, 28.85606021, 96.02734786,   3.4
 45, 141, 28.85318937, 96.02296670,  99.9
 46, 141, 28.85027932, 96.01852618,  99.9
 47, 141, 28.84732953, 96.01402548,  99.9
 48, 141, 28.84433945, 96.00946381,  99.9
 49, 141, 28.84130853, 96.00484033,  99.9
 50, 141, 28.83823621, 96.00015421,  99.9
 51, 141, 28.83512193, 95.99540461,  99.9
 52, 141, 28.83196510, 95.99059068,  99.9
 53, 141, 28.82876514, 95.98571154,  99.9
 54, 141, 28.82552147, 95.98076631,  99.9
 55, 141, 28.82223347, 95.97575411,  99.9
 56, 141, 28.81890056, 95.97067403,  99.9
 57, 141, 28.81552209, 95.96552516,  99.9
 58, 141, 28.81209747, 95.96030656,  99.9
 59, 141, 28.80862604, 95.95501731,  99.9
 60, 141, 28.80510717, 95.94965644,  99.9
 61, 141, 28.80154020, 95.94422300,  99.9
 62, 141, 28.79792448, 95.93871601,  99.9
 63, 141, 28.79425934, 95.93313447,  99.9
 64, 141, 28.79054410, 95.92747738,  99.9
 65, 141, 28.78677806, 95.92174372,  99.9
 66, 141, 28.78296054, 95.91593247,  99.9
 67, 141, 28.77909082, 95.91004258,  99.9
 68, 141, 28.77516819, 95.90407299,  99.9
 69, 141, 28.77119192, 95.89802263,  99.9
 70, 141, 28.76716127, 95.89189041,  99.9
 71, 141, 28.76307550, 95.88567523,  99.9
 72, 141, 28.75893385, 95.87937598,  99.9
 73, 141, 28.75473555, 95.87299152,  99.9
 74, 141, 28.75047982, 95.86652071,  99.9
 75, 141, 28.74616587, 95.85996239,  99.9
 76, 141, 28.74179290, 95.85331538,   3.4
 77, 141, 28.73736011, 95.84657849,   3.4
 78, 141, 28.73286666, 95.83975051,   3.4
 79, 141, 28.72831172, 95.83283022,   3.6
 80, 141, 28.72369445, 95.82581638,   3.6
 81, 141, 28.71901399, 95.81870774,   3.5
 82, 141, 28.71426947, 95.81150301,   3.4
 83, 141, 28.70946001, 95.80420092,   3.4
 84, 141, 28.70458470, 95.79680014,   3.4
 85, 141, 28.69964266, 95.78929937,   3.4
 86, 141, 28.69463295, 95.78169725,   3.5
 87, 141, 28.68955464, 95.77399244,   3.7
 88, 141, 28.68440680, 95.76618354,   4.1
 89, 141, 28.67918846, 95.75826917,   4.1
 90, 141, 28.67389865, 95.75024790,   4.0
 91, 141, 28.66853638, 95.74211832,   4.0
 92, 141, 28.66310067, 95.73387897,   3.9
 93, 141, 28.65759048, 95.72552837,   3.9
 94, 141, 28.65200481, 95.71706503,   3.9
 95, 141, 28.64634260, 95.70848745,   3.8
 96, 141, 28.64060280, 95.69979410,   3.8
 97, 141, 28.63478434, 95.69098343,   3.7
 98, 141, 28.62888613, 95.68205386,   3.7
 99, 141, 28.62290708, 95.67300381,   3.7
100, 141, 28.61684607, 95.66383167,   3.6
101, 141, 28.61070196, 95.65453579,   3.6
102, 141, 28.60447361, 95.64511453,   3.6
103, 141, 28.59815986, 95.63556622,   3.5
104, 141, 28.59175952, 95.62588914,   3.5
105, 141, 28.58527141, 95.61608159,   3.5
106, 141, 28.57869430, 95.60614182,   3.4
107, 141, 28.57202696, 95.59606806,   3.4
108, 141, 28.56526816, 95.58585853,   3.4
109, 141, 28.55841662, 95.57551141,   3.4
110, 141, 28.55147106, 95.56502487,   3.3
111, 141, 28.54443018, 95.55439705,   3.3
112, 141, 28.53729267, 95.54362606,   3.3
113, 141, 28.53005718, 95.53270999,   3.3
114, 141, 28.52272236, 95.52164691,   3.3
115, 141, 28.51528683, 95.51043487,   3.2
116, 141, 28.50774921, 95.49907187,   3.2
117, 141, 28.50010807, 95.48755591,   3.2
118, 141, 28.49236198, 95.47588495,   3.2
119, 141, 28.48450948, 95.46405693,   3.2
120, 141, 28.47654911, 95.45206975,   3.1
121, 141, 28.46847937, 95.43992131,   3.1
122, 141, 28.46029874, 95.42760945,   3.1
123, 141, 28.45200568, 95.41513201,   3.1
124, 141, 28.44359863, 95.40248677,   3.1
125, 141, 28.43507602, 95.38967153,   3.0
126, 141, 28.42643623, 95.37668400,   3.0
127, 141, 28.41767765, 95.36352192,   3.0
128, 141, 28.40879861, 95.35018296,   3.0
129, 141, 28.39979746, 95.33666478,   3.0
130, 141, 28.39067248, 95.32296500,   2.9
131, 141, 28.38142197, 95.30908120,   2.9
132, 141, 28.37204418, 95.29501096,   2.9
133, 141, 28.36253733, 95.28075181,   2.9
134, 141, 28.35289963, 95.26630123,   2.9
135, 141, 28.34312927, 95.25165670,   2.9
136, 141, 28.33322440, 95.23681566,   2.8
137, 141, 28.32318314, 95.22177549,   2.8
138, 141, 28.31300359, 95.20653357,   2.8
139, 141, 28.30268384, 95.19108724,   2.8
140, 141, 28.29222192, 95.17543378,   2.8
141, 141, 28.28161587, 95.15957047,   2.8
142, 141, 28.27086366, 95.14349454,   2.7
143, 141, 28.25996326, 95.12720317,   2.7
144, 141, 28.24891261, 95.11069353,   2.7
145, 141, 28.23770960, 95.09396275,   2.7
146, 141, 28.22635212, 95.07700789,   2.7
147, 141, 28.21483801, 95.05982602,   2.7
148, 141, 28.20316508, 95.04241415,   2.7
149, 141, 28.19133112, 95.02476924,   2.7
150, 141, 28.17933387, 95.00688824,   2.6
151, 141, 28.16717105, 94.98876803,   2.6
152, 141, 28.15484035, 94.97040548,   2.6
153, 141, 28.14233942, 94.95179739,   2.6
154, 141, 28.12966589, 94.93294055,   2.6
155, 141, 28.11681733, 94.91383170,   2.6
156, 141, 28.10379129, 94.89446752,   2.6
157, 141, 28.09058530, 94.87484467,   2.6
158, 141, 28.07719684, 94.85495976,   2.6
159, 141, 28.06362334, 94.83480935,   2.6
160, 141, 28.04986222, 94.81438998,   2.6
161, 141, 28.03591084, 94.79369812,   2.5
162, 141, 28.02176653, 94.77273021,   2.5
163, 141, 28.00742660, 94.75148264,   2.5
164, 141, 27.99288830, 94.72995177,   2.5
165, 141, 27.97814884, 94.70813388,   2.5
166, 141, 27.96320539, 94.68602524,   2.5
167, 141, 27.94805510, 94.66362206,   2.5
168, 141, 27.93269506, 94.64092050,   2.5
169, 141, 27.91712232, 94.61791667,   2.5
170, 141, 27.90133389, 94.59460664,   2.6
171, 141, 27.88532673, 94.57098643,   2.6
172, 141, 27.86909777, 94.54705200,   2.6
173, 141, 27.85264389, 94.52279927,   2.6
174, 141, 27.83596191, 94.49822412,   2.6
175, 141, 27.81904864, 94.47332235,   2.6
176, 141, 27.80190080, 94.44808973,   2.6
177, 141, 27.78451510, 94.42252198,   2.6
178, 141, 27.76688818, 94.39661476,   2.6
179, 141, 27.74901663, 94.37036367,   2.6
180, 141, 27.73089700, 94.34376427,   2.6
181, 141, 27.71252580, 94.31681206,   2.6
182, 141, 27.69389947, 94.28950248,   2.6
183, 141, 27.67501441, 94.26183093,   2.6
184, 141, 27.65586696, 94.23379273,   2.6
185, 141, 27.63645341, 94.20538317,   2.6
186, 141, 27.61676999, 94.17659746,   2.6
187, 141, 27.59681290, 94.14743077,   2.6
188, 141, 27.57657825, 94.11787819,   2.6
189, 141, 27.55606212, 94.08793478,   2.6
190, 141, 27.53526051, 94.05759552,   2.6
191, 141, 27.51416940, 94.02685533,   2.6
  1, 142, 28.95113068, 96.16759710,  99.9
  2, 142, 28.94955699, 96.16511806,  99.9
  3, 142, 28.94796183, 96.16260537,  99.9
  4, 142, 28.94634493, 96.16005857,  99.9
  5, 142, 28.94470597, 96.15747720,  99.9
  6, 142, 28.94304467, 96.15486079,  99.9
  7, 142, 28.94136071, 96.15220886,  99.9
  8, 142, 28.93965378, 96.14952094,  99.9
  9, 142, 28.93792358, 96.14679653,  99.9
 10, 142, 28.93616977, 96.14403515,  99.9
 11, 142, 28.93439205, 96.14123628,  99.9
 12, 142, 28.93259008, 96.13839944,  99.9
 13, 142, 28.93076353, 96.13552409,  99.9
 14, 142, 28.92891207, 96.13260972,  99.9
 15, 142, 28.92703535, 96.12965580,  99.9
 16, 142, 28.92513303, 96.12666180,  99.9
 17, 142, 28.92320477, 96.12362718,  99.9
 18, 142, 28.92125019, 96.12055137,  99.9
 19, 142, 28.91926895, 96.11743384,  99.9
 20, 142, 28.91726068, 96.11427400,  99.9
 21, 142, 28.91522501, 96.11107129,  99.9
 22, 142, 28.91316156, 96.10782514,  99.9
 23, 142, 28.91106996, 96.10453495,  99.9
 24, 142, 28.90894982, 96.10120012,  99.9
 25, 142, 28.90680075, 96.09782005,  99.9
 26, 142, 28.90462235, 96.09439414,  99.9
 27, 142, 28.90241422, 96.09092176,  99.9
 28, 142, 28.90017596, 96.08740228,  99.9
 29, 142, 28.89790715, 96.08383506,  99.9
 30, 142, 28.89560737, 96.08021947,  99.9
 31, 142, 28.89327621, 96.07655484,  99.9
 32, 142, 28.89091322, 96.07284052,  99.9
 33, 142, 28.88851798, 96.06907583,  99.9
 34, 142, 28.88609005, 96.06526009,  99.9
 35, 142, 28.88362897, 96.06139261,  99.9
 36, 142, 28.88113429, 96.05747269,  99.9
 37, 142, 28.87860555, 96.05349963,  99.9
 38, 142, 28.87604229, 96.04947271,  99.9
 39, 142, 28.87344403, 96.04539119,  99.9
 40, 142, 28.87081029, 96.04125435,   3.1
 41, 142, 28.86814059, 96.03706143,   3.2
 42, 142, 28.86543443, 96.03281167,   3.2
 43, 142, 28.86269131, 96.02850432,  99.9
 44, 142, 28.85991073, 96.02413859,  99.9
 45, 142, 28.85709218, 96.01971369,  99.9
 46, 142, 28.85423513, 96.01522883,  99.9
 47, 142, 28.85133905, 96.01068319,  99.9
 48, 142, 28.84840342, 96.00607596,  99.9
 49, 142, 28.84542768, 96.00140631,  99.9
 50, 142, 28.84241129, 95.99667338,  99.9
 51, 142, 28.83935369, 95.99187634,  99.9
 52, 142, 28.83625431, 95.98701431,  99.9
 53, 142, 28.83311259, 95.98208641,  99.9
 54, 142, 28.82992793, 95.97709177,  99.9
 55, 142, 28.82669976, 95.97202948,  99.9
 56, 142, 28.82342747, 95.96689862,  99.9
 57, 142, 28.82011047, 95.96169828,  99.9
 58, 142, 28.81674812, 95.95642751,  99.9
 59, 142, 28.81333982, 95.95108537,  99.9
 60, 142, 28.80988494, 95.94567090,  99.9
 61, 142, 28.80638282, 95.94018312,  99.9
 62, 142, 28.80283283, 95.93462104,  99.9
 63, 142, 28.79923430, 95.92898366,  99.9
 64, 142, 28.79558657, 95.92326998,  99.9
 65, 142, 28.79188897, 95.91747895,  99.9
 66, 142, 28.78814081, 95.91160955,  99.9
 67, 142, 28.78434139, 95.90566071,  99.9
 68, 142, 28.78049000, 95.89963136,  99.9
 69, 142, 28.77658595, 95.89352043,  99.9
 70, 142, 28.77262849, 95.88732681,  99.9
 71, 142, 28.76861690, 95.88104939,  99.9
 72, 142, 28.76455043, 95.87468704,  99.9
 73, 142, 28.76042833, 95.86823863,  99.9
 74, 142, 28.75624984, 95.86170300,  99.9
 75, 142, 28.75201417, 95.85507896,  99.9
 76, 142, 28.74772054, 95.84836534,   3.4
 77, 142, 28.74336815, 95.84156093,   3.4
 78, 142, 28.73895620, 95.83466451,   3.4
 79, 142, 28.73448386, 95.82767484,   3.4
 80, 142, 28.72995031, 95.82059067,   3.6
 81, 142, 28.72535469, 95.81341073,   3.5
 82, 142, 28.72069616, 95.80613374,   3.5
 83, 142, 28.71597385, 95.79875839,   3.5
 84, 142, 28.71118689, 95.79128336,   3.4
 85, 142, 28.70633437, 95.78370731,   3.5
 86, 142, 28.70141540, 95.77602889,   3.5
 87, 142, 28.69642906, 95.76824673,   3.5
 88, 142, 28.69137442, 95.76035943,   3.5
 89, 142, 28.68625055, 95.75236558,   4.1
 90, 142, 28.68105648, 95.74426375,   4.1
 91, 142, 28.67579125, 95.73605250,   4.0
 92, 142, 28.67045387, 95.72773036,   4.0
 93, 142, 28.66504336, 95.71929584,   3.9
 94, 142, 28.65955871, 95.71074744,   3.9
 95, 142, 28.65399888, 95.70208363,   3.8
 96, 142, 28.64836284, 95.69330287,   3.8
 97, 142, 28.64264955, 95.68440358,   3.8
 98, 142, 28.63685793, 95.67538419,   3.7
 99, 142, 28.63098690, 95.66624309,   3.7
100, 142, 28.62503537, 95.65697865,   3.7
101, 142, 28.61900222, 95.64758921,   3.6
102, 142, 28.61288633, 95.63807311,   3.6
103, 142, 28.60668655, 95.62842865,   3.5
104, 142, 28.60040173, 95.61865411,   3.5
105, 142, 28.59403068, 95.60874777,   3.5
106, 142, 28.58757221, 95.59870785,   3.4
107, 142, 28.58102512, 95.58853257,   3.4
108, 142, 28.57438819, 95.57822012,   3.4
109, 142, 28.56766016, 95.56776868,   3.4
110, 142, 28.56083977, 95.55717639,   3.3
111, 142, 28.55392576, 95.54644137,   3.3
112, 142, 28.54691681, 95.53556171,   3.3
113, 142, 28.53981162, 95.52453548,   3.3
114, 142, 28.53260886, 95.51336073,   3.3
115, 142, 28.52530717, 95.50203549,   3.2
116, 142, 28.51790518, 95.49055774,   3.2
117, 142, 28.51040151, 95.47892545,   3.2
118, 142, 28.50279473, 95.46713657,   3.2
119, 142, 28.49508343, 95.45518901,   3.2
120, 142, 28.48726615, 95.44308065,   3.1
121, 142, 28.47934142, 95.43080937,   3.1
122, 142, 28.47130776, 95.41837298,   3.1
123, 142, 28.46316364, 95.40576930,   3.1
124, 142, 28.45490754, 95.39299610,   3.1
125, 142, 28.44653791, 95.38005113,   3.1
126, 142, 28.43805315, 95.36693211,   3.0
127, 142, 28.42945169, 95.35363672,   3.0
128, 142, 28.42073188, 95.34016262,   3.0
129, 142, 28.41189210, 95.32650745,   3.0
130, 142, 28.40293066, 95.31266879,   3.0
131, 142, 28.39384588, 95.29864422,   2.9
132, 142, 28.38463605, 95.28443126,   2.9
133, 142, 28.37529942, 95.27002744,   2.9
134, 142, 28.36583423, 95.25543020,   2.9
135, 142, 28.35623868, 95.24063700,   2.9
136, 142, 28.34651097, 95.22564524,   2.9
137, 142, 28.33664925, 95.21045229,   2.8
138, 142, 28.32665166, 95.19505548,   2.8
139, 142, 28.31651630, 95.17945213,   2.8
140, 142, 28.30624125, 95.16363951,   2.8
141, 142, 28.29582456, 95.14761484,   2.8
142, 142, 28.28526426, 95.13137533,   2.7
143, 142, 28.27455834, 95.11491814,   2.7
144, 142, 28.26370478, 95.09824040,   2.7
145, 142, 28.25270150, 95.08133919,   2.7
146, 142, 28.24154643, 95.06421158,   2.7
147, 142, 28.23023743, 95.04685458,   2.7
148, 142, 28.21877236, 95.02926516,   2.7
149, 142, 28.20714903, 95.01144027,   2.7
150, 142, 28.19536524, 94.99337680,   2.6
151, 142, 28.18341874, 94.97507163,   2.6
152, 142, 28.17130725, 94.95652156,   2.6
153, 142, 28.15902846, 94.93772338,   2.6
154, 142, 28.14658004, 94.91867383,   2.6
155, 142, 28.13395960, 94.89936961,   2.6
156, 142, 28.12116473, 94.87980738,   2.6
157, 142, 28.10819300, 94.85998375,   2.6
158, 142, 28.09504192, 94.83989529,   2.6
159, 142, 28.08170898, 94.81953854,   2.6
160, 142, 28.06819162, 94.79890998,   2.6
161, 142, 28.05448726, 94.77800606,   2.5
162, 142, 28.04059327, 94.75682316,   2.5
163, 142, 28.02650699, 94.73535764,   2.5
164, 142, 28.01222572, 94.71360581,   2.5
165, 142, 27.99774672, 94.69156393,   2.5
166, 142, 27.98306721, 94.66922822,   2.5
167, 142, 27.96818437, 94.64659482,   2.5
168, 142, 27.95309534, 94.62365988,   2.5
169, 142, 27.93779722, 94.60041945,   2.5
170, 142, 27.92228706, 94.57686956,   2.5
171, 142, 27.90656188, 94.55300618,   2.6
172, 142, 27.89061865, 94.52882523,   2.6
173, 142, 27.87445430, 94.50432258,   2.6
174, 142, 27.85806570, 94.47949406,   2.6
175, 142, 27.84144970, 94.45433543,   2.6
176, 142, 27.82460309, 94.42884241,   2.6
177, 142, 27.80752261, 94.40301067,   2.6
178, 142, 27.79020496, 94.37683581,   2.6
179, 142, 27.77264679, 94.35031339,   2.6
180, 142, 27.75484471, 94.32343892,   2.6
181, 142, 27.73679526, 94.29620785,   2.6
182, 142, 27.71849494, 94.26861555,   2.6
183, 142, 27.69994021, 94.24065738,   2.6
184, 142, 27.68112747, 94.21232861,   2.6
185, 142, 27.66205306, 94.18362447,   2.6
186, 142, 27.64271327, 94.15454011,   2.6
187, 142, 27.62310435, 94.12507064,   2.6
188, 142, 27.60322249, 94.09521111,   2.6
189, 142, 27.58306380, 94.06495651,   2.6
190, 142, 27.56262437, 94.03430176,   2.6
191, 142, 27.54190020, 94.00324172,   2.6
  1, 143, 28.95330710, 96.16583677,  99.9
  2, 143, 28.95176298, 96.16333376,  99.9
  3, 143, 28.95019781, 96.16079677,  99.9
  4, 143, 28.94861129, 96.15822533,  99.9
  5, 143, 28.94700314, 96.15561899,  99.9
  6, 143, 28.94537306, 96.15297727,  99.9
  7, 143, 28.94372074, 96.15029968,  99.9
  8, 143, 28.94204589, 96.14758575,  99.9
  9, 143, 28.94034819, 96.14483498,  99.9
 10, 143, 28.93862734, 96.14204688,  99.9
 11, 143, 28.93688302, 96.13922093,  99.9
 12, 143, 28.93511490, 96.13635663,  99.9
 13, 143, 28.93332266, 96.13345345,  99.9
 14, 143, 28.93150597, 96.13051088,  99.9
 15, 143, 28.92966450, 96.12752837,  99.9
 16, 143, 28.92779791, 96.12450538,  99.9
 17, 143, 28.92590585, 96.12144138,  99.9
 18, 143, 28.92398798, 96.11833580,  99.9
 19, 143, 28.92204394, 96.11518807,  99.9
 20, 143, 28.92007337, 96.11199764,  99.9
 21, 143, 28.91807592, 96.10876392,  99.9
 22, 143, 28.91605121, 96.10548633,  99.9
 23, 143, 28.91399887, 96.10216427,  99.9
 24, 143, 28.91191852, 96.09879714,  99.9
 25, 143, 28.90980978, 96.09538433,  99.9
 26, 143, 28.90767226, 96.09192523,  99.9
 27, 143, 28.90550557, 96.08841920,  99.9
 28, 143, 28.90330931, 96.08486562,  99.9
 29, 143, 28.90108306, 96.08126384,  99.9
 30, 143, 28.89882643, 96.07761321,  99.9
 31, 143, 28.89653900, 96.07391307,  99.9
 32, 143, 28.89422034, 96.07016274,  99.9
 33, 143, 28.89187002, 96.06636156,  99.9
 34, 143, 28.88948762, 96.06250883,  99.9
 35, 143, 28.88707269, 96.05860386,  99.9
 36, 143, 28.88462479, 96.05464593,  99.9
 37, 143, 28.88214346, 96.05063435,  99.9
 38, 143, 28.87962825, 96.04656837,  99.9
 39, 143, 28.87707869, 96.04244727,  99.9
 40, 143, 28.87449432, 96.03827030,   3.1
 41, 143, 28.87187465, 96.03403670,  99.9
 42, 143, 28.86921921, 96.02974572,  99.9
 43, 143, 28.86652749, 96.02539658,  99.9
 44, 143, 28.86379901, 96.02098848,  99.9
 45, 143, 28.86103326, 96.01652064,  99.9
 46, 143, 28.85822972, 96.01199225,  99.9
 47, 143, 28.85538789, 96.00740250,  99.9
 48, 143, 28.85250723, 96.00275054,  99.9
 49, 143, 28.84958722, 95.99803555,  99.9
 50, 143, 28.84662731, 95.99325667,  99.9
 51, 143, 28.84362695, 95.98841305,  99.9
 52, 143, 28.84058560, 95.98350380,  99.9
 53, 143, 28.83750268, 95.97852804,  99.9
 54, 143, 28.83437763, 95.97348488,  99.9
 55, 143, 28.83120987, 95.96837341,  99.9
 56, 143, 28.82799881, 95.96319270,  99.9
 57, 143, 28.82474386, 95.95794182,  99.9
 58, 143, 28.82144441, 95.95261983,  99.9
 59, 143, 28.81809986, 95.94722577,  99.9
 60, 143, 28.81470959, 95.94175866,  99.9
 61, 143, 28.81127296, 95.93621753,  99.9
 62, 143, 28.80778934, 95.93060137,  99.9
 63, 143, 28.80425809, 95.92490917,  99.9
 64, 143, 28.80067855, 95.91913991,  99.9
 65, 143, 28.79705005, 95.91329256,  99.9
 66, 143, 28.79337193, 95.90736605,  99.9
 67, 143, 28.78964350, 95.90135933,  99.9
 68, 143, 28.78586407, 95.89527131,  99.9
 69, 143, 28.78203294, 95.88910091,  99.9
 70, 143, 28.77814940, 95.88284700,  99.9
 71, 143, 28.77421272, 95.87650847,  99.9
 72, 143, 28.77022218, 95.87008418,  99.9
 73, 143, 28.76617704, 95.86357297,  99.9
 74, 143, 28.76207653, 95.85697368,  99.9
 75, 143, 28.75791991, 95.85028512,  99.9
 76, 143, 28.75370640, 95.84350609,  99.9
 77, 143, 28.74943522, 95.83663538,   3.5
 78, 143, 28.74510557, 95.82967175,   3.5
 79, 143, 28.74071665, 95.82261395,   3.5
 80, 143, 28.73626763, 95.81546072,   3.6
 81, 143, 28.73175770, 95.80821078,   3.6
 82, 143, 28.72718602, 95.80086282,   3.5
 83, 143, 28.72255173, 95.79341554,   3.5
 84, 143, 28.71785397, 95.78586759,   3.5
 85, 143, 28.71309186, 95.77821762,   3.5
 86, 143, 28.70826453, 95.77046428,   3.5
 87, 143, 28.70337106, 95.76260616,   3.5
 88, 143, 28.69841055, 95.75464186,   3.6
 89, 143, 28.69338208, 95.74656996,   3.9
 90, 143, 28.68828470, 95.73838901,   4.0
 91, 143, 28.68311746, 95.73009756,   4.0
 92, 143, 28.67787941, 95.72169412,   4.0
 93, 143, 28.67256956, 95.71317719,   4.0
 94, 143, 28.66718692, 95.70454525,   3.9
 95, 143, 28.66173049, 95.69579675,   3.9
 96, 143, 28.65619925, 95.68693014,   3.8
 97, 143, 28.65059217, 95.67794384,   3.8
 98, 143, 28.64490819, 95.66883623,   3.8
 99, 143, 28.63914626, 95.65960571,   3.7
100, 143, 28.63330529, 95.65025061,   3.7
101, 143, 28.62738421, 95.64076929,   3.6
102, 143, 28.62138188, 95.63116003,   3.6
103, 143, 28.61529721, 95.62142115,   3.6
104, 143, 28.60912904, 95.61155089,   3.5
105, 143, 28.60287622, 95.60154751,   3.5
106, 143, 28.59653758, 95.59140923,   3.5
107, 143, 28.59011193, 95.58113423,   3.4
108, 143, 28.58359807, 95.57072071,   3.4
109, 143, 28.57699478, 95.56016680,   3.4
110, 143, 28.57030081, 95.54947064,   3.4
111, 143, 28.56351491, 95.53863032,   3.3
112, 143, 28.55663582, 95.52764391,   3.3
113, 143, 28.54966223, 95.51650948,   3.3
114, 143, 28.54259284, 95.50522505,   3.3
115, 143, 28.53542631, 95.49378860,   3.3
116, 143, 28.52816131, 95.48219813,   3.2
117, 143, 28.52079647, 95.47045158,   3.2
118, 143, 28.51333040, 95.45854686,   3.2
119, 143, 28.50576169, 95.44648187,   3.2
120, 143, 28.49808893, 95.43425447,   3.2
121, 143, 28.49031066, 95.42186252,   3.1
122, 143, 28.48242543, 95.40930380,   3.1
123, 143, 28.47443174, 95.39657611,   3.1
124, 143, 28.46632809, 95.38367720,   3.1
125, 143, 28.45811296, 95.37060479,   3.1
126, 143, 28.44978479, 95.35735657,   3.0
127, 143, 28.44134201, 95.34393022,   3.0
128, 143, 28.43278302, 95.33032335,   3.0
129, 143, 28.42410622, 95.31653359,   3.0
130, 143, 28.41530995, 95.30255849,   3.0
131, 143, 28.40639257, 95.28839561,   3.0
132, 143, 28.39735237, 95.27404244,   2.9
133, 143, 28.38818766, 95.25949647,   2.9
134, 143, 28.37889669, 95.24475513,   2.9
135, 143, 28.36947772, 95.22981585,   2.9
136, 143, 28.35992894, 95.21467600,   2.9
137, 143, 28.35024856, 95.19933293,   2.8
138, 143, 28.34043474, 95.18378393,   2.8
139, 143, 28.33048562, 95.16802630,   2.8
140, 143, 28.32039930, 95.15205727,   2.8
141, 143, 28.31017388, 95.13587404,   2.8
142, 143, 28.29980742, 95.11947379,   2.8
143, 143, 28.28929793, 95.10285365,   2.7
144, 143, 28.27864343, 95.08601071,   2.7
145, 143, 28.26784188, 95.06894204,   2.7
146, 143, 28.25689124, 95.05164465,   2.7
147, 143, 28.24578941, 95.03411554,   2.7
148, 143, 28.23453429, 95.01635164,   2.7
149, 143, 28.22312372, 94.99834986,   2.7
150, 143, 28.21155554, 94.98010708,   2.7
151, 143, 28.19982753, 94.96162011,   2.6
152, 143, 28.18793745, 94.94288574,   2.6
153, 143, 28.17588304, 94.92390072,   2.6
154, 143, 28.16366199, 94.90466176,   2.6
155, 143, 28.15127197, 94.88516552,   2.6
156, 143, 28.13871060, 94.86540862,   2.6
157, 143, 28.12597548, 94.84538764,   2.6
158, 143, 28.11306418, 94.82509912,   2.6
159, 143, 28.09997422, 94.80453953,   2.6
160, 143, 28.08670308, 94.78370535,   2.6
161, 143, 28.07324824, 94.76259296,   2.6
162, 143, 28.05960709, 94.74119872,   2.5
163, 143, 28.04577703, 94.71951895,   2.5
164, 143, 28.03175539, 94.69754991,   2.5
165, 143, 28.01753949, 94.67528782,   2.5
166, 143, 28.00312658, 94.65272885,   2.5
167, 143, 27.98851389, 94.62986913,   2.5
168, 143, 27.97369861, 94.60670473,   2.5
169, 143, 27.95867789, 94.58323168,   2.5
170, 143, 27.94344883, 94.55944596,   2.5
171, 143, 27.92800848, 94.53534349,   2.6
172, 143, 27.91235387, 94.51092015,   2.6
173, 143, 27.89648198, 94.48617176,   2.6
174, 143, 27.88038974, 94.46109410,   2.6
175, 143, 27.86407404, 94.43568290,   2.6
176, 143, 27.84753171, 94.40993381,   2.6
177, 143, 27.83075955, 94.38384246,   2.6
178, 143, 27.81375433, 94.35740441,   2.6
179, 143, 27.79651273, 94.33061516,   2.6
180, 143, 27.77903141, 94.30347017,   2.6
181, 143, 27.76130698, 94.27596484,   2.6
182, 143, 27.74333600, 94.24809450,   2.6
183, 143, 27.72511497, 94.21985443,   2.6
184, 143, 27.70664035, 94.19123986,   2.6
185, 143, 27.68790854, 94.16224597,   2.6
186, 143, 27.66891589, 94.13286785,   2.6
187, 143, 27.64965871, 94.10310057,   2.6
188, 143, 27.63013323, 94.07293910,   2.6
189, 143, 27.61033564, 94.04237838,   2.6
190, 143, 27.59026208, 94.01141327,   2.6
191, 143, 27.56990862, 93.98003858,   2.6
  1, 144, 28.95550422, 96.16410997,  99.9
  2, 144, 28.95398996, 96.16158344,  99.9
  3, 144, 28.95245506, 96.15902260,  99.9
  4, 144, 28.95089922, 96.15642700,  99.9
  5, 144, 28.94932217, 96.15379616,  99.9
  6, 144, 28.94772360, 96.15112960,  99.9
  7, 144, 28.94610323, 96.14842685,  99.9
  8, 144, 28.94446076, 96.14568740,  99.9
  9, 144, 28.94279588, 96.14291077,  99.9
 10, 144, 28.94110829, 96.14009645,  99.9
 11, 144, 28.93939769, 96.13724393,  99.9
 12, 144, 28.93766374, 96.13435270,  99.9
 13, 144, 28.93590614, 96.13142222,  99.9
 14, 144, 28.93412456, 96.12845197,  99.9
 15, 144, 28.93231868, 96.12544140,  99.9
 16, 144, 28.93048815, 96.12238998,  99.9
 17, 144, 28.92863265, 96.11929716,  99.9
 18, 144, 28.92675183, 96.11616236,  99.9
 19, 144, 28.92484534, 96.11298502,  99.9
 20, 144, 28.92291284, 96.10976457,  99.9
 21, 144, 28.92095397, 96.10650042,  99.9
 22, 144, 28.91896836, 96.10319198,  99.9
 23, 144, 28.91695566, 96.09983865,  99.9
 24, 144, 28.91491549, 96.09643983,  99.9
 25, 144, 28.91284747, 96.09299490,  99.9
 26, 144, 28.91075122, 96.08950324,  99.9
 27, 144, 28.90862636, 96.08596420,  99.9
 28, 144, 28.90647249, 96.08237716,  99.9
 29, 144, 28.90428922, 96.07874147,  99.9
 30, 144, 28.90207615, 96.07505646,  99.9
 31, 144, 28.89983286, 96.07132147,  99.9
 32, 144, 28.89755894, 96.06753582,  99.9
 33, 144, 28.89525398, 96.06369883,  99.9
 34, 144, 28.89291755, 96.05980981,  99.9
 35, 144, 28.89054921, 96.05586805,  99.9
 36, 144, 28.88814853, 96.05187283,  99.9
 37, 144, 28.88571506, 96.04782345,  99.9
 38, 144, 28.88324837, 96.04371915,  99.9
 39, 144, 28.88074798, 96.03955921,  99.9
 40, 144, 28.87821344, 96.03534287,   3.1
 41, 144, 28.87564429, 96.03106937,  99.9
 42, 144, 28.87304004, 96.02673793,  99.9
 43, 144, 28.87040022, 96.02234778,  99.9
 44, 144, 28.86772433, 96.01789812,  99.9
 45, 144, 28.86501189, 96.01338815,  99.9
 46, 144, 28.86226238, 96.00881705,  99.9
 47, 144, 28.85947531, 96.00418399,  99.9
 48, 144, 28.85665016, 95.99948815,  99.9
 49, 144, 28.85378640, 95.99472868,  99.9
 50, 144, 28.85088351, 95.98990471,  99.9
 51, 144, 28.84794095, 95.98501537,  99.9
 52, 144, 28.84495817, 95.98005979,  99.9
 53, 144, 28.84193462, 95.97503707,  99.9
 54, 144, 28.83886974, 95.96994630,  99.9
 55, 144, 28.83576297, 95.96478657,  99.9
 56, 144, 28.83261372, 95.95955694,  99.9
 57, 144, 28.82942143, 95.95425648,  99.9
 58, 144, 28.82618548, 95.94888422,  99.9
 59, 144, 28.82290529, 95.94343921,  99.9
 60, 144, 28.81958025, 95.93792045,  99.9
 61, 144, 28.81620974, 95.93232696,  99.9
 62, 144, 28.81279313, 95.92665773,  99.9
 63, 144, 28.80932980, 95.92091174,  99.9
 64, 144, 28.80581909, 95.91508795,  99.9
 65, 144, 28.80226037, 95.90918531,  99.9
 66, 144, 28.79865296, 95.90320277,  99.9
 67, 144, 28.79499620, 95.89713925,  99.9
 68, 144, 28.79128942, 95.89099365,  99.9
 69, 144, 28.78753191, 95.88476488,  99.9
 70, 144, 28.78372299, 95.87845181,  99.9
 71, 144, 28.77986195, 95.87205331,  99.9
 72, 144, 28.77594806, 95.86556822,  99.9
 73, 144, 28.77198061, 95.85899539,  99.9
 74, 144, 28.76795885, 95.85233363,  99.9
 75, 144, 28.76388204, 95.84558175,  99.9
 76, 144, 28.75974942, 95.83873853,  99.9
 77, 144, 28.75556022, 95.83180275,  99.9
 78, 144, 28.75131366, 95.82477315,   3.5
 79, 144, 28.74700895, 95.81764849,   3.6
 80, 144, 28.74264529, 95.81042749,   3.6
 81, 144, 28.73822187, 95.80310884,   3.6
 82, 144, 28.73373787, 95.79569123,   3.6
 83, 144, 28.72919244, 95.78817335,   3.6
 84, 144, 28.72458474, 95.78055383,   3.6
 85, 144, 28.71991392, 95.77283132,   3.6
 86, 144, 28.71517910, 95.76500443,   3.6
 87, 144, 28.71037940, 95.75707176,   3.5
 88, 144, 28.70551393, 95.74903189,   3.5
 89, 144, 28.70058177, 95.74088338,   3.6
 90, 144, 28.69558201, 95.73262478,   4.1
 91, 144, 28.69051372, 95.72425461,   4.1
 92, 144, 28.68537594, 95.71577137,   4.0
 93, 144, 28.68016772, 95.70717355,   4.0
 94, 144, 28.67488808, 95.69845961,   3.9
 95, 144, 28.66953605, 95.68962799,   3.9
 96, 144, 28.66411061, 95.68067711,   3.9
 97, 144, 28.65861076, 95.67160539,   3.8
 98, 144, 28.65303546, 95.66241119,   3.8
 99, 144, 28.64738367, 95.65309289,   3.7
100, 144, 28.64165434, 95.64364881,   3.7
101, 144, 28.63584639, 95.63407728,   3.7
102, 144, 28.62995874, 95.62437659,   3.6
103, 144, 28.62399027, 95.61454501,   3.6
104, 144, 28.61793989, 95.60458079,   3.6
105, 144, 28.61180644, 95.59448215,   3.5
106, 144, 28.60558878, 95.58424731,   3.5
107, 144, 28.59928574, 95.57387443,   3.5
108, 144, 28.59289615, 95.56336168,   3.4
109, 144, 28.58641879, 95.55270718,   3.4
110, 144, 28.57985247, 95.54190904,   3.4
111, 144, 28.57319593, 95.53096534,   3.4
112, 144, 28.56644794, 95.51987415,   3.3
113, 144, 28.55960722, 95.50863349,   3.3
114, 144, 28.55267249, 95.49724136,   3.3
115, 144, 28.54564244, 95.48569575,   3.3
116, 144, 28.53851575, 95.47399461,   3.2
117, 144, 28.53129109, 95.46213586,   3.2
118, 144, 28.52396708, 95.45011741,   3.2
119, 144, 28.51654235, 95.43793713,   3.2
120, 144, 28.50901550, 95.42559286,   3.2
121, 144, 28.50138511, 95.41308242,   3.2
122, 144, 28.49364975, 95.40040359,   3.1
123, 144, 28.48580795, 95.38755414,   3.1
124, 144, 28.47785823, 95.37453179,   3.1
125, 144, 28.46979910, 95.36133424,   3.1
126, 144, 28.46162903, 95.34795917,   3.1
127, 144, 28.45334647, 95.33440421,   3.0
128, 144, 28.44494987, 95.32066698,   3.0
129, 144, 28.43643763, 95.30674506,   3.0
130, 144, 28.42780814, 95.29263598,   3.0
131, 144, 28.41905977, 95.27833727,   3.0
132, 144, 28.41019086, 95.26384641,   2.9
133, 144, 28.40119974, 95.24916085,   2.9
134, 144, 28.39208469, 95.23427801,   2.9
135, 144, 28.38284400, 95.21919527,   2.9
136, 144, 28.37347591, 95.20390999,   2.9
137, 144, 28.36397863, 95.18841948,   2.9
138, 144, 28.35435037, 95.17272102,   2.8
139, 144, 28.34458930, 95.15681186,   2.8
140, 144, 28.33469356, 95.14068922,   2.8
141, 144, 28.32466127, 95.12435026,   2.8
142, 144, 28.31449052, 95.10779214,   2.8
143, 144, 28.30417938, 95.09101195,   2.8
144, 144, 28.29372588, 95.07400676,   2.7
145, 144, 28.28312804, 95.05677360,   2.7
146, 144, 28.27238383, 95.03930945,   2.7
147, 144, 28.26149119, 95.02161128,   2.7
148, 144, 28.25044807, 95.00367599,   2.7
149, 144, 28.23925234, 94.98550046,   2.7
150, 144, 28.22790187, 94.96708152,   2.7
151, 144, 28.21639448, 94.94841597,   2.7
152, 144, 28.20472799, 94.92950057,   2.6
153, 144, 28.19290015, 94.91033201,   2.6
154, 144, 28.18090870, 94.89090698,   2.6
155, 144, 28.16875135, 94.87122209,   2.6
156, 144, 28.15642577, 94.85127395,   2.6
157, 144, 28.14392959, 94.83105908,   2.6
158, 144, 28.13126041, 94.81057399,   2.6
159, 144, 28.11841581, 94.78981513,   2.6
160, 144, 28.10539332, 94.76877891,   2.6
161, 144, 28.09219043, 94.74746169,   2.6
162, 144, 28.07880461, 94.72585980,   2.6
163, 144, 28.06523328, 94.70396951,   2.5
164, 144, 28.05147383, 94.68178704,   2.5
165, 144, 28.03752361, 94.65930857,   2.5
166, 144, 28.02337992, 94.63653023,   2.5
167, 144, 28.00904005, 94.61344811,   2.5
168, 144, 27.99450122, 94.59005823,   2.5
169, 144, 27.97976063, 94.56635658,   2.5
170, 144, 27.96481543, 94.54233909,   2.5
171, 144, 27.94966273, 94.51800166,   2.6
172, 144, 27.93429960, 94.49334010,   2.6
173, 144, 27.91872306, 94.46835020,   2.6
174, 144, 27.90293010, 94.44302768,   2.6
175, 144, 27.88691765, 94.41736823,   2.6
176, 144, 27.87068261, 94.39136747,   2.6
177, 144, 27.85422183, 94.36502095,   2.6
178, 144, 27.83753212, 94.33832420,   2.6
179, 144, 27.82061022, 94.31127267,   2.6
180, 144, 27.80345285, 94.28386176,   2.6
181, 144, 27.78605667, 94.25608683,   2.6
182, 144, 27.76841828, 94.22794315,   2.6
183, 144, 27.75053426, 94.19942596,   2.6
184, 144, 27.73240112, 94.17053043,   2.6
185, 144, 27.71401531, 94.14125168,   2.6
186, 144, 27.69537325, 94.11158476,   2.6
187, 144, 27.67647129, 94.08152467,   2.6
188, 144, 27.65730574, 94.05106633,   2.6
189, 144, 27.63787285, 94.02020462,   2.6
190, 144, 27.61816880, 93.98893435,   2.6
191, 144, 27.59818974, 93.95725027,   2.6
  1, 145, 28.95772164, 96.16241702,  99.9
  2, 145, 28.95623753, 96.15986742,  99.9
  3, 145, 28.95473317, 96.15728320,  99.9
  4, 145, 28.95320830, 96.15466390,  99.9
  5, 145, 28.95166262, 96.15200904,  99.9
  6, 145, 28.95009587, 96.14931814,  99.9
  7, 145, 28.94850774, 96.14659070,  99.9
  8, 145, 28.94689795, 96.14382624,  99.9
  9, 145, 28.94526619, 96.14102425,  99.9
 10, 145, 28.94361218, 96.13818423,  99.9
 11, 145, 28.94193560, 96.13530565,  99.9
 12, 145, 28.94023614, 96.13238800,  99.9
 13, 145, 28.93851350, 96.12943075,  99.9
 14, 145, 28.93676736, 96.12643337,  99.9
 15, 145, 28.93499738, 96.12339530,  99.9
 16, 145, 28.93320326, 96.12031599,  99.9
 17, 145, 28.93138465, 96.11719490,  99.9
 18, 145, 28.92954123, 96.11403145,  99.9
 19, 145, 28.92767265, 96.11082508,  99.9
 20, 145, 28.92577857, 96.10757519,  99.9
 21, 145, 28.92385863, 96.10428120,  99.9
 22, 145, 28.92191250, 96.10094252,  99.9
 23, 145, 28.91993979, 96.09755853,  99.9
 24, 145, 28.91794017, 96.09412864,  99.9
 25, 145, 28.91591324, 96.09065221,  99.9
 26, 145, 28.91385865, 96.08712861,  99.9
 27, 145, 28.91177601, 96.08355721,  99.9
 28, 145, 28.90966493, 96.07993736,  99.9
 29, 145, 28.90752503, 96.07626841,  99.9
 30, 145, 28.90535592, 96.07254969,  99.9
 31, 145, 28.90315719, 96.06878053,  99.9
 32, 145, 28.90092843, 96.06496024,  99.9
 33, 145, 28.89866925, 96.06108814,  99.9
 34, 145, 28.89637921, 96.05716353,  99.9
 35, 145, 28.89405789, 96.05318569,  99.9
 36, 145, 28.89170487, 96.04915391,  99.9
 37, 145, 28.88931972, 96.04506745,  99.9
 38, 145, 28.88690198, 96.04092558,  99.9
 39, 145, 28.88445122, 96.03672755,   3.0
 40, 145, 28.88196699, 96.03247260,   3.0
 41, 145, 28.87944881, 96.02815996,  99.9
 42, 145, 28.87689624, 96.02378885,  99.9
 43, 145, 28.87430879, 96.01935849,  99.9
 44, 145, 28.87168598, 96.01486807,  99.9
 45, 145, 28.86902734, 96.01031677,  99.9
 46, 145, 28.86633237, 96.00570379,  99.9
 47, 145, 28.86360058, 96.00102828,  99.9
 48, 145, 28.86083144, 95.99628940,  99.9
 49, 145, 28.85802447, 95.99148630,  99.9
 50, 145, 28.85517913, 95.98661811,  99.9
 51, 145, 28.85229489, 95.98168395,  99.9
 52, 145, 28.84937123, 95.97668293,  99.9
 53, 145, 28.84640760, 95.97161414,  99.9
 54, 145, 28.84340346, 95.96647668,  99.9
 55, 145, 28.84035824, 95.96126962,  99.9
 56, 145, 28.83727139, 95.95599202,  99.9
 57, 145, 28.83414232, 95.95064292,  99.9
 58, 145, 28.83097047, 95.94522137,  99.9
 59, 145, 28.82775524, 95.93972638,  99.9
 60, 145, 28.82449604, 95.93415697,  99.9
 61, 145, 28.82119226, 95.92851214,  99.9
 62, 145, 28.81784329, 95.92279085,  99.9
 63, 145, 28.81444851, 95.91699210,  99.9
 64, 145, 28.81100728, 95.91111482,  99.9
 65, 145, 28.80751898, 95.90515797,  99.9
 66, 145, 28.80398294, 95.89912047,  99.9
 67, 145, 28.80039852, 95.89300124,  99.9
 68, 145, 28.79676506, 95.88679917,  99.9
 69, 145, 28.79308186, 95.88051315,  99.9
 70, 145, 28.78934826, 95.87414205,  99.9
 71, 145, 28.78556355, 95.86768473,  99.9
 72, 145, 28.78172703, 95.86114001,  99.9
 73, 145, 28.77783800, 95.85450673,  99.9
 74, 145, 28.77389572, 95.84778370,  99.9
 75, 145, 28.76989946, 95.84096971,  99.9
 76, 145, 28.76584848, 95.83406352,  99.9
 77, 145, 28.76174203, 95.82706392,  99.9
 78, 145, 28.75757934, 95.81996963,  99.9
 79, 145, 28.75335963, 95.81277938,   3.7
 80, 145, 28.74908213, 95.80549189,   3.7
 81, 145, 28.74474602, 95.79810584,   3.7
 82, 145, 28.74035051, 95.79061992,   3.7
 83, 145, 28.73589478, 95.78303278,   3.7
 84, 145, 28.73137799, 95.77534306,   3.7
 85, 145, 28.72679930, 95.76754938,   3.6
 86, 145, 28.72215787, 95.75965035,   3.6
 87, 145, 28.71745281, 95.75164455,   3.6
 88, 145, 28.71268326, 95.74353055,   3.6
 89, 145, 28.70784832, 95.73530690,   3.6
 90, 145, 28.70294710, 95.72697212,   4.1
 91, 145, 28.69797866, 95.71852473,   4.1
 92, 145, 28.69294210, 95.70996321,   4.1
 93, 145, 28.68783646, 95.70128603,   4.0
 94, 145, 28.68266079, 95.69249164,   4.0
 95, 145, 28.67741413, 95.68357847,   3.9
 96, 145, 28.67209548, 95.67454493,   3.9
 97, 145, 28.66670386, 95.66538941,   3.9
 98, 145, 28.66123826, 95.65611026,   3.8
 99, 145, 28.65569765, 95.64670584,   3.8
100, 145, 28.65008100, 95.63717447,   3.7
101, 145, 28.64438725, 95.62751444,   3.7
102, 145, 28.63861534, 95.61772403,   3.7
103, 145, 28.63276418, 95.60780151,   3.6
104, 145, 28.62683268, 95.59774510,   3.6
105, 145, 28.62081972, 95.58755301,   3.5
106, 145, 28.61472418, 95.57722342,   3.5
107, 145, 28.60854491, 95.56675450,   3.5
108, 145, 28.60228074, 95.55614438,   3.4
109, 145, 28.59593051, 95.54539118,   3.4
110, 145, 28.58949302, 95.53449299,   3.4
111, 145, 28.58296706, 95.52344787,   3.4
112, 145, 28.57635141, 95.51225385,   3.3
113, 145, 28.56964481, 95.50090895,   3.3
114, 145, 28.56284600, 95.48941115,   3.3
115, 145, 28.55595371, 95.47775842,   3.3
116, 145, 28.54896664, 95.46594868,   3.3
117, 145, 28.54188347, 95.45397985,   3.2
118, 145, 28.53470286, 95.44184980,   3.2
119, 145, 28.52742346, 95.42955638,   3.2
120, 145, 28.52004390, 95.41709741,   3.2
121, 145, 28.51256279, 95.40447070,   3.2
122, 145, 28.50497871, 95.39167400,   3.1
123, 145, 28.49729022, 95.37870505,   3.1
124, 145, 28.48949589, 95.36556157,   3.1
125, 145, 28.48159423, 95.35224121,   3.1
126, 145, 28.47358375, 95.33874165,   3.1
127, 145, 28.46546293, 95.32506048,   3.0
128, 145, 28.45723023, 95.31119531,   3.0
129, 145, 28.44888411, 95.29714367,   3.0
130, 145, 28.44042297, 95.28290310,   3.0
131, 145, 28.43184522, 95.26847108,   3.0
132, 145, 28.42314922, 95.25384507,   3.0
133, 145, 28.41433332, 95.23902251,   2.9
134, 145, 28.40539586, 95.22400077,   2.9
135, 145, 28.39633514, 95.20877723,   2.9
136, 145, 28.38714943, 95.19334919,   2.9
137, 145, 28.37783699, 95.17771397,   2.9
138, 145, 28.36839605, 95.16186879,   2.9
139, 145, 28.35882481, 95.14581090,   2.8
140, 145, 28.34912145, 95.12953747,   2.8
141, 145, 28.33928412, 95.11304565,   2.8
142, 145, 28.32931095, 95.09633255,   2.8
143, 145, 28.31920004, 95.07939524,   2.8
144, 145, 28.30894945, 95.06223077,   2.7
145, 145, 28.29855724, 95.04483612,   2.7
146, 145, 28.28802142, 95.02720827,   2.7
147, 145, 28.27733997, 95.00934413,   2.7
148, 145, 28.26651085, 94.99124057,   2.7
149, 145, 28.25553200, 94.97289446,   2.7
150, 145, 28.24440131, 94.95430258,   2.7
151, 145, 28.23311665, 94.93546170,   2.7
152, 145, 28.22167586, 94.91636853,   2.6
153, 145, 28.21007675, 94.89701976,   2.6
154, 145, 28.19831710, 94.87741203,   2.6
155, 145, 28.18639463, 94.85754192,   2.6
156, 145, 28.17430708, 94.83740598,   2.6
157, 145, 28.16205212, 94.81700073,   2.6
158, 145, 28.14962738, 94.79632262,   2.6
159, 145, 28.13703048, 94.77536807,   2.6
160, 145, 28.12425901, 94.75413345,   2.6
161, 145, 28.11131049, 94.73261510,   2.6
162, 145, 28.09818243, 94.71080929,   2.6
163, 145, 28.08487230, 94.68871225,   2.6
164, 145, 28.07137754, 94.66632017,   2.5
165, 145, 28.05769554, 94.64362919,   2.5
166, 145, 28.04382366, 94.62063539,   2.5
167, 145, 28.02975922, 94.59733483,   2.5
168, 145, 28.01549949, 94.57372349,   2.5
169, 145, 28.00104171, 94.54979730,   2.5
170, 145, 27.98638310, 94.52555218,   2.5
171, 145, 27.97152080, 94.50098394,   2.5
172, 145, 27.95645193, 94.47608838,   2.6
173, 145, 27.94117358, 94.45086124,   2.6
174, 145, 27.92568277, 94.42529820,   2.6
175, 145, 27.90997650, 94.39939488,   2.6
176, 145, 27.89405171, 94.37314686,   2.6
177, 145, 27.87790530, 94.34654967,   2.6
178, 145, 27.86153413, 94.31959876,   2.6
179, 145, 27.84493502, 94.29228954,   2.6
180, 145, 27.82810471, 94.26461737,   2.6
181, 145, 27.81103994, 94.23657755,   2.6
182, 145, 27.79373737, 94.20816531,   2.6
183, 145, 27.77619361, 94.17937582,   2.6
184, 145, 27.75840524, 94.15020422,   2.6
185, 145, 27.74036878, 94.12064556,   2.6
186, 145, 27.72208069, 94.09069484,   2.6
187, 145, 27.70353740, 94.06034699,   2.6
188, 145, 27.68473526, 94.02959691,   2.6
189, 145, 27.66567059, 93.99843941,   2.6
190, 145, 27.64633963, 93.96686923,   2.6
191, 145, 27.62673860, 93.93488107,   2.6
  1, 146, 28.95995896, 96.16075821,  99.9
  2, 146, 28.95850526, 96.15818602,  99.9
  3, 146, 28.95703172, 96.15557889,  99.9
  4, 146, 28.95553809, 96.15293637,  99.9
  5, 146, 28.95402409, 96.15025797,  99.9
  6, 146, 28.95248943, 96.14754320,  99.9
  7, 146, 28.95093383, 96.14479158,  99.9
  8, 146, 28.94935701, 96.14200260,  99.9
  9, 146, 28.94775868, 96.13917576,  99.9
 10, 146, 28.94613854, 96.13631055,  99.9
 11, 146, 28.94449629, 96.13340644,  99.9
 12, 146, 28.94283164, 96.13046291,  99.9
 13, 146, 28.94114427, 96.12747943,  99.9
 14, 146, 28.93943388, 96.12445544,  99.9
 15, 146, 28.93770014, 96.12139042,  99.9
 16, 146, 28.93594275, 96.11828379,  99.9
 17, 146, 28.93416137, 96.11513500,  99.9
 18, 146, 28.93235568, 96.11194348,  99.9
 19, 146, 28.93052534, 96.10870864,  99.9
 20, 146, 28.92867002, 96.10542991,  99.9
 21, 146, 28.92678938, 96.10210668,  99.9
 22, 146, 28.92488307, 96.09873836,  99.9
 23, 146, 28.92295073, 96.09532433,  99.9
 24, 146, 28.92099201, 96.09186398,  99.9
 25, 146, 28.91900655, 96.08835667,  99.9
 26, 146, 28.91699399, 96.08480178,  99.9
 27, 146, 28.91495395, 96.08119866,  99.9
 28, 146, 28.91288605, 96.07754666,  99.9
 29, 146, 28.91078992, 96.07384512,  99.9
 30, 146, 28.90866516, 96.07009336,  99.9
 31, 146, 28.90651139, 96.06629071,  99.9
 32, 146, 28.90432820, 96.06243648,  99.9
 33, 146, 28.90211520, 96.05852997,  99.9
 34, 146, 28.89987197, 96.05457047,  99.9
 35, 146, 28.89759810, 96.05055728,  99.9
 36, 146, 28.89529318, 96.04648965,  99.9
 37, 146, 28.89295676, 96.04236686,  99.9
 38, 146, 28.89058843, 96.03818817,  99.9
 39, 146, 28.88818775, 96.03395281,   3.0
 40, 146, 28.88575427, 96.02966002,  99.9
 41, 146, 28.88328754, 96.02530902,  99.9
 42, 146, 28.88078710, 96.02089903,  99.9
 43, 146, 28.87825250, 96.01642926,  99.9
 44, 146, 28.87568326, 96.01189888,  99.9
 45, 146, 28.87307890, 96.00730709,  99.9
 46, 146, 28.87043896, 96.00265305,  99.9
 47, 146, 28.86776293, 95.99793593,  99.9
 48, 146, 28.86505033, 95.99315487,  99.9
 49, 146, 28.86230064, 95.98830901,  99.9
 50, 146, 28.85951337, 95.98339748,  99.9
 51, 146, 28.85668799, 95.97841938,  99.9
 52, 146, 28.85382399, 95.97337382,  99.9
 53, 146, 28.85092082, 95.96825989,  99.9
 54, 146, 28.84797796, 95.96307667,  99.9
 55, 146, 28.84499485, 95.95782322,  99.9
 56, 146, 28.84197095, 95.95249859,  99.9
 57, 146, 28.83890570, 95.94710182,  99.9
 58, 146, 28.83579851, 95.94163195,  99.9
 59, 146, 28.83264883, 95.93608798,  99.9
 60, 146, 28.82945606, 95.93046892,  99.9
 61, 146, 28.82621962, 95.92477375,  99.9
 62, 146, 28.82293889, 95.91900145,  99.9
 63, 146, 28.81961328, 95.91315097,  99.9
 64, 146, 28.81624217, 95.90722127,  99.9
 65, 146, 28.81282492, 95.90121128,  99.9
 66, 146, 28.80936090, 95.89511991,  99.9
 67, 146, 28.80584948, 95.88894606,  99.9
 68, 146, 28.80229000, 95.88268864,  99.9
 69, 146, 28.79868179, 95.87634650,  99.9
 70, 146, 28.79502418, 95.86991852,  99.9
 71, 146, 28.79131650, 95.86340353,  99.9
 72, 146, 28.78755806, 95.85680036,  99.9
 73, 146, 28.78374815, 95.85010783,  99.9
 74, 146, 28.77988607, 95.84332473,  99.9
 75, 146, 28.77597109, 95.83644985,  99.9
 76, 146, 28.77200250, 95.82948194,  99.9
 77, 146, 28.76797954, 95.82241977,  99.9
 78, 146, 28.76390148, 95.81526205,  99.9
 79, 146, 28.75976755, 95.80800751,  99.9
 80, 146, 28.75557697, 95.80065484,   3.8
 81, 146, 28.75132898, 95.79320273,   3.8
 82, 146, 28.74702277, 95.78564983,   3.8
 83, 146, 28.74265754, 95.77799479,   3.8
 84, 146, 28.73823249, 95.77023625,   3.7
 85, 146, 28.73374677, 95.76237280,   3.7
 86, 146, 28.72919956, 95.75440304,   3.7
 87, 146, 28.72459001, 95.74632555,   3.7
 88, 146, 28.71991725, 95.73813887,   3.6
 89, 146, 28.71518042, 95.72984154,   3.6
 90, 146, 28.71037862, 95.72143207,   3.8
 91, 146, 28.70551096, 95.71290896,   4.2
 92, 146, 28.70057653, 95.70427069,   4.1
 93, 146, 28.69557440, 95.69551571,   4.1
 94, 146, 28.69050364, 95.68664245,   4.0
 95, 146, 28.68536331, 95.67764932,   4.0
 96, 146, 28.68015243, 95.66853473,   3.9
 97, 146, 28.67487003, 95.65929704,   3.9
 98, 146, 28.66951512, 95.64993460,   3.8
 99, 146, 28.66408671, 95.64044574,   3.8
100, 146, 28.65858376, 95.63082877,   3.8
101, 146, 28.65300525, 95.62108196,   3.7
102, 146, 28.64735014, 95.61120360,   3.7
103, 146, 28.64161735, 95.60119190,   3.6
104, 146, 28.63580582, 95.59104508,   3.6
105, 146, 28.62991445, 95.58076135,   3.6
106, 146, 28.62394213, 95.57033886,   3.5
107, 146, 28.61788775, 95.55977576,   3.5
108, 146, 28.61175017, 95.54907017,   3.5
109, 146, 28.60552822, 95.53822018,   3.4
110, 146, 28.59922074, 95.52722387,   3.4
111, 146, 28.59282655, 95.51607928,   3.4
112, 146, 28.58634444, 95.50478442,   3.4
113, 146, 28.57977318, 95.49333730,   3.3
114, 146, 28.57311154, 95.48173587,   3.3
115, 146, 28.56635827, 95.46997809,   3.3
116, 146, 28.55951209, 95.45806185,   3.3
117, 146, 28.55257170, 95.44598505,   3.3
118, 146, 28.54553581, 95.43374554,   3.2
119, 146, 28.53840307, 95.42134116,   3.2
120, 146, 28.53117215, 95.40876971,   3.2
121, 146, 28.52384168, 95.39602896,   3.2
122, 146, 28.51641026, 95.38311665,   3.2
123, 146, 28.50887650, 95.37003051,   3.1
124, 146, 28.50123897, 95.35676820,   3.1
125, 146, 28.49349622, 95.34332740,   3.1
126, 146, 28.48564679, 95.32970572,   3.1
127, 146, 28.47768920, 95.31590076,   3.1
128, 146, 28.46962192, 95.30191008,   3.0
129, 146, 28.46144344, 95.28773121,   3.0
130, 146, 28.45315219, 95.27336165,   3.0
131, 146, 28.44474662, 95.25879887,   3.0
132, 146, 28.43622511, 95.24404030,   3.0
133, 146, 28.42758606, 95.22908333,   2.9
134, 146, 28.41882782, 95.21392534,   2.9
135, 146, 28.40994872, 95.19856366,   2.9
136, 146, 28.40094707, 95.18299559,   2.9
137, 146, 28.39182117, 95.16721839,   2.9
138, 146, 28.38256927, 95.15122929,   2.9
139, 146, 28.37318961, 95.13502548,   2.8
140, 146, 28.36368040, 95.11860411,   2.8
141, 146, 28.35403983, 95.10196231,   2.8
142, 146, 28.34426605, 95.08509716,   2.8
143, 146, 28.33435721, 95.06800570,   2.8
144, 146, 28.32431141, 95.05068494,   2.8
145, 146, 28.31412673, 95.03313186,   2.7
146, 146, 28.30380121, 95.01534337,   2.7
147, 146, 28.29333290, 94.99731637,   2.7
148, 146, 28.28271977, 94.97904772,   2.7
149, 146, 28.27195980, 94.96053421,   2.7
150, 146, 28.26105092, 94.94177263,   2.7
151, 146, 28.24999105, 94.92275969,   2.7
152, 146, 28.23877806, 94.90349210,   2.7
153, 146, 28.22740979, 94.88396648,   2.6
154, 146, 28.21588407, 94.86417945,   2.6
155, 146, 28.20419867, 94.84412756,   2.6
156, 146, 28.19235136, 94.82380733,   2.6
157, 146, 28.18033984, 94.80321523,   2.6
158, 146, 28.16816181, 94.78234768,   2.6
159, 146, 28.15581492, 94.76120107,   2.6
160, 146, 28.14329678, 94.73977173,   2.6
161, 146, 28.13060499, 94.71805596,   2.6
162, 146, 28.11773709, 94.69604999,   2.6
163, 146, 28.10469060, 94.67375001,   2.6
164, 146, 28.09146299, 94.65115219,   2.6
165, 146, 28.07805171, 94.62825260,   2.5
166, 146, 28.06445416, 94.60504732,   2.5
167, 146, 28.05066771, 94.58153232,   2.5
168, 146, 28.03668967, 94.55770357,   2.5
169, 146, 28.02251735, 94.53355697,   2.5
170, 146, 28.00814800, 94.50908836,   2.5
171, 146, 27.99357881, 94.48429353,   2.5
172, 146, 27.97880696, 94.45916824,   2.6
173, 146, 27.96382958, 94.43370818,   2.6
174, 146, 27.94864375, 94.40790897,   2.6
175, 146, 27.93324651, 94.38176621,   2.6
176, 146, 27.91763487, 94.35527542,   2.6
177, 146, 27.90180578, 94.32843208,   2.6
178, 146, 27.88575614, 94.30123161,   2.6
179, 146, 27.86948283, 94.27366936,   2.6
180, 146, 27.85298266, 94.24574063,   2.6
181, 146, 27.83625240, 94.21744068,   2.6
182, 146, 27.81928879, 94.18876469,   2.6
183, 146, 27.80208849, 94.15970779,   2.6
184, 146, 27.78464813, 94.13026505,   2.6
185, 146, 27.76696430, 94.10043148,   2.6
186, 146, 27.74903352, 94.07020202,   2.6
187, 146, 27.73085226, 94.03957155,   2.6
188, 146, 27.71241696, 94.00853491,   2.6
189, 146, 27.69372398, 93.97708686,   2.6
190, 146, 27.67476964, 93.94522208,   2.6
191, 146, 27.65555020, 93.91293522,   2.6
  1, 147, 28.96221577, 96.15913387,  99.9
  2, 147, 28.96079274, 96.15653953,  99.9
  3, 147, 28.95935031, 96.15390997,  99.9
  4, 147, 28.95788819, 96.15124471,  99.9
  5, 147, 28.95640612, 96.14854326,  99.9
  6, 147, 28.95490384, 96.14580512,  99.9
  7, 147, 28.95338106, 96.14302981,  99.9
  8, 147, 28.95183750, 96.14021683,  99.9
  9, 147, 28.95027288, 96.13736565,  99.9
 10, 147, 28.94868691, 96.13447577,  99.9
 11, 147, 28.94707930, 96.13154665,  99.9
 12, 147, 28.94544975, 96.12857777,  99.9
 13, 147, 28.94379797, 96.12556859,  99.9
 14, 147, 28.94212364, 96.12251857,  99.9
 15, 147, 28.94042646, 96.11942714,  99.9
 16, 147, 28.93870611, 96.11629375,  99.9
 17, 147, 28.93696229, 96.11311784,  99.9
 18, 147, 28.93519466, 96.10989882,  99.9
 19, 147, 28.93340290, 96.10663611,  99.9
 20, 147, 28.93158669, 96.10332912,  99.9
 21, 147, 28.92974568, 96.09997725,  99.9
 22, 147, 28.92787954, 96.09657990,  99.9
 23, 147, 28.92598791, 96.09313644,  99.9
 24, 147, 28.92407047, 96.08964626,  99.9
 25, 147, 28.92212684, 96.08610872,  99.9
 26, 147, 28.92015667, 96.08252319,  99.9
 27, 147, 28.91815960, 96.07888900,  99.9
 28, 147, 28.91613526, 96.07520550,  99.9
 29, 147, 28.91408327, 96.07147204,  99.9
 30, 147, 28.91200326, 96.06768792,  99.9
 31, 147, 28.90989484, 96.06385247,  99.9
 32, 147, 28.90775762, 96.05996499,  99.9
 33, 147, 28.90559121, 96.05602477,  99.9
 34, 147, 28.90339520, 96.05203111,  99.9
 35, 147, 28.90116920, 96.04798329,  99.9
 36, 147, 28.89891279, 96.04388056,  99.9
 37, 147, 28.89662554, 96.03972219,  99.9
 38, 147, 28.89430705, 96.03550742,  99.9
 39, 147, 28.89195688, 96.03123550,   3.0
 40, 147, 28.88957460, 96.02690564,  99.9
 41, 147, 28.88715976, 96.02251707,  99.9
 42, 147, 28.88471192, 96.01806900,  99.9
 43, 147, 28.88223062, 96.01356062,  99.9
 44, 147, 28.87971541, 96.00899111,  99.9
 45, 147, 28.87716583, 96.00435965,  99.9
 46, 147, 28.87458139, 95.99966540,  99.9
 47, 147, 28.87196162, 95.99490752,  99.9
 48, 147, 28.86930604, 95.99008514,  99.9
 49, 147, 28.86661415, 95.98519740,  99.9
 50, 147, 28.86388546, 95.98024340,  99.9
 51, 147, 28.86111945, 95.97522227,  99.9
 52, 147, 28.85831562, 95.97013308,  99.9
 53, 147, 28.85547345, 95.96497493,  99.9
 54, 147, 28.85259241, 95.95974688,  99.9
 55, 147, 28.84967196, 95.95444798,  99.9
 56, 147, 28.84671156, 95.94907729,  99.9
 57, 147, 28.84371068, 95.94363383,  99.9
 58, 147, 28.84066873, 95.93811662,  99.9
 59, 147, 28.83758517, 95.93252467,  99.9
 60, 147, 28.83445942, 95.92685697,  99.9
 61, 147, 28.83129090, 95.92111250,  99.9
 62, 147, 28.82807903, 95.91529021,  99.9
 63, 147, 28.82482319, 95.90938907,  99.9
 64, 147, 28.82152280, 95.90340801,  99.9
 65, 147, 28.81817724, 95.89734595,  99.9
 66, 147, 28.81478587, 95.89120181,  99.9
 67, 147, 28.81134809, 95.88497447,  99.9
 68, 147, 28.80786323, 95.87866281,  99.9
 69, 147, 28.80433067, 95.87226570,  99.9
 70, 147, 28.80074973, 95.86578199,  99.9
 71, 147, 28.79711976, 95.85921051,  99.9
 72, 147, 28.79344007, 95.85255007,  99.9
 73, 147, 28.78970999, 95.84579949,  99.9
 74, 147, 28.78592881, 95.83895755,  99.9
 75, 147, 28.78209583, 95.83202301,  99.9
 76, 147, 28.77821035, 95.82499463,  99.9
 77, 147, 28.77427163, 95.81787116,  99.9
 78, 147, 28.77027893, 95.81065130,  99.9
 79, 147, 28.76623153, 95.80333376,  99.9
 80, 147, 28.76212865, 95.79591724,  99.9
 81, 147, 28.75796954, 95.78840039,   3.8
 82, 147, 28.75375342, 95.78078187,   3.9
 83, 147, 28.74947950, 95.77306031,   3.9
 84, 147, 28.74514698, 95.76523433,   3.9
 85, 147, 28.74075506, 95.75730252,   3.8
 86, 147, 28.73630291, 95.74926347,   3.8
 87, 147, 28.73178971, 95.74111572,   3.7
 88, 147, 28.72721460, 95.73285783,   3.7
 89, 147, 28.72257673, 95.72448831,   3.6
 90, 147, 28.71787523, 95.71600566,   3.7
 91, 147, 28.71310924, 95.70740837,   4.3
 92, 147, 28.70827784, 95.69869489,   4.2
 93, 147, 28.70338014, 95.68986366,   4.1
 94, 147, 28.69841522, 95.68091311,   4.1
 95, 147, 28.69338215, 95.67184164,   4.0
 96, 147, 28.68827999, 95.66264762,   3.9
 97, 147, 28.68310778, 95.65332942,   3.9
 98, 147, 28.67786455, 95.64388535,   3.9
 99, 147, 28.67254932, 95.63431375,   3.8
100, 147, 28.66716108, 95.62461289,   3.8
101, 147, 28.66169883, 95.61478106,   3.7
102, 147, 28.65616154, 95.60481648,   3.7
103, 147, 28.65054818, 95.59471739,   3.7
104, 147, 28.64485768, 95.58448199,   3.6
105, 147, 28.63908897, 95.57410844,   3.6
106, 147, 28.63324098, 95.56359490,   3.6
107, 147, 28.62731259, 95.55293950,   3.5
108, 147, 28.62130271, 95.54214034,   3.5
109, 147, 28.61521018, 95.53119550,   3.5
110, 147, 28.60903387, 95.52010303,   3.4
111, 147, 28.60277262, 95.50886095,   3.4
112, 147, 28.59642523, 95.49746727,   3.4
113, 147, 28.58999052, 95.48591995,   3.4
114, 147, 28.58346727, 95.47421696,   3.3
115, 147, 28.57685425, 95.46235620,   3.3
116, 147, 28.57015020, 95.45033558,   3.3
117, 147, 28.56335388, 95.43815295,   3.3
118, 147, 28.55646398, 95.42580616,   3.2
119, 147, 28.54947921, 95.41329302,   3.2
120, 147, 28.54239824, 95.40061130,   3.2
121, 147, 28.53521975, 95.38775877,   3.2
122, 147, 28.52794236, 95.37473314,   3.2
123, 147, 28.52056469, 95.36153211,   3.1
124, 147, 28.51308536, 95.34815334,   3.1
125, 147, 28.50550295, 95.33459446,   3.1
126, 147, 28.49781601, 95.32085307,   3.1
127, 147, 28.49002308, 95.30692675,   3.1
128, 147, 28.48212270, 95.29281304,   3.1
129, 147, 28.47411335, 95.27850944,   3.0
130, 147, 28.46599352, 95.26401343,   3.0
131, 147, 28.45776166, 95.24932244,   3.0
132, 147, 28.44941620, 95.23443390,   3.0
133, 147, 28.44095557, 95.21934517,   3.0
134, 147, 28.43237814, 95.20405360,   2.9
135, 147, 28.42368229, 95.18855649,   2.9
136, 147, 28.41486635, 95.17285111,   2.9
137, 147, 28.40592865, 95.15693471,   2.9
138, 147, 28.39686748, 95.14080448,   2.9
139, 147, 28.38768111, 95.12445760,   2.9
140, 147, 28.37836779, 95.10789117,   2.8
141, 147, 28.36892574, 95.09110231,   2.8
142, 147, 28.35935315, 95.07408807,   2.8
143, 147, 28.34964819, 95.05684545,   2.8
144, 147, 28.33980901, 95.03937144,   2.8
145, 147, 28.32983372, 95.02166299,   2.8
146, 147, 28.31972040, 95.00371697,   2.7
147, 147, 28.30946713, 94.98553027,   2.7
148, 147, 28.29907193, 94.96709970,   2.7
149, 147, 28.28853280, 94.94842204,   2.7
150, 147, 28.27784773, 94.92949402,   2.7
151, 147, 28.26701467, 94.91031235,   2.7
152, 147, 28.25603152, 94.89087367,   2.7
153, 147, 28.24489617, 94.87117460,   2.7
154, 147, 28.23360649, 94.85121172,   2.6
155, 147, 28.22216029, 94.83098154,   2.6
156, 147, 28.21055538, 94.81048054,   2.6
157, 147, 28.19878950, 94.78970516,   2.6
158, 147, 28.18686040, 94.76865180,   2.6
159, 147, 28.17476577, 94.74731679,   2.6
160, 147, 28.16250326, 94.72569644,   2.6
161, 147, 28.15007052, 94.70378700,   2.6
162, 147, 28.13746513, 94.68158468,   2.6
163, 147, 28.12468465, 94.65908563,   2.6
164, 147, 28.11172661, 94.63628595,   2.6
165, 147, 28.09858850, 94.61318172,   2.6
166, 147, 28.08526776, 94.58976893,   2.6
167, 147, 28.07176181, 94.56604356,   2.6
168, 147, 28.05806803, 94.54200151,   2.5
169, 147, 28.04418375, 94.51763863,   2.5
170, 147, 28.03010627, 94.49295074,   2.5
171, 147, 28.01583285, 94.46793359,   2.5
172, 147, 28.00136072, 94.44258287,   2.6
173, 147, 27.98668704, 94.41689424,   2.6
174, 147, 27.97180896, 94.39086329,   2.6
175, 147, 27.95672357, 94.36448556,   2.6
176, 147, 27.94142792, 94.33775653,   2.6
177, 147, 27.92591903, 94.31067163,   2.6
178, 147, 27.91019385, 94.28322623,   2.6
179, 147, 27.89424931, 94.25541563,   2.6
180, 147, 27.87808228, 94.22723511,   2.6
181, 147, 27.86168960, 94.19867984,   2.6
182, 147, 27.84506803, 94.16974498,   2.6
183, 147, 27.82821433, 94.14042560,   2.6
184, 147, 27.81112517, 94.11071671,   2.6
185, 147, 27.79379719, 94.08061328,   2.6
186, 147, 27.77622698, 94.05011019,   2.6
187, 147, 27.75841108, 94.01920228,   2.6
188, 147, 27.74034597, 93.98788432,   2.6
189, 147, 27.72202809, 93.95615102,   2.6
190, 147, 27.70345382, 93.92399701,   2.6
191, 147, 27.68461948, 93.89141687,   2.6
  1, 148, 28.96449166, 96.15754428,  99.9
  2, 148, 28.96309957, 96.15492828,  99.9
  3, 148, 28.96168849, 96.15227676,  99.9
  4, 148, 28.96025815, 96.14958924,  99.9
  5, 148, 28.95880830, 96.14686522,  99.9
  6, 148, 28.95733867, 96.14410422,  99.9
  7, 148, 28.95584898, 96.14130573,  99.9
  8, 148, 28.95433897, 96.13846924,  99.9
  9, 148, 28.95280835, 96.13559424,  99.9
 10, 148, 28.95125684, 96.13268021,  99.9
 11, 148, 28.94968416, 96.12972662,  99.9
 12, 148, 28.94809001, 96.12673293,  99.9
 13, 148, 28.94647411, 96.12369861,  99.9
 14, 148, 28.94483615, 96.12062309,  99.9
 15, 148, 28.94317584, 96.11750582,  99.9
 16, 148, 28.94149286, 96.11434624,  99.9
 17, 148, 28.93978690, 96.11114378,  99.9
 18, 148, 28.93805766, 96.10789784,  99.9
 19, 148, 28.93630481, 96.10460785,  99.9
 20, 148, 28.93452803, 96.10127321,  99.9
 21, 148, 28.93272699, 96.09789331,  99.9
 22, 148, 28.93090136, 96.09446754,  99.9
 23, 148, 28.92905080, 96.09099529,  99.9
 24, 148, 28.92717497, 96.08747591,  99.9
 25, 148, 28.92527353, 96.08390877,  99.9
 26, 148, 28.92334612, 96.08029323,  99.9
 27, 148, 28.92139238, 96.07662864,  99.9
 28, 148, 28.91941197, 96.07291432,  99.9
 29, 148, 28.91740450, 96.06914960,  99.9
 30, 148, 28.91536961, 96.06533381,  99.9
 31, 148, 28.91330693, 96.06146625,  99.9
 32, 148, 28.91121607, 96.05754623,  99.9
 33, 148, 28.90909664, 96.05357302,  99.9
 34, 148, 28.90694826, 96.04954592,  99.9
 35, 148, 28.90477053, 96.04546420,  99.9
 36, 148, 28.90256304, 96.04132711,  99.9
 37, 148, 28.90032539, 96.03713390,  99.9
 38, 148, 28.89805716, 96.03288383,  99.9
 39, 148, 28.89575793, 96.02857611,   2.9
 40, 148, 28.89342728, 96.02420997,  99.9
 41, 148, 28.89106477, 96.01978463,  99.9
 42, 148, 28.88866998, 96.01529928,  99.9
 43, 148, 28.88624245, 96.01075310,  99.9
 44, 148, 28.88378173, 96.00614529,  99.9
 45, 148, 28.88128737, 96.00147499,  99.9
 46, 148, 28.87875891, 95.99674138,  99.9
 47, 148, 28.87619589, 95.99194360,  99.9
 48, 148, 28.87359781, 95.98708077,  99.9
 49, 148, 28.87096421, 95.98215203,  99.9
 50, 148, 28.86829459, 95.97715647,  99.9
 51, 148, 28.86558847, 95.97209320,  99.9
 52, 148, 28.86284533, 95.96696131,  99.9
 53, 148, 28.86006467, 95.96175986,  99.9
 54, 148, 28.85724597, 95.95648793,  99.9
 55, 148, 28.85438871, 95.95114454,  99.9
 56, 148, 28.85149237, 95.94572876,  99.9
 57, 148, 28.84855639, 95.94023958,  99.9
 58, 148, 28.84558024, 95.93467604,  99.9
 59, 148, 28.84256337, 95.92903711,  99.9
 60, 148, 28.83950521, 95.92332179,  99.9
 61, 148, 28.83640520, 95.91752905,  99.9
 62, 148, 28.83326275, 95.91165783,  99.9
 63, 148, 28.83007729, 95.90570709,  99.9
 64, 148, 28.82684823, 95.89967575,  99.9
 65, 148, 28.82357496, 95.89356272,  99.9
 66, 148, 28.82025687, 95.88736690,  99.9
 67, 148, 28.81689334, 95.88108718,  99.9
 68, 148, 28.81348376, 95.87472243,  99.9
 69, 148, 28.81002749, 95.86827150,  99.9
 70, 148, 28.80652387, 95.86173322,  99.9
 71, 148, 28.80297227, 95.85510643,  99.9
 72, 148, 28.79937201, 95.84838993,  99.9
 73, 148, 28.79572243, 95.84158251,  99.9
 74, 148, 28.79202285, 95.83468295,  99.9
 75, 148, 28.78827257, 95.82769000,  99.9
 76, 148, 28.78447091, 95.82060242,  99.9
 77, 148, 28.78061714, 95.81341892,  99.9
 78, 148, 28.77671055, 95.80613822,  99.9
 79, 148, 28.77275041, 95.79875900,   3.8
 80, 148, 28.76873598, 95.79127995,   3.8
 81, 148, 28.76466652, 95.78369972,   3.9
 82, 148, 28.76054125, 95.77601695,   4.0
 83, 148, 28.75635942, 95.76823025,   4.0
 84, 148, 28.75212024, 95.76033824,   4.0
 85, 148, 28.74782291, 95.75233949,   4.0
 86, 148, 28.74346663, 95.74423258,   3.9
 87, 148, 28.73905060, 95.73601605,   3.8
 88, 148, 28.73457397, 95.72768842,   3.7
 89, 148, 28.73003592, 95.71924820,   3.6
 90, 148, 28.72543559, 95.71069389,   3.6
 91, 148, 28.72077212, 95.70202395,   4.4
 92, 148, 28.71604465, 95.69323682,   4.3
 93, 148, 28.71125227, 95.68433094,   4.2
 94, 148, 28.70639410, 95.67530470,   4.1
 95, 148, 28.70146922, 95.66615650,   4.0
 96, 148, 28.69647671, 95.65688470,   4.0
 97, 148, 28.69141563, 95.64748764,   3.9
 98, 148, 28.68628503, 95.63796364,   3.9
 99, 148, 28.68108395, 95.62831100,   3.8
100, 148, 28.67581141, 95.61852800,   3.8
101, 148, 28.67046642, 95.60861288,   3.8
102, 148, 28.66504797, 95.59856388,   3.7
103, 148, 28.65955505, 95.58837920,   3.7
104, 148, 28.65398662, 95.57805703,   3.7
105, 148, 28.64834164, 95.56759552,   3.6
106, 148, 28.64261904, 95.55699281,   3.6
107, 148, 28.63681774, 95.54624701,   3.5
108, 148, 28.63093664, 95.53535620,   3.5
109, 148, 28.62497465, 95.52431845,   3.5
110, 148, 28.61893064, 95.51313178,   3.4
111, 148, 28.61280346, 95.50179422,   3.4
112, 148, 28.60659197, 95.49030373,   3.4
113, 148, 28.60029498, 95.47865828,   3.4
114, 148, 28.59391130, 95.46685580,   3.3
115, 148, 28.58743974, 95.45489418,   3.3
116, 148, 28.58087907, 95.44277130,   3.3
117, 148, 28.57422804, 95.43048501,   3.3
118, 148, 28.56748540, 95.41803313,   3.3
119, 148, 28.56064987, 95.40541344,   3.2
120, 148, 28.55372016, 95.39262371,   3.2
121, 148, 28.54669495, 95.37966167,   3.2
122, 148, 28.53957292, 95.36652503,   3.2
123, 148, 28.53235271, 95.35321145,   3.2
124, 148, 28.52503294, 95.33971857,   3.1
125, 148, 28.51761224, 95.32604401,   3.1
126, 148, 28.51008920, 95.31218535,   3.1
127, 148, 28.50246237, 95.29814013,   3.1
128, 148, 28.49473032, 95.28390588,   3.1
129, 148, 28.48689157, 95.26948007,   3.0
130, 148, 28.47894463, 95.25486017,   3.0
131, 148, 28.47088799, 95.24004358,   3.0
132, 148, 28.46272012, 95.22502769,   3.0
133, 148, 28.45443945, 95.20980985,   3.0
134, 148, 28.44604440, 95.19438739,   3.0
135, 148, 28.43753339, 95.17875757,   2.9
136, 148, 28.42890477, 95.16291766,   2.9
137, 148, 28.42015691, 95.14686485,   2.9
138, 148, 28.41128813, 95.13059634,   2.9
139, 148, 28.40229674, 95.11410924,   2.9
140, 148, 28.39318101, 95.09740067,   2.9
141, 148, 28.38393920, 95.08046770,   2.8
142, 148, 28.37456954, 95.06330734,   2.8
143, 148, 28.36507024, 95.04591659,   2.8
144, 148, 28.35543948, 95.02829239,   2.8
145, 148, 28.34567540, 95.01043166,   2.8
146, 148, 28.33577613, 94.99233126,   2.8
147, 148, 28.32573977, 94.97398804,   2.7
148, 148, 28.31556440, 94.95539877,   2.7
149, 148, 28.30524805, 94.93656021,   2.7
150, 148, 28.29478874, 94.91746906,   2.7
151, 148, 28.28418446, 94.89812199,   2.7
152, 148, 28.27343316, 94.87851563,   2.7
153, 148, 28.26253277, 94.85864654,   2.7
154, 148, 28.25148119, 94.83851128,   2.6
155, 148, 28.24027629, 94.81810632,   2.6
156, 148, 28.22891589, 94.79742812,   2.6
157, 148, 28.21739781, 94.77647308,   2.6
158, 148, 28.20571982, 94.75523755,   2.6
159, 148, 28.19387965, 94.73371785,   2.6
160, 148, 28.18187502, 94.71191024,   2.6
161, 148, 28.16970360, 94.68981093,   2.6
162, 148, 28.15736302, 94.66741609,   2.6
163, 148, 28.14485089, 94.64472185,   2.6
164, 148, 28.13216479, 94.62172427,   2.6
165, 148, 28.11930224, 94.59841937,   2.6
166, 148, 28.10626075, 94.57480314,   2.6
167, 148, 28.09303778, 94.55087147,   2.6
168, 148, 28.07963075, 94.52662026,   2.6
169, 148, 28.06603704, 94.50204530,   2.5
170, 148, 28.05225402, 94.47714238,   2.5
171, 148, 28.03827898, 94.45190719,   2.6
172, 148, 28.02410920, 94.42633540,   2.6
173, 148, 28.00974191, 94.40042262,   2.6
174, 148, 27.99517430, 94.37416439,   2.6
175, 148, 27.98040351, 94.34755620,   2.6
176, 148, 27.96542665, 94.32059350,   2.6
177, 148, 27.95024079, 94.29327167,   2.6
178, 148, 27.93484295, 94.26558602,   2.6
179, 148, 27.91923009, 94.23753183,   2.6
180, 148, 27.90339916, 94.20910431,   2.6
181, 148, 27.88734703, 94.18029859,   2.6
182, 148, 27.87107056, 94.15110978,   2.6
183, 148, 27.85456652, 94.12153290,   2.6
184, 148, 27.83783168, 94.09156291,   2.6
185, 148, 27.82086272, 94.06119472,   2.6
186, 148, 27.80365629, 94.03042317,   2.6
187, 148, 27.78620899, 93.99924305,   2.6
188, 148, 27.76851737, 93.96764906,   2.6
189, 148, 27.75057794, 93.93563587,   2.6
190, 148, 27.73238712, 93.90319806,   2.6
191, 148, 27.71394132, 93.87033014,   2.6
  1, 149, 28.96678622, 96.15598973,  99.9
  2, 149, 28.96542532, 96.15335255,  99.9
  3, 149, 28.96404585, 96.15067955,  99.9
  4, 149, 28.96264756, 96.14797026,  99.9
  5, 149, 28.96123019, 96.14522417,  99.9
  6, 149, 28.95979348, 96.14244080,  99.9
  7, 149, 28.95833716, 96.13961963,  99.9
  8, 149, 28.95686096, 96.13676016,  99.9
  9, 149, 28.95536462, 96.13386187,  99.9
 10, 149, 28.95384785, 96.13092422,  99.9
 11, 149, 28.95231039, 96.12794669,  99.9
 12, 149, 28.95075194, 96.12492873,  99.9
 13, 149, 28.94917221, 96.12186981,  99.9
 14, 149, 28.94757092, 96.11876936,  99.9
 15, 149, 28.94594777, 96.11562682,  99.9
 16, 149, 28.94430247, 96.11244162,  99.9
 17, 149, 28.94263470, 96.10921318,  99.9
 18, 149, 28.94094416, 96.10594092,  99.9
 19, 149, 28.93923053, 96.10262425,  99.9
 20, 149, 28.93749351, 96.09926256,  99.9
 21, 149, 28.93573277, 96.09585524,  99.9
 22, 149, 28.93394799, 96.09240168,  99.9
 23, 149, 28.93213883, 96.08890124,  99.9
 24, 149, 28.93030496, 96.08535331,  99.9
 25, 149, 28.92844605, 96.08175722,  99.9
 26, 149, 28.92656175, 96.07811234,  99.9
 27, 149, 28.92465171, 96.07441800,  99.9
 28, 149, 28.92271558, 96.07067353,  99.9
 29, 149, 28.92075300, 96.06687825,  99.9
 30, 149, 28.91876361, 96.06303147,  99.9
 31, 149, 28.91674704, 96.05913251,  99.9
 32, 149, 28.91470292, 96.05518065,  99.9
 33, 149, 28.91263087, 96.05117517,  99.9
 34, 149, 28.91053051, 96.04711536,  99.9
 35, 149, 28.90840144, 96.04300047,  99.9
 36, 149, 28.90624328, 96.03882976,  99.9
 37, 149, 28.90405563, 96.03460249,  99.9
 38, 149, 28.90183807, 96.03031787,  99.9
 39, 149, 28.89959021, 96.02597514,   2.9
 40, 149, 28.89731162, 96.02157352,  99.9
 41, 149, 28.89500188, 96.01711219,  99.9
 42, 149, 28.89266056, 96.01259037,  99.9
 43, 149, 28.89028724, 96.00800723,  99.9
 44, 149, 28.88788146, 96.00336194,  99.9
 45, 149, 28.88544279, 95.99865366,  99.9
 46, 149, 28.88297078, 95.99388154,  99.9
 47, 149, 28.88046495, 95.98904472,  99.9
 48, 149, 28.87792486, 95.98414232,  99.9
 49, 149, 28.87535003, 95.97917347,  99.9
 50, 149, 28.87273998, 95.97413725,  99.9
 51, 149, 28.87009422, 95.96903277,  99.9
 52, 149, 28.86741228, 95.96385909,  99.9
 53, 149, 28.86469364, 95.95861529,  99.9
 54, 149, 28.86193780, 95.95330042,  99.9
 55, 149, 28.85914426, 95.94791351,  99.9
 56, 149, 28.85631249, 95.94245361,  99.9
 57, 149, 28.85344196, 95.93691971,  99.9
 58, 149, 28.85053216, 95.93131083,  99.9
 59, 149, 28.84758252, 95.92562594,  99.9
 60, 149, 28.84459251, 95.91986404,  99.9
 61, 149, 28.84156157, 95.91402406,  99.9
 62, 149, 28.83848913, 95.90810498,  99.9
 63, 149, 28.83537463, 95.90210570,  99.9
 64, 149, 28.83221748, 95.89602517,  99.9
 65, 149, 28.82901710, 95.88986227,  99.9
 66, 149, 28.82577289, 95.88361590,  99.9
 67, 149, 28.82248425, 95.87728493,  99.9
 68, 149, 28.81915056, 95.87086823,  99.9
 69, 149, 28.81577120, 95.86436463,  99.9
 70, 149, 28.81234555, 95.85777297,  99.9
 71, 149, 28.80887297, 95.85109206,  99.9
 72, 149, 28.80535280, 95.84432070,  99.9
 73, 149, 28.80178439, 95.83745767,  99.9
 74, 149, 28.79816708, 95.83050173,  99.9
 75, 149, 28.79450019, 95.82345164,  99.9
 76, 149, 28.79078304, 95.81630612,  99.9
 77, 149, 28.78701493, 95.80906389,  99.9
 78, 149, 28.78319516, 95.80172365,   4.0
 79, 149, 28.77932301, 95.79428408,   3.9
 80, 149, 28.77539777, 95.78674385,   3.9
 81, 149, 28.77141869, 95.77910159,   4.0
 82, 149, 28.76738504, 95.77135594,   4.1
 83, 149, 28.76329606, 95.76350550,   4.2
 84, 149, 28.75915098, 95.75554888,   4.2
 85, 149, 28.75494903, 95.74748463,   4.1
 86, 149, 28.75068943, 95.73931131,   4.0
 87, 149, 28.74637137, 95.73102746,   3.9
 88, 149, 28.74199405, 95.72263159,   3.8
 89, 149, 28.73755664, 95.71412220,   3.7
 90, 149, 28.73305832, 95.70549775,   3.8
 91, 149, 28.72849824, 95.69675671,   4.1
 92, 149, 28.72387554, 95.68789751,   4.3
 93, 149, 28.71918937, 95.67891856,   4.2
 94, 149, 28.71443883, 95.66981825,   4.1
 95, 149, 28.70962304, 95.66059496,   4.0
 96, 149, 28.70474109, 95.65124704,   4.0
 97, 149, 28.69979207, 95.64177281,   3.9
 98, 149, 28.69477504, 95.63217057,   3.9
 99, 149, 28.68968907, 95.62243862,   3.9
100, 149, 28.68453319, 95.61257521,   3.8
101, 149, 28.67930643, 95.60257858,   3.8
102, 149, 28.67400782, 95.59244695,   3.7
103, 149, 28.66863635, 95.58217850,   3.7
104, 149, 28.66319101, 95.57177140,   3.7
105, 149, 28.65767078, 95.56122379,   3.6
106, 149, 28.65207462, 95.55053380,   3.6
107, 149, 28.64640146, 95.53969951,   3.6
108, 149, 28.64065024, 95.52871900,   3.5
109, 149, 28.63481988, 95.51759030,   3.5
110, 149, 28.62890926, 95.50631144,   3.5
111, 149, 28.62291729, 95.49488040,   3.4
112, 149, 28.61684282, 95.48329516,   3.4
113, 149, 28.61068470, 95.47155364,   3.4
114, 149, 28.60444177, 95.45965376,   3.4
115, 149, 28.59811285, 95.44759341,   3.3
116, 149, 28.59169675, 95.43537043,   3.3
117, 149, 28.58519224, 95.42298266,   3.3
118, 149, 28.57859809, 95.41042789,   3.3
119, 149, 28.57191305, 95.39770390,   3.3
120, 149, 28.56513586, 95.38480843,   3.2
121, 149, 28.55826523, 95.37173918,   3.2
122, 149, 28.55129986, 95.35849384,   3.2
123, 149, 28.54423841, 95.34507007,   3.2
124, 149, 28.53707956, 95.33146548,   3.2
125, 149, 28.52982193, 95.31767766,   3.1
126, 149, 28.52246415, 95.30370418,   3.1
127, 149, 28.51500482, 95.28954255,   3.1
128, 149, 28.50744252, 95.27519027,   3.1
129, 149, 28.49977581, 95.26064480,   3.1
130, 149, 28.49200322, 95.24590358,   3.0
131, 149, 28.48412327, 95.23096400,   3.0
132, 149, 28.47613447, 95.21582341,   3.0
133, 149, 28.46803528, 95.20047915,   3.0
134, 149, 28.45982416, 95.18492851,   3.0
135, 149, 28.45149954, 95.16916875,   2.9
136, 149, 28.44305982, 95.15319708,   2.9
137, 149, 28.43450340, 95.13701070,   2.9
138, 149, 28.42582863, 95.12060676,   2.9
139, 149, 28.41703385, 95.10398236,   2.9
140, 149, 28.40811738, 95.08713458,   2.9
141, 149, 28.39907751, 95.07006046,   2.8
142, 149, 28.38991250, 95.05275700,   2.8
143, 149, 28.38062060, 95.03522116,   2.8
144, 149, 28.37120001, 95.01744986,   2.8
145, 149, 28.36164893, 94.99943999,   2.8
146, 149, 28.35196552, 94.98118838,   2.8
147, 149, 28.34214792, 94.96269184,   2.7
148, 149, 28.33219424, 94.94394712,   2.7
149, 149, 28.32210255, 94.92495096,   2.7
150, 149, 28.31187092, 94.90570002,   2.7
151, 149, 28.30149736, 94.88619093,   2.7
152, 149, 28.29097988, 94.86642030,   2.7
153, 149, 28.28031645, 94.84638466,   2.7
154, 149, 28.26950499, 94.82608052,   2.7
155, 149, 28.25854343, 94.80550434,   2.6
156, 149, 28.24742963, 94.78465253,   2.6
157, 149, 28.23616146, 94.76352147,   2.6
158, 149, 28.22473671, 94.74210747,   2.6
159, 149, 28.21315318, 94.72040681,   2.6
160, 149, 28.20140861, 94.69841572,   2.6
161, 149, 28.18950073, 94.67613037,   2.6
162, 149, 28.17742723, 94.65354691,   2.6
163, 149, 28.16518574, 94.63066140,   2.6
164, 149, 28.15277389, 94.60746989,   2.6
165, 149, 28.14018927, 94.58396837,   2.6
166, 149, 28.12742941, 94.56015275,   2.6
167, 149, 28.11449183, 94.53601893,   2.6
168, 149, 28.10137400, 94.51156273,   2.6
169, 149, 28.08807337, 94.48677993,   2.6
170, 149, 28.07458732, 94.46166626,   2.6
171, 149, 28.06091321, 94.43621739,   2.6
172, 149, 28.04704838, 94.41042892,   2.6
173, 149, 28.03299011, 94.38429644,   2.6
174, 149, 28.01873563, 94.35781543,   2.6
175, 149, 28.00428214, 94.33098135,   2.6
176, 149, 27.98962681, 94.30378960,   2.6
177, 149, 27.97476676, 94.27623551,   2.6
178, 149, 27.95969907, 94.24831435,   2.6
179, 149, 27.94442075, 94.22002136,   2.6
180, 149, 27.92892881, 94.19135169,   2.6
181, 149, 27.91322018, 94.16230043,   2.6
182, 149, 27.89729177, 94.13286264,   2.6
183, 149, 27.88114042, 94.10303329,   2.6
184, 149, 27.86476295, 94.07280729,   2.6
185, 149, 27.84815611, 94.04217950,   2.6
186, 149, 27.83131661, 94.01114472,   2.6
187, 149, 27.81424110, 93.97969767,   2.6
188, 149, 27.79692621, 93.94783301,   2.6
189, 149, 27.77936850, 93.91554534,   2.6
190, 149, 27.76156446, 93.88282919,   2.6
191, 149, 27.74351056, 93.84967903,   2.6
  1, 150, 28.96909903, 96.15447052,  99.9
  2, 150, 28.96776957, 96.15181263,  99.9
  3, 150, 28.96642196, 96.14911864,  99.9
  4, 150, 28.96505597, 96.14638806,  99.9
  5, 150, 28.96367134, 96.14362041,  99.9
  6, 150, 28.96226781, 96.14081517,  99.9
  7, 150, 28.96084512, 96.13797184,  99.9
  8, 150, 28.95940301, 96.13508991,  99.9
  9, 150, 28.95794122, 96.13216884,  99.9
 10, 150, 28.95645948, 96.12920811,  99.9
 11, 150, 28.95495751, 96.12620718,  99.9
 12, 150, 28.95343504, 96.12316550,  99.9
 13, 150, 28.95189178, 96.12008254,  99.9
 14, 150, 28.95032745, 96.11695771,  99.9
 15, 150, 28.94874177, 96.11379047,  99.9
 16, 150, 28.94713443, 96.11058022,  99.9
 17, 150, 28.94550515, 96.10732640,  99.9
 18, 150, 28.94385362, 96.10402841,  99.9
 19, 150, 28.94217954, 96.10068566,  99.9
 20, 150, 28.94048260, 96.09729753,  99.9
 21, 150, 28.93876248, 96.09386341,  99.9
 22, 150, 28.93701887, 96.09038268,  99.9
 23, 150, 28.93525144, 96.08685471,  99.9
 24, 150, 28.93345987, 96.08327885,  99.9
 25, 150, 28.93164383, 96.07965447,  99.9
 26, 150, 28.92980298, 96.07598091,  99.9
 27, 150, 28.92793699, 96.07225749,  99.9
 28, 150, 28.92604550, 96.06848354,  99.9
 29, 150, 28.92412817, 96.06465838,  99.9
 30, 150, 28.92218464, 96.06078132,  99.9
 31, 150, 28.92021455, 96.05685166,  99.9
 32, 150, 28.91821754, 96.05286867,  99.9
 33, 150, 28.91619325, 96.04883165,  99.9
 34, 150, 28.91414128, 96.04473986,  99.9
 35, 150, 28.91206128, 96.04059256,  99.9
 36, 150, 28.90995284, 96.03638899,  99.9
 37, 150, 28.90781558, 96.03212841,  99.9
 38, 150, 28.90564911, 96.02781003,  99.9
 39, 150, 28.90345302, 96.02343307,   2.9
 40, 150, 28.90122690, 96.01899675,  99.9
 41, 150, 28.89897035, 96.01450026,  99.9
 42, 150, 28.89668294, 96.00994278,  99.9
 43, 150, 28.89436426, 96.00532350,  99.9
 44, 150, 28.89201387, 96.00064157,  99.9
 45, 150, 28.88963133, 95.99589616,  99.9
 46, 150, 28.88721621, 95.99108639,  99.9
 47, 150, 28.88476805, 95.98621141,  99.9
 48, 150, 28.88228640, 95.98127033,  99.9
 49, 150, 28.87977081, 95.97626226,  99.9
 50, 150, 28.87722080, 95.97118630,  99.9
 51, 150, 28.87463591, 95.96604152,  99.9
 52, 150, 28.87201564, 95.96082699,  99.9
 53, 150, 28.86935952, 95.95554178,  99.9
 54, 150, 28.86666705, 95.95018494,  99.9
 55, 150, 28.86393773, 95.94475548,  99.9
 56, 150, 28.86117105, 95.93925244,  99.9
 57, 150, 28.85836651, 95.93367482,  99.9
 58, 150, 28.85552357, 95.92802161,  99.9
 59, 150, 28.85264171, 95.92229180,  99.9
 60, 150, 28.84972040, 95.91648434,  99.9
 61, 150, 28.84675908, 95.91059820,  99.9
 62, 150, 28.84375722, 95.90463230,  99.9
 63, 150, 28.84071424, 95.89858558,  99.9
 64, 150, 28.83762959, 95.89245694,  99.9
 65, 150, 28.83450268, 95.88624529,  99.9
 66, 150, 28.83133294, 95.87994949,  99.9
 67, 150, 28.82811978, 95.87356842,  99.9
 68, 150, 28.82486260, 95.86710092,  99.9
 69, 150, 28.82156078, 95.86054583,  99.9
 70, 150, 28.81821372, 95.85390197,  99.9
 71, 150, 28.81482079, 95.84716815,  99.9
 72, 150, 28.81138135, 95.84034314,  99.9
 73, 150, 28.80789477, 95.83342573,  99.9
 74, 150, 28.80436039, 95.82641467,  99.9
 75, 150, 28.80077756, 95.81930869,  99.9
 76, 150, 28.79714560, 95.81210652,  99.9
 77, 150, 28.79346384, 95.80480686,  99.9
 78, 150, 28.78973158, 95.79740841,   3.9
 79, 150, 28.78594814, 95.78990982,   4.0
 80, 150, 28.78211279, 95.78230976,   4.1
 81, 150, 28.77822484, 95.77460685,   4.2
 82, 150, 28.77428353, 95.76679971,   4.3
 83, 150, 28.77028815, 95.75888695,   4.4
 84, 150, 28.76623794, 95.75086713,   4.4
 85, 150, 28.76213214, 95.74273883,   4.3
 86, 150, 28.75796999, 95.73450057,   4.1
 87, 150, 28.75375070, 95.72615089,   4.0
 88, 150, 28.74947348, 95.71768828,   3.8
 89, 150, 28.74513753, 95.70911123,   3.7
 90, 150, 28.74074204, 95.70041820,   3.8
 91, 150, 28.73628618, 95.69160763,   3.9
 92, 150, 28.73176911, 95.68267794,   4.0
 93, 150, 28.72718999, 95.67362753,   4.1
 94, 150, 28.72254796, 95.66445478,   4.1
 95, 150, 28.71784214, 95.65515805,   4.0
 96, 150, 28.71307165, 95.64573568,   4.0
 97, 150, 28.70823559, 95.63618597,   4.0
 98, 150, 28.70333305, 95.62650722,   3.9
 99, 150, 28.69836312, 95.61669770,   3.9
100, 150, 28.69332484, 95.60675564,   3.8
101, 150, 28.68821728, 95.59667929,   3.8
102, 150, 28.68303947, 95.58646683,   3.8
103, 150, 28.67779043, 95.57611644,   3.7
104, 150, 28.67246918, 95.56562627,   3.7
105, 150, 28.66707471, 95.55499445,   3.6
106, 150, 28.66160601, 95.54421908,   3.6
107, 150, 28.65606203, 95.53329824,   3.6
108, 150, 28.65044174, 95.52222997,   3.5
109, 150, 28.64474407, 95.51101232,   3.5
110, 150, 28.63896794, 95.49964327,   3.5
111, 150, 28.63311226, 95.48812080,   3.5
112, 150, 28.62717593, 95.47644285,   3.4
113, 150, 28.62115781, 95.46460736,   3.4
114, 150, 28.61505677, 95.45261220,   3.4
115, 150, 28.60887166, 95.44045525,   3.4
116, 150, 28.60260129, 95.42813435,   3.3
117, 150, 28.59624449, 95.41564729,   3.3
118, 150, 28.58980004, 95.40299187,   3.3
119, 150, 28.58326672, 95.39016584,   3.3
120, 150, 28.57664330, 95.37716690,   3.3
121, 150, 28.56992850, 95.36399277,   3.2
122, 150, 28.56312106, 95.35064110,   3.2
123, 150, 28.55621967, 95.33710951,   3.2
124, 150, 28.54922304, 95.32339562,   3.2
125, 150, 28.54212981, 95.30949698,   3.2
126, 150, 28.53493865, 95.29541114,   3.1
127, 150, 28.52764819, 95.28113560,   3.1
128, 150, 28.52025702, 95.26666784,   3.1
129, 150, 28.51276374, 95.25200529,   3.1
130, 150, 28.50516693, 95.23714536,   3.1
131, 150, 28.49746512, 95.22208542,   3.0
132, 150, 28.48965685, 95.20682281,   3.0
133, 150, 28.48174062, 95.19135483,   3.0
134, 150, 28.47371493, 95.17567876,   3.0
135, 150, 28.46557822, 95.15979182,   3.0
136, 150, 28.45732895, 95.14369122,   2.9
137, 150, 28.44896553, 95.12737411,   2.9
138, 150, 28.44048637, 95.11083762,   2.9
139, 150, 28.43188982, 95.09407884,   2.9
140, 150, 28.42317424, 95.07709481,   2.9
141, 150, 28.41433796, 95.05988255,   2.9
142, 150, 28.40537928, 95.04243903,   2.8
143, 150, 28.39629647, 95.02476118,   2.8
144, 150, 28.38708779, 95.00684590,   2.8
145, 150, 28.37775146, 94.98869004,   2.8
146, 150, 28.36828569, 94.97029042,   2.8
147, 150, 28.35868864, 94.95164380,   2.8
148, 150, 28.34895847, 94.93274693,   2.7
149, 150, 28.33909329, 94.91359648,   2.7
150, 150, 28.32909121, 94.89418911,   2.7
151, 150, 28.31895028, 94.87452141,   2.7
152, 150, 28.30866854, 94.85458996,   2.7
153, 150, 28.29824401, 94.83439126,   2.7
154, 150, 28.28767466, 94.81392179,   2.7
155, 150, 28.27695845, 94.79317798,   2.7
156, 150, 28.26609329, 94.77215620,   2.6
157, 150, 28.25507708, 94.75085279,   2.6
158, 150, 28.24390767, 94.72926404,   2.6
159, 150, 28.23258290, 94.70738620,   2.6
160, 150, 28.22110055, 94.68521544,   2.6
161, 150, 28.20945840, 94.66274793,   2.6
162, 150, 28.19765417, 94.63997975,   2.6
163, 150, 28.18568557, 94.61690695,   2.6
164, 150, 28.17355026, 94.59352553,   2.6
165, 150, 28.16124586, 94.56983144,   2.6
166, 150, 28.14876997, 94.54582056,   2.6
167, 150, 28.13612016, 94.52148875,   2.6
168, 150, 28.12329394, 94.49683180,   2.6
169, 150, 28.11028880, 94.47184543,   2.6
170, 150, 28.09710219, 94.44652534,   2.6
171, 150, 28.08373153, 94.42086716,   2.6
172, 150, 28.07017419, 94.39486646,   2.6
173, 150, 28.05642750, 94.36851876,   2.6
174, 150, 28.04248876, 94.34181953,   2.6
175, 150, 28.02835523, 94.31476416,   2.6
176, 150, 28.01402412, 94.28734802,   2.6
177, 150, 27.99949260, 94.25956640,   2.6
178, 150, 27.98475781, 94.23141452,   2.6
179, 150, 27.96981683, 94.20288756,   2.6
180, 150, 27.95466671, 94.17398064,   2.6
181, 150, 27.93930446, 94.14468880,   2.6
182, 150, 27.92372703, 94.11500705,   2.6
183, 150, 27.90793133, 94.08493031,   2.6
184, 150, 27.89191423, 94.05445345,   2.6
185, 150, 27.87567255, 94.02357128,   2.6
186, 150, 27.85920305, 93.99227853,   2.6
187, 150, 27.84250247, 93.96056988,   2.6
188, 150, 27.82556748, 93.92843994,   2.6
189, 150, 27.80839470, 93.89588327,   2.6
190, 150, 27.79098070, 93.86289433,   2.6
191, 150, 27.77332201, 93.82946754,   2.6
  1, 151, 28.97142966, 96.15298692,  99.9
  2, 151, 28.97013188, 96.15030880,  99.9
  3, 151, 28.96881639, 96.14759431,  99.9
  4, 151, 28.96748295, 96.14484295,  99.9
  5, 151, 28.96613130, 96.14205423,  99.9
  6, 151, 28.96476121, 96.13922764,  99.9
  7, 151, 28.96337242, 96.13636266,  99.9
  8, 151, 28.96196466, 96.13345878,  99.9
  9, 151, 28.96053769, 96.13051547,  99.9
 10, 151, 28.95909124, 96.12753219,  99.9
 11, 151, 28.95762505, 96.12450841,  99.9
 12, 151, 28.95613883, 96.12144357,  99.9
 13, 151, 28.95463232, 96.11833712,  99.9
 14, 151, 28.95310524, 96.11518849,  99.9
 15, 151, 28.95155731, 96.11199711,  99.9
 16, 151, 28.94998825, 96.10876241,  99.9
 17, 151, 28.94839775, 96.10548380,  99.9
 18, 151, 28.94678553, 96.10216067,  99.9
 19, 151, 28.94515130, 96.09879244,  99.9
 20, 151, 28.94349474, 96.09537848,  99.9
 21, 151, 28.94181556, 96.09191818,  99.9
 22, 151, 28.94011344, 96.08841092,  99.9
 23, 151, 28.93838806, 96.08485605,  99.9
 24, 151, 28.93663912, 96.08125293,  99.9
 25, 151, 28.93486629, 96.07760091,  99.9
 26, 151, 28.93306923, 96.07389932,  99.9
 27, 151, 28.93124762, 96.07014750,  99.9
 28, 151, 28.92940111, 96.06634476,  99.9
 29, 151, 28.92752938, 96.06249042,  99.9
 30, 151, 28.92563207, 96.05858378,  99.9
 31, 151, 28.92370882, 96.05462412,  99.9
 32, 151, 28.92175929, 96.05061074,  99.9
 33, 151, 28.91978312, 96.04654290,  99.9
 34, 151, 28.91777993, 96.04241987,  99.9
 35, 151, 28.91574936, 96.03824091,  99.9
 36, 151, 28.91369103, 96.03400525,  99.9
 37, 151, 28.91160456, 96.02971212,  99.9
 38, 151, 28.90948957, 96.02536076,  99.9
 39, 151, 28.90734565, 96.02095037,   2.9
 40, 151, 28.90517242, 96.01648015,  99.9
 41, 151, 28.90296947, 96.01194930,  99.9
 42, 151, 28.90073639, 96.00735700,  99.9
 43, 151, 28.89847277, 96.00270241,  99.9
 44, 151, 28.89617819, 95.99798470,  99.9
 45, 151, 28.89385222, 95.99320300,  99.9
 46, 151, 28.89149444, 95.98835646,  99.9
 47, 151, 28.88910439, 95.98344420,  99.9
 48, 151, 28.88668165, 95.97846533,  99.9
 49, 151, 28.88422575, 95.97341895,  99.9
 50, 151, 28.88173626, 95.96830415,  99.9
 51, 151, 28.87921269, 95.96312001,  99.9
 52, 151, 28.87665458, 95.95786558,  99.9
 53, 151, 28.87406146, 95.95253992,  99.9
 54, 151, 28.87143285, 95.94714206,  99.9
 55, 151, 28.86876826, 95.94167104,  99.9
 56, 151, 28.86606718, 95.93612585,  99.9
 57, 151, 28.86332913, 95.93050552,  99.9
 58, 151, 28.86055358, 95.92480900,  99.9
 59, 151, 28.85774003, 95.91903529,  99.9
 60, 151, 28.85488794, 95.91318333,  99.9
 61, 151, 28.85199679, 95.90725208,  99.9
 62, 151, 28.84906605, 95.90124045,  99.9
 63, 151, 28.84609515, 95.89514737,  99.9
 64, 151, 28.84308356, 95.88897174,  99.9
 65, 151, 28.84003071, 95.88271244,  99.9
 66, 151, 28.83693602, 95.87636835,   3.2
 67, 151, 28.83379893, 95.86993832,  99.9
 68, 151, 28.83061884, 95.86342119,  99.9
 69, 151, 28.82739517, 95.85681579,  99.9
 70, 151, 28.82412731, 95.85012093,  99.9
 71, 151, 28.82081465, 95.84333541,  99.9
 72, 151, 28.81745658, 95.83645799,  99.9
 73, 151, 28.81405246, 95.82948744,  99.9
 74, 151, 28.81060167, 95.82242252,   3.2
 75, 151, 28.80710354, 95.81526193,   3.3
 76, 151, 28.80355744, 95.80800441,  99.9
 77, 151, 28.79996270, 95.80064864,  99.9
 78, 151, 28.79631864, 95.79319329,   3.8
 79, 151, 28.79262459, 95.78563704,   4.0
 80, 151, 28.78887985, 95.77797851,   4.1
 81, 151, 28.78508372, 95.77021633,   4.3
 82, 151, 28.78123549, 95.76234911,   4.3
 83, 151, 28.77733444, 95.75437544,   4.4
 84, 151, 28.77337984, 95.74629387,   4.4
 85, 151, 28.76937094, 95.73810297,   4.4
 86, 151, 28.76530700, 95.72980126,   4.2
 87, 151, 28.76118725, 95.72138724,   4.0
 88, 151, 28.75701092, 95.71285941,   4.0
 89, 151, 28.75277722, 95.70421625,   4.0
 90, 151, 28.74848536, 95.69545619,   3.9
 91, 151, 28.74413454, 95.68657766,   3.9
 92, 151, 28.73972393, 95.67757909,   3.9
 93, 151, 28.73525270, 95.66845884,   4.1
 94, 151, 28.73072002, 95.65921529,   4.1
 95, 151, 28.72612504, 95.64984679,   4.1
 96, 151, 28.72146688, 95.64035165,   4.0
 97, 151, 28.71674467, 95.63072817,   4.0
 98, 151, 28.71195752, 95.62097463,   3.9
 99, 151, 28.70710452, 95.61108929,   3.9
100, 151, 28.70218477, 95.60107038,   3.9
101, 151, 28.69719734, 95.59091610,   3.8
102, 151, 28.69214128, 95.58062464,   3.8
103, 151, 28.68701564, 95.57019416,   3.7
104, 151, 28.68181945, 95.55962279,   3.7
105, 151, 28.67655174, 95.54890865,   3.7
106, 151, 28.67121149, 95.53804983,   3.6
107, 151, 28.66579772, 95.52704438,   3.6
108, 151, 28.66030938, 95.51589034,   3.6
109, 151, 28.65474544, 95.50458572,   3.5
110, 151, 28.64910486, 95.49312851,   3.5
111, 151, 28.64338655, 95.48151666,   3.5
112, 151, 28.63758944, 95.46974809,   3.4
113, 151, 28.63171243, 95.45782073,   3.4
114, 151, 28.62575439, 95.44573243,   3.4
115, 151, 28.61971422, 95.43348105,   3.4
116, 151, 28.61359074, 95.42106441,   3.4
117, 151, 28.60738281, 95.40848029,   3.3
118, 151, 28.60108924, 95.39572647,   3.3
119, 151, 28.59470884, 95.38280066,   3.3
120, 151, 28.58824038, 95.36970058,   3.3
121, 151, 28.58168265, 95.35642390,   3.2
122, 151, 28.57503439, 95.34296825,   3.2
123, 151, 28.56829433, 95.32933125,   3.2
124, 151, 28.56146120, 95.31551048,   3.2
125, 151, 28.55453368, 95.30150349,   3.2
126, 151, 28.54751045, 95.28730780,   3.1
127, 151, 28.54039018, 95.27292088,   3.1
128, 151, 28.53317150, 95.25834019,   3.1
129, 151, 28.52585304, 95.24356314,   3.1
130, 151, 28.51843339, 95.22858713,   3.1
131, 151, 28.51091113, 95.21340950,   3.0
132, 151, 28.50328483, 95.19802756,   3.0
133, 151, 28.49555301, 95.18243860,   3.0
134, 151, 28.48771421, 95.16663986,   3.0
135, 151, 28.47976692, 95.15062856,   3.0
136, 151, 28.47170961, 95.13440186,   3.0
137, 151, 28.46354073, 95.11795690,   2.9
138, 151, 28.45525871, 95.10129078,   2.9
139, 151, 28.44686197, 95.08440056,   2.9
140, 151, 28.43834889, 95.06728328,   2.9
141, 151, 28.42971782, 95.04993590,   2.9
142, 151, 28.42096711, 95.03235538,   2.9
143, 151, 28.41209506, 95.01453863,   2.8
144, 151, 28.40309997, 94.99648251,   2.8
145, 151, 28.39398011, 94.97818386,   2.8
146, 151, 28.38473370, 94.95963944,   2.8
147, 151, 28.37535896, 94.94084602,   2.8
148, 151, 28.36585409, 94.92180029,   2.8
149, 151, 28.35621723, 94.90249892,   2.7
150, 151, 28.34644653, 94.88293851,   2.7
151, 151, 28.33654008, 94.86311565,   2.7
152, 151, 28.32649598, 94.84302686,   2.7
153, 151, 28.31631227, 94.82266863,   2.7
154, 151, 28.30598696, 94.80203741,   2.7
155, 151, 28.29551806, 94.78112957,   2.7
156, 151, 28.28490353, 94.75994149,   2.7
157, 151, 28.27414131, 94.73846945,   2.6
158, 151, 28.26322929, 94.71670971,   2.6
159, 151, 28.25216535, 94.69465848,   2.6
160, 151, 28.24094733, 94.67231192,   2.6
161, 151, 28.22957304, 94.64966614,   2.6
162, 151, 28.21804026, 94.62671720,   2.6
163, 151, 28.20634673, 94.60346111,   2.6
164, 151, 28.19449018, 94.57989383,   2.6
165, 151, 28.18246826, 94.55601128,   2.6
166, 151, 28.17027863, 94.53180931,   2.6
167, 151, 28.15791890, 94.50728372,   2.6
168, 151, 28.14538664, 94.48243026,   2.6
169, 151, 28.13267939, 94.45724465,   2.6
170, 151, 28.11979465, 94.43172251,   2.6
171, 151, 28.10672988, 94.40585945,   2.6
172, 151, 28.09348251, 94.37965099,   2.6
173, 151, 28.08004993, 94.35309261,   2.6
174, 151, 28.06642949, 94.32617974,   2.6
175, 151, 28.05261850, 94.29890775,   2.6
176, 151, 28.03861423, 94.27127192,   2.6
177, 151, 28.02441391, 94.24326753,   2.6
178, 151, 28.01001473, 94.21488975,   2.6
179, 151, 27.99541383, 94.18613371,   2.6
180, 151, 27.98060832, 94.15699449,   2.6
181, 151, 27.96559526, 94.12746708,   2.6
182, 151, 27.95037166, 94.09754644,   2.6
183, 151, 27.93493451, 94.06722744,   2.6
184, 151, 27.91928072, 94.03650492,   2.6
185, 151, 27.90340717, 94.00537361,   2.6
186, 151, 27.88731071, 93.97382822,   2.6
187, 151, 27.87098811, 93.94186337,   2.6
188, 151, 27.85443612, 93.90947361,   2.6
189, 151, 27.83765142, 93.87665345,   2.6
190, 151, 27.82063066, 93.84339731,   2.6
191, 151, 27.80337041, 93.80969954,   2.6
  1, 152, 28.97377769, 96.15153921,  99.9
  2, 152, 28.97251184, 96.14884134,  99.9
  3, 152, 28.97122870, 96.14610684,  99.9
  4, 152, 28.96992805, 96.14333520,  99.9
  5, 152, 28.96860964, 96.14052592,  99.9
  6, 152, 28.96727324, 96.13767848,  99.9
  7, 152, 28.96591859, 96.13479238,  99.9
  8, 152, 28.96454545, 96.13186709,  99.9
  9, 152, 28.96315356, 96.12890207,  99.9
 10, 152, 28.96174266, 96.12589679,  99.9
 11, 152, 28.96031251, 96.12285070,  99.9
 12, 152, 28.95886282, 96.11976325,  99.9
 13, 152, 28.95739334, 96.11663387,  99.9
 14, 152, 28.95590379, 96.11346201,  99.9
 15, 152, 28.95439389, 96.11024709,  99.9
 16, 152, 28.95286338, 96.10698851,  99.9
 17, 152, 28.95131196, 96.10368570,  99.9
 18, 152, 28.94973935, 96.10033804,  99.9
 19, 152, 28.94814526, 96.09694494,  99.9
 20, 152, 28.94652939, 96.09350578,  99.9
 21, 152, 28.94489145, 96.09001993,  99.9
 22, 152, 28.94323114, 96.08648676,  99.9
 23, 152, 28.94154813, 96.08290564,  99.9
 24, 152, 28.93984214, 96.07927590,  99.9
 25, 152, 28.93811283, 96.07559690,  99.9
 26, 152, 28.93635989, 96.07186797,  99.9
 27, 152, 28.93458299, 96.06808843,  99.9
 28, 152, 28.93278182, 96.06425759,  99.9
 29, 152, 28.93095602, 96.06037476,  99.9
 30, 152, 28.92910527, 96.05643924,  99.9
 31, 152, 28.92722922, 96.05245031,  99.9
 32, 152, 28.92532753, 96.04840726,  99.9
 33, 152, 28.92339984, 96.04430934,  99.9
 34, 152, 28.92144580, 96.04015582,  99.9
 35, 152, 28.91946503, 96.03594595,  99.9
 36, 152, 28.91745719, 96.03167896,  99.9
 37, 152, 28.91542189, 96.02735407,  99.9
 38, 152, 28.91335876, 96.02297051,  99.9
 39, 152, 28.91126741, 96.01852749,   2.9
 40, 152, 28.90914746, 96.01402419,  99.9
 41, 152, 28.90699851, 96.00945980,  99.9
 42, 152, 28.90482017, 96.00483350,  99.9
 43, 152, 28.90261203, 96.00014445,  99.9
 44, 152, 28.90037368, 95.99539180,  99.9
 45, 152, 28.89810471, 95.99057469,  99.9
 46, 152, 28.89580469, 95.98569225,  99.9
 47, 152, 28.89347319, 95.98074360,  99.9
 48, 152, 28.89110979, 95.97572784,  99.9
 49, 152, 28.88871405, 95.97064406,  99.9
 50, 152, 28.88628551, 95.96549135,  99.9
 51, 152, 28.88382374, 95.96026878,  99.9
 52, 152, 28.88132826, 95.95497539,  99.9
 53, 152, 28.87879862, 95.94961024,  99.9
 54, 152, 28.87623435, 95.94417235,  99.9
 55, 152, 28.87363496, 95.93866074,  99.9
 56, 152, 28.87099998, 95.93307442,  99.9
 57, 152, 28.86832892, 95.92741238,  99.9
 58, 152, 28.86562127, 95.92167359,  99.9
 59, 152, 28.86287654, 95.91585702,  99.9
 60, 152, 28.86009421, 95.90996162,  99.9
 61, 152, 28.85727376, 95.90398632,  99.9
 62, 152, 28.85441466, 95.89793005,  99.9
 63, 152, 28.85151640, 95.89179171,  99.9
 64, 152, 28.84857841, 95.88557020,  99.9
 65, 152, 28.84560017, 95.87926439,  99.9
 66, 152, 28.84258110, 95.87287315,   3.2
 67, 152, 28.83952065, 95.86639532,   3.1
 68, 152, 28.83641825, 95.85982974,  99.9
 69, 152, 28.83327331, 95.85317522,  99.9
 70, 152, 28.83008525, 95.84643056,  99.9
 71, 152, 28.82685347, 95.83959455,  99.9
 72, 152, 28.82357738, 95.83266596,  99.9
 73, 152, 28.82025635, 95.82564354,   3.1
 74, 152, 28.81688976, 95.81852602,   3.1
 75, 152, 28.81347699, 95.81131212,   3.4
 76, 152, 28.81001740, 95.80400054,  99.9
 77, 152, 28.80651034, 95.79658998,   3.7
 78, 152, 28.80295515, 95.78907909,   3.8
 79, 152, 28.79935116, 95.78146652,  99.9
 80, 152, 28.79569771, 95.77375090,   4.2
 81, 152, 28.79199410, 95.76593085,   4.3
 82, 152, 28.78823965, 95.75800497,   4.3
 83, 152, 28.78443365, 95.74997181,   4.4
 84, 152, 28.78057538, 95.74182995,   4.4
 85, 152, 28.77666411, 95.73357792,   4.3
 86, 152, 28.77269913, 95.72521424,   4.2
 87, 152, 28.76867967, 95.71673740,   4.1
 88, 152, 28.76460499, 95.70814589,   4.0
 89, 152, 28.76047432, 95.69943815,   4.0
 90, 152, 28.75628688, 95.69061263,   4.0
 91, 152, 28.75204189, 95.68166775,   4.0
 92, 152, 28.74773854, 95.67260190,   4.0
 93, 152, 28.74337604, 95.66341345,   4.0
 94, 152, 28.73895354, 95.65410076,   4.1
 95, 152, 28.73447023, 95.64466215,   4.1
 96, 152, 28.72992525, 95.63509595,   4.0
 97, 152, 28.72531775, 95.62540042,   4.0
 98, 152, 28.72064687, 95.61557385,   4.0
 99, 152, 28.71591171, 95.60561446,   3.9
100, 152, 28.71111139, 95.59552047,   3.9
101, 152, 28.70624500, 95.58529008,   3.8
102, 152, 28.70131162, 95.57492146,   3.8
103, 152, 28.69631031, 95.56441275,   3.8
104, 152, 28.69124014, 95.55376208,   3.7
105, 152, 28.68610014, 95.54296754,   3.7
106, 152, 28.68088934, 95.53202720,   3.6
107, 152, 28.67560675, 95.52093911,   3.6
108, 152, 28.67025137, 95.50970128,   3.6
109, 152, 28.66482219, 95.49831172,   3.5
110, 152, 28.65931818, 95.48676838,   3.5
111, 152, 28.65373829, 95.47506922,   3.5
112, 152, 28.64808147, 95.46321214,   3.5
113, 152, 28.64234664, 95.45119502,   3.4
114, 152, 28.63653270, 95.43901574,   3.4
115, 152, 28.63063857, 95.42667211,   3.4
116, 152, 28.62466311, 95.41416194,   3.4
117, 152, 28.61860519, 95.40148300,   3.3
118, 152, 28.61246365, 95.38863304,   3.3
119, 152, 28.60623733, 95.37560976,   3.3
120, 152, 28.59992504, 95.36241086,   3.3
121, 152, 28.59352557, 95.34903398,   3.3
122, 152, 28.58703771, 95.33547675,   3.2
123, 152, 28.58046022, 95.32173676,   3.2
124, 152, 28.57379183, 95.30781157,   3.2
125, 152, 28.56703129, 95.29369871,   3.2
126, 152, 28.56017729, 95.27939567,   3.2
127, 152, 28.55322852, 95.26489992,   3.1
128, 152, 28.54618365, 95.25020889,   3.1
129, 152, 28.53904134, 95.23531997,   3.1
130, 152, 28.53180022, 95.22023052,   3.1
131, 152, 28.52445889, 95.20493788,   3.1
132, 152, 28.51701595, 95.18943933,   3.0
133, 152, 28.50946997, 95.17373214,   3.0
134, 152, 28.50181950, 95.15781353,   3.0
135, 152, 28.49406308, 95.14168068,   3.0
136, 152, 28.48619920, 95.12533075,   3.0
137, 152, 28.47822636, 95.10876083,   3.0
138, 152, 28.47014302, 95.09196803,   2.9
139, 152, 28.46194762, 95.07494935,   2.9
140, 152, 28.45363859, 95.05770182,   2.9
141, 152, 28.44521432, 95.04022238,   2.9
142, 152, 28.43667318, 95.02250796,   2.9
143, 152, 28.42801353, 95.00455544,   2.8
144, 152, 28.41923368, 94.98636166,   2.8
145, 152, 28.41033195, 94.96792342,   2.8
146, 152, 28.40130661, 94.94923747,   2.8
147, 152, 28.39215591, 94.93030054,   2.8
148, 152, 28.38287807, 94.91110930,   2.8
149, 152, 28.37347130, 94.89166038,   2.8
150, 152, 28.36393378, 94.87195036,   2.7
151, 152, 28.35426364, 94.85197580,   2.7
152, 152, 28.34445901, 94.83173319,   2.7
153, 152, 28.33451798, 94.81121900,   2.7
154, 152, 28.32443861, 94.79042962,   2.7
155, 152, 28.31421895, 94.76936142,   2.7
156, 152, 28.30385700, 94.74801072,   2.7
157, 152, 28.29335074, 94.72637379,   2.7
158, 152, 28.28269811, 94.70444685,   2.6
159, 152, 28.27189703, 94.68222608,   2.6
160, 152, 28.26094540, 94.65970761,   2.6
161, 152, 28.24984106, 94.63688750,   2.6
162, 152, 28.23858184, 94.61376179,   2.6
163, 152, 28.22716554, 94.59032645,   2.6
164, 152, 28.21558992, 94.56657741,   2.6
165, 152, 28.20385269, 94.54251054,   2.6
166, 152, 28.19195156, 94.51812165,   2.6
167, 152, 28.17988419, 94.49340653,   2.6
168, 152, 28.16764819, 94.46836088,   2.6
169, 152, 28.15524116, 94.44298037,   2.6
170, 152, 28.14266064, 94.41726060,   2.6
171, 152, 28.12990417, 94.39119712,   2.6
172, 152, 28.11696921, 94.36478542,   2.6
173, 152, 28.10385320, 94.33802095,   2.6
174, 152, 28.09055357, 94.31089908,   2.6
175, 152, 28.07706765, 94.28341514,   2.6
176, 152, 28.06339280, 94.25556439,   2.6
177, 152, 28.04952628, 94.22734204,   2.6
178, 152, 28.03546535, 94.19874323,   2.6
179, 152, 28.02120722, 94.16976304,   2.6
180, 152, 28.00674903, 94.14039651,   2.6
181, 152, 27.99208792, 94.11063858,   2.6
182, 152, 27.97722096, 94.08048417,   2.6
183, 152, 27.96214518, 94.04992810,   2.6
184, 152, 27.94685758, 94.01896515,   2.6
185, 152, 27.93135508, 93.98759002,   2.6
186, 152, 27.91563461, 93.95579737,   2.6
187, 152, 27.89969299, 93.92358175,   2.6
188, 152, 27.88352704, 93.89093768,   2.6
189, 152, 27.86713351, 93.85785961,   2.6
190, 152, 27.85050910, 93.82434190,   2.6
191, 152, 27.83365047, 93.79037886,   2.6
  1, 153, 28.97614270, 96.15012764,  99.9
  2, 153, 28.97490900, 96.14741053,  99.9
  3, 153, 28.97365845, 96.14465651,  99.9
  4, 153, 28.97239083, 96.14186509,  99.9
  5, 153, 28.97110590, 96.13903576,  99.9
  6, 153, 28.96980343, 96.13616800,  99.9
  7, 153, 28.96848317, 96.13326129,  99.9
  8, 153, 28.96714489, 96.13031511,  99.9
  9, 153, 28.96578834, 96.12732893,  99.9
 10, 153, 28.96441326, 96.12430218,  99.9
 11, 153, 28.96301940, 96.12123434,  99.9
 12, 153, 28.96160651, 96.11812484,  99.9
 13, 153, 28.96017432, 96.11497312,  99.9
 14, 153, 28.95872257, 96.11177860,  99.9
 15, 153, 28.95725099, 96.10854070,  99.9
 16, 153, 28.95575931, 96.10525885,  99.9
 17, 153, 28.95424725, 96.10193243,  99.9
 18, 153, 28.95271454, 96.09856085,  99.9
 19, 153, 28.95116088, 96.09514350,  99.9
 20, 153, 28.94958600, 96.09167976,  99.9
 21, 153, 28.94798961, 96.08816899,  99.9
 22, 153, 28.94637139, 96.08461056,  99.9
 23, 153, 28.94473107, 96.08100383,  99.9
 24, 153, 28.94306833, 96.07734814,  99.9
 25, 153, 28.94138287, 96.07364283,  99.9
 26, 153, 28.93967437, 96.06988723,  99.9
 27, 153, 28.93794251, 96.06608065,  99.9
 28, 153, 28.93618699, 96.06222240,  99.9
 29, 153, 28.93440747, 96.05831179,  99.9
 30, 153, 28.93260362, 96.05434811,  99.9
 31, 153, 28.93077511, 96.05033063,  99.9
 32, 153, 28.92892160, 96.04625864,  99.9
 33, 153, 28.92704275, 96.04213139,  99.9
 34, 153, 28.92513820, 96.03794813,  99.9
 35, 153, 28.92320761, 96.03370811,  99.9
 36, 153, 28.92125062, 96.02941056,  99.9
 37, 153, 28.91926687, 96.02505469,  99.9
 38, 153, 28.91725598, 96.02063973,  99.9
 39, 153, 28.91521758, 96.01616487,   2.9
 40, 153, 28.91315130, 96.01162931,  99.9
 41, 153, 28.91105675, 96.00703221,  99.9
 42, 153, 28.90893354, 96.00237275,  99.9
 43, 153, 28.90678128, 95.99765008,  99.9
 44, 153, 28.90459957, 95.99286336,  99.9
 45, 153, 28.90238801, 95.98801171,  99.9
 46, 153, 28.90014617, 95.98309425,  99.9
 47, 153, 28.89787366, 95.97811010,  99.9
 48, 153, 28.89557003, 95.97305836,  99.9
 49, 153, 28.89323488, 95.96793811,  99.9
 50, 153, 28.89086775, 95.96274842,  99.9
 51, 153, 28.88846822, 95.95748836,  99.9
 52, 153, 28.88603583, 95.95215697,  99.9
 53, 153, 28.88357013, 95.94675330,  99.9
 54, 153, 28.88107066, 95.94127636,  99.9
 55, 153, 28.87853697, 95.93572516,  99.9
 56, 153, 28.87596856, 95.93009871,  99.9
 57, 153, 28.87336498, 95.92439599,  99.9
 58, 153, 28.87072573, 95.91861596,  99.9
 59, 153, 28.86805031, 95.91275758,  99.9
 60, 153, 28.86533824, 95.90681980,  99.9
 61, 153, 28.86258901, 95.90080154,  99.9
 62, 153, 28.85980209, 95.89470172,  99.9
 63, 153, 28.85697698, 95.88851923,  99.9
 64, 153, 28.85411315, 95.88225296,  99.9
 65, 153, 28.85121006, 95.87590177,  99.9
 66, 153, 28.84826716, 95.86946453,  99.9
 67, 153, 28.84528392, 95.86294007,   3.0
 68, 153, 28.84225976, 95.85632722,   2.9
 69, 153, 28.83919413, 95.84962478,   2.9
 70, 153, 28.83608646, 95.84283154,   2.9
 71, 153, 28.83293615, 95.83594628,   2.9
 72, 153, 28.82974263, 95.82896776,  99.9
 73, 153, 28.82650530, 95.82189472,   3.0
 74, 153, 28.82322354, 95.81472589,  99.9
 75, 153, 28.81989675, 95.80745998,   3.6
 76, 153, 28.81652430, 95.80009567,   3.7
 77, 153, 28.81310556, 95.79263164,   3.8
 78, 153, 28.80963989, 95.78506655,  99.9
 79, 153, 28.80612663, 95.77739904,  99.9
 80, 153, 28.80256514, 95.76962773,  99.9
 81, 153, 28.79895473, 95.76175121,  99.9
 82, 153, 28.79529474, 95.75376808,   4.2
 83, 153, 28.79158448, 95.74567690,   4.3
 84, 153, 28.78782325, 95.73747620,   4.4
 85, 153, 28.78401034, 95.72916453,   4.3
 86, 153, 28.78014504, 95.72074037,   4.2
 87, 153, 28.77622661, 95.71220223,   4.1
 88, 153, 28.77225433, 95.70354857,   4.0
 89, 153, 28.76822744, 95.69477783,  99.9
 90, 153, 28.76414519, 95.68588844,   4.1
 91, 153, 28.76000681, 95.67687880,   4.1
 92, 153, 28.75581152, 95.66774730,   4.1
 93, 153, 28.75155852, 95.65849230,   4.1
 94, 153, 28.74724702, 95.64911213,   4.1
 95, 153, 28.74287620, 95.63960512,   4.1
 96, 153, 28.73844525, 95.62996956,   4.1
 97, 153, 28.73395331, 95.62020373,   4.0
 98, 153, 28.72939954, 95.61030587,   4.0
 99, 153, 28.72478309, 95.60027421,   3.9
100, 153, 28.72010308, 95.59010696,   3.9
101, 153, 28.71535862, 95.57980229,   3.8
102, 153, 28.71054882, 95.56935837,   3.8
103, 153, 28.70567277, 95.55877331,   3.8
104, 153, 28.70072954, 95.54804523,   3.7
105, 153, 28.69571819, 95.53717222,   3.7
106, 153, 28.69063779, 95.52615231,   3.7
107, 153, 28.68548736, 95.51498356,   3.6
108, 153, 28.68026592, 95.50366396,   3.6
109, 153, 28.67497250, 95.49219148,   3.6
110, 153, 28.66960607, 95.48056408,   3.5
111, 153, 28.66416562, 95.46877969,   3.5
112, 153, 28.65865012, 95.45683621,   3.5
113, 153, 28.65305852, 95.44473149,   3.5
114, 153, 28.64738976, 95.43246338,   3.4
115, 153, 28.64164275, 95.42002970,   3.4
116, 153, 28.63581640, 95.40742823,   3.4
117, 153, 28.62990960, 95.39465673,   3.4
118, 153, 28.62392122, 95.38171291,   3.3
119, 153, 28.61785013, 95.36859448,   3.3
120, 153, 28.61169515, 95.35529910,   3.3
121, 153, 28.60545513, 95.34182441,   3.3
122, 153, 28.59912886, 95.32816801,   3.3
123, 153, 28.59271513, 95.31432746,   3.2
124, 153, 28.58621273, 95.30030032,   3.2
125, 153, 28.57962040, 95.28608410,   3.2
126, 153, 28.57293688, 95.27167625,   3.2
127, 153, 28.56616088, 95.25707424,   3.2
128, 153, 28.55929112, 95.24227547,   3.1
129, 153, 28.55232628, 95.22727731,   3.1
130, 153, 28.54526501, 95.21207710,   3.1
131, 153, 28.53810596, 95.19667216,   3.1
132, 153, 28.53084775, 95.18105975,   3.1
133, 153, 28.52348899, 95.16523710,   3.0
134, 153, 28.51602826, 95.14920143,   3.0
135, 153, 28.50846413, 95.13294989,   3.0
136, 153, 28.50079513, 95.11647960,   3.0
137, 153, 28.49301979, 95.09978766,   3.0
138, 153, 28.48513661, 95.08287113,   2.9
139, 153, 28.47714406, 95.06572700,   2.9
140, 153, 28.46904061, 95.04835226,   2.9
141, 153, 28.46082468, 95.03074384,   2.9
142, 153, 28.45249469, 95.01289864,   2.9
143, 153, 28.44404901, 94.99481351,   2.9
144, 153, 28.43548603, 94.97648526,   2.8
145, 153, 28.42680407, 94.95791067,   2.8
146, 153, 28.41800145, 94.93908648,   2.8
147, 153, 28.40907646, 94.92000936,   2.8
148, 153, 28.40002737, 94.90067598,   2.8
149, 153, 28.39085242, 94.88108292,   2.8
150, 153, 28.38154982, 94.86122675,   2.7
151, 153, 28.37211776, 94.84110399,   2.7
152, 153, 28.36255441, 94.82071111,   2.7
153, 153, 28.35285789, 94.80004453,   2.7
154, 153, 28.34302632, 94.77910063,   2.7
155, 153, 28.33305777, 94.75787575,   2.7
156, 153, 28.32295030, 94.73636617,   2.7
157, 153, 28.31270193, 94.71456813,   2.7
158, 153, 28.30231065, 94.69247782,   2.6
159, 153, 28.29177443, 94.67009139,   2.6
160, 153, 28.28109119, 94.64740492,   2.6
161, 153, 28.27025885, 94.62441446,   2.6
162, 153, 28.25927527, 94.60111600,   2.6
163, 153, 28.24813829, 94.57750548,   2.6
164, 153, 28.23684573, 94.55357880,   2.6
165, 153, 28.22539535, 94.52933179,   2.6
166, 153, 28.21378491, 94.50476023,   2.6
167, 153, 28.20201210, 94.47985986,   2.6
168, 153, 28.19007461, 94.45462636,   2.6
169, 153, 28.17797008, 94.42905534,   2.6
170, 153, 28.16569611, 94.40314238,   2.6
171, 153, 28.15325027, 94.37688299,   2.6
172, 153, 28.14063010, 94.35027262,   2.6
173, 153, 28.12783309, 94.32330667,   2.6
174, 153, 28.11485670, 94.29598048,   2.6
175, 153, 28.10169835, 94.26828933,   2.6
176, 153, 28.08835542, 94.24022845,   2.6
177, 153, 28.07482526, 94.21179299,   2.6
178, 153, 28.06110517, 94.18297807,   2.6
179, 153, 28.04719242, 94.15377871,   2.6
180, 153, 28.03308422, 94.12418990,   2.6
181, 153, 28.01877775, 94.09420656,   2.6
182, 153, 28.00427016, 94.06382354,   2.6
183, 153, 27.98955853, 94.03303563,   2.6
184, 153, 27.97463992, 94.00183755,   2.6
185, 153, 27.95951134, 93.97022396,   2.6
186, 153, 27.94416974, 93.93818946,   2.6
187, 153, 27.92861203, 93.90572857,   2.6
188, 153, 27.91283510, 93.87283575,   2.6
189, 153, 27.89683575, 93.83950539,   2.6
190, 153, 27.88061076, 93.80573181,   2.6
191, 153, 27.86415685, 93.77150927,   2.6
  1, 154, 28.97852426, 96.14875248,  99.9
  2, 154, 28.97732293, 96.14601661,  99.9
  3, 154, 28.97610519, 96.14324359,  99.9
  4, 154, 28.97487083, 96.14043289,  99.9
  5, 154, 28.97361962, 96.13758402,  99.9
  6, 154, 28.97235132, 96.13469646,  99.9
  7, 154, 28.97106570, 96.13176968,  99.9
  8, 154, 28.96976253, 96.12880315,  99.9
  9, 154, 28.96844156, 96.12579633,  99.9
 10, 154, 28.96710255, 96.12274868,  99.9
 11, 154, 28.96574524, 96.11965965,  99.9
 12, 154, 28.96436940, 96.11652866,  99.9
 13, 154, 28.96297477, 96.11335516,  99.9
 14, 154, 28.96156109, 96.11013856,  99.9
 15, 154, 28.96012809, 96.10687828,  99.9
 16, 154, 28.95867551, 96.10357374,  99.9
 17, 154, 28.95720309, 96.10022433,  99.9
 18, 154, 28.95571056, 96.09682944,  99.9
 19, 154, 28.95419762, 96.09338846,  99.9
 20, 154, 28.95266402, 96.08990076,  99.9
 21, 154, 28.95110945, 96.08636571,  99.9
 22, 154, 28.94953364, 96.08278267,  99.9
 23, 154, 28.94793630, 96.07915099,  99.9
 24, 154, 28.94631712, 96.07547000,  99.9
 25, 154, 28.94467581, 96.07173905,  99.9
 26, 154, 28.94301206, 96.06795746,  99.9
 27, 154, 28.94132557, 96.06412453,  99.9
 28, 154, 28.93961602, 96.06023958,  99.9
 29, 154, 28.93788310, 96.05630189,  99.9
 30, 154, 28.93612648, 96.05231077,  99.9
 31, 154, 28.93434584, 96.04826547,  99.9
 32, 154, 28.93254085, 96.04416527,  99.9
 33, 154, 28.93071118, 96.04000943,  99.9
 34, 154, 28.92885649, 96.03579720,  99.9
 35, 154, 28.92697642, 96.03152780,  99.9
 36, 154, 28.92507064, 96.02720046,  99.9
 37, 154, 28.92313879, 96.02281441,  99.9
 38, 154, 28.92118051, 96.01836885,  99.9
 39, 154, 28.91919543, 96.01386297,   2.8
 40, 154, 28.91718320, 96.00929595,  99.9
 41, 154, 28.91514343, 96.00466698,  99.9
 42, 154, 28.91307575, 95.99997520,  99.9
 43, 154, 28.91097976, 95.99521978,  99.9
 44, 154, 28.90885510, 95.99039984,  99.9
 45, 154, 28.90670134, 95.98551453,  99.9
 46, 154, 28.90451811, 95.98056294,  99.9
 47, 154, 28.90230499, 95.97554420,  99.9
 48, 154, 28.90006156, 95.97045739,  99.9
 49, 154, 28.89778742, 95.96530158,  99.9
 50, 154, 28.89548214, 95.96007585,  99.9
 51, 154, 28.89314528, 95.95477926,  99.9
 52, 154, 28.89077643, 95.94941084,  99.9
 53, 154, 28.88837512, 95.94396962,  99.9
 54, 154, 28.88594092, 95.93845462,  99.9
 55, 154, 28.88347337, 95.93286484,  99.9
 56, 154, 28.88097202, 95.92719928,  99.9
 57, 154, 28.87843639, 95.92145690,  99.9
 58, 154, 28.87586602, 95.91563668,  99.9
 59, 154, 28.87326042, 95.90973755,  99.9
 60, 154, 28.87061910, 95.90375846,  99.9
 61, 154, 28.86794158, 95.89769832,  99.9
 62, 154, 28.86522736, 95.89155605,  99.9
 63, 154, 28.86247592, 95.88533052,  99.9
 64, 154, 28.85968676, 95.87902062,  99.9
 65, 154, 28.85685935, 95.87262521,  99.9
 66, 154, 28.85399317, 95.86614313,  99.9
 67, 154, 28.85108767, 95.85957322,  99.9
 68, 154, 28.84814232, 95.85291428,  99.9
 69, 154, 28.84515657, 95.84616513,  99.9
 70, 154, 28.84212985, 95.83932453,  99.9
 71, 154, 28.83906159, 95.83239126,   3.0
 72, 154, 28.83595123, 95.82536407,   3.0
 73, 154, 28.83279819, 95.81824170,   3.1
 74, 154, 28.82960186, 95.81102285,  99.9
 75, 154, 28.82636165, 95.80370622,  99.9
 76, 154, 28.82307696, 95.79629051,  99.9
 77, 154, 28.81974717, 95.78877436,  99.9
 78, 154, 28.81637165, 95.78115644,  99.9
 79, 154, 28.81294977, 95.77343537,  99.9
 80, 154, 28.80948088, 95.76560975,  99.9
 81, 154, 28.80596435, 95.75767819,  99.9
 82, 154, 28.80239949, 95.74963925,   4.1
 83, 154, 28.79878565, 95.74149148,   4.2
 84, 154, 28.79512215, 95.73323343,   4.3
 85, 154, 28.79140829, 95.72486360,   4.3
 86, 154, 28.78764337, 95.71638049,   4.4
 87, 154, 28.78382670, 95.70778259,  99.9
 88, 154, 28.77995755, 95.69906833,  99.9
 89, 154, 28.77603518, 95.69023616,  99.9
 90, 154, 28.77205887, 95.68128449,   4.2
 91, 154, 28.76802785, 95.67221172,   4.2
 92, 154, 28.76394138, 95.66301620,   4.1
 93, 154, 28.75979868, 95.65369630,   4.1
 94, 154, 28.75559897, 95.64425034,   4.2
 95, 154, 28.75134145, 95.63467663,   4.1
 96, 154, 28.74702532, 95.62497345,   4.1
 97, 154, 28.74264976, 95.61513905,   4.1
 98, 154, 28.73821395, 95.60517169,   4.0
 99, 154, 28.73371705, 95.59506956,   4.0
100, 154, 28.72915820, 95.58483086,   3.9
101, 154, 28.72453655, 95.57445376,   3.9
102, 154, 28.71985121, 95.56393640,   3.8
103, 154, 28.71510131, 95.55327689,   3.8
104, 154, 28.71028593, 95.54247332,   3.8
105, 154, 28.70540416, 95.53152378,   3.7
106, 154, 28.70045509, 95.52042628,   3.7
107, 154, 28.69543776, 95.50917886,   3.6
108, 154, 28.69035123, 95.49777950,   3.6
109, 154, 28.68519452, 95.48622616,   3.6
110, 154, 28.67996667, 95.47451678,   3.6
111, 154, 28.67466666, 95.46264926,   3.5
112, 154, 28.66929350, 95.45062150,   3.5
113, 154, 28.66384616, 95.43843133,   3.5
114, 154, 28.65832360, 95.42607660,   3.5
115, 154, 28.65272477, 95.41355508,   3.4
116, 154, 28.64704859, 95.40086456,   3.4
117, 154, 28.64129400, 95.38800276,   3.4
118, 154, 28.63545988, 95.37496740,   3.4
119, 154, 28.62954513, 95.36175615,   3.3
120, 154, 28.62354861, 95.34836666,   3.3
121, 154, 28.61746917, 95.33479654,   3.3
122, 154, 28.61130565, 95.32104339,   3.3
123, 154, 28.60505688, 95.30710476,   3.3
124, 154, 28.59872164, 95.29297816,   3.2
125, 154, 28.59229873, 95.27866109,   3.2
126, 154, 28.58578692, 95.26415100,   3.2
127, 154, 28.57918495, 95.24944532,   3.2
128, 154, 28.57249156, 95.23454143,   3.1
129, 154, 28.56570546, 95.21943669,   3.1
130, 154, 28.55882534, 95.20412841,   3.1
131, 154, 28.55184988, 95.18861390,   3.1
132, 154, 28.54477774, 95.17289038,   3.1
133, 154, 28.53760755, 95.15695509,   3.0
134, 154, 28.53033793, 95.14080519,   3.0
135, 154, 28.52296748, 95.12443783,   3.0
136, 154, 28.51549477, 95.10785010,   3.0
137, 154, 28.50791836, 95.09103909,   3.0
138, 154, 28.50023679, 95.07400181,   3.0
139, 154, 28.49244857, 95.05673525,   2.9
140, 154, 28.48455218, 95.03923637,   2.9
141, 154, 28.47654610, 95.02150208,   2.9
142, 154, 28.46842878, 95.00352923,   2.9
143, 154, 28.46019865, 94.98531468,   2.9
144, 154, 28.45185409, 94.96685519,   2.9
145, 154, 28.44339350, 94.94814753,   2.8
146, 154, 28.43481522, 94.92918840,   2.8
147, 154, 28.42611759, 94.90997445,   2.8
148, 154, 28.41729891, 94.89050232,   2.8
149, 154, 28.40835746, 94.87076857,   2.8
150, 154, 28.39929150, 94.85076973,   2.8
151, 154, 28.39009926, 94.83050230,   2.7
152, 154, 28.38077894, 94.80996272,   2.7
153, 154, 28.37132872, 94.78914738,   2.7
154, 154, 28.36174675, 94.76805263,   2.7
155, 154, 28.35203116, 94.74667478,   2.7
156, 154, 28.34218003, 94.72501008,   2.7
157, 154, 28.33219144, 94.70305474,   2.7
158, 154, 28.32206342, 94.68080491,   2.7
159, 154, 28.31179398, 94.65825672,   2.6
160, 154, 28.30138111, 94.63540621,   2.6
161, 154, 28.29082275, 94.61224941,   2.6
162, 154, 28.28011683, 94.58878226,   2.6
163, 154, 28.26926123, 94.56500068,   2.6
164, 154, 28.25825380, 94.54090052,   2.6
165, 154, 28.24709239, 94.51647758,   2.6
166, 154, 28.23577477, 94.49172762,   2.6
167, 154, 28.22429870, 94.46664632,   2.6
168, 154, 28.21266192, 94.44122934,   2.6
169, 154, 28.20086212, 94.41547225,   2.6
170, 154, 28.18889696, 94.38937059,   2.6
171, 154, 28.17676405, 94.36291983,   2.6
172, 154, 28.16446098, 94.33611539,   2.6
173, 154, 28.15198532, 94.30895262,   2.6
174, 154, 28.13933456, 94.28142683,   2.6
175, 154, 28.12650620, 94.25353325,   2.6
176, 154, 28.11349766, 94.22526707,   2.6
177, 154, 28.10030635, 94.19662341,   2.6
178, 154, 28.08692963, 94.16759733,   2.6
179, 154, 28.07336482, 94.13818382,   2.6
180, 154, 28.05960920, 94.10837783,   2.6
181, 154, 28.04566002, 94.07817422,   2.6
182, 154, 28.03151447, 94.04756780,   2.6
183, 154, 28.01716970, 94.01655331,   2.6
184, 154, 28.00262284, 93.98512544,   2.6
185, 154, 27.98787095, 93.95327880,   2.6
186, 154, 27.97291105, 93.92100792,   2.6
187, 154, 27.95774013, 93.88830730,   2.6
188, 154, 27.94235512, 93.85517134,   2.6
189, 154, 27.92675290, 93.82159437,   2.6
190, 154, 27.91093032, 93.78757068,   2.6
191, 154, 27.89488416, 93.75309445,   2.6
  1, 155, 28.98092192, 96.14741399,  99.9
  2, 155, 28.97975319, 96.14465986,  99.9
  3, 155, 28.97856849, 96.14186832,  99.9
  4, 155, 28.97736762, 96.13903887,  99.9
  5, 155, 28.97615035, 96.13617098,  99.9
  6, 155, 28.97491645, 96.13326414,  99.9
  7, 155, 28.97366571, 96.13031781,  99.9
  8, 155, 28.97239788, 96.12733147,  99.9
  9, 155, 28.97111273, 96.12430458,  99.9
 10, 155, 28.96981003, 96.12123657,  99.9
 11, 155, 28.96848953, 96.11812690,  99.9
 12, 155, 28.96715100, 96.11497499,  99.9
 13, 155, 28.96579417, 96.11178028,  99.9
 14, 155, 28.96441881, 96.10854219,  99.9
 15, 155, 28.96302466, 96.10526013,  99.9
 16, 155, 28.96161146, 96.10193350,  99.9
 17, 155, 28.96017894, 96.09856170,  99.9
 18, 155, 28.95872685, 96.09514412,  99.9
 19, 155, 28.95725492, 96.09168013,  99.9
 20, 155, 28.95576287, 96.08816911,  99.9
 21, 155, 28.95425042, 96.08461042,  99.9
 22, 155, 28.95271730, 96.08100342,  99.9
 23, 155, 28.95116323, 96.07734744,  99.9
 24, 155, 28.94958791, 96.07364183,  99.9
 25, 155, 28.94799105, 96.06988592,  99.9
 26, 155, 28.94637236, 96.06607902,  99.9
 27, 155, 28.94473153, 96.06222044,  99.9
 28, 155, 28.94306827, 96.05830948,  99.9
 29, 155, 28.94138227, 96.05434544,  99.9
 30, 155, 28.93967320, 96.05032759,  99.9
 31, 155, 28.93794077, 96.04625521,  99.9
 32, 155, 28.93618463, 96.04212755,  99.9
 33, 155, 28.93440447, 96.03794388,  99.9
 34, 155, 28.93259997, 96.03370342,  99.9
 35, 155, 28.93077077, 96.02940542,  99.9
 36, 155, 28.92891655, 96.02504909,  99.9
 37, 155, 28.92703696, 96.02063365,  99.9
 38, 155, 28.92513164, 96.01615828,  99.9
 39, 155, 28.92320026, 96.01162220,   2.8
 40, 155, 28.92124244, 96.00702456,  99.9
 41, 155, 28.91925782, 96.00236454,  99.9
 42, 155, 28.91724604, 95.99764130,  99.9
 43, 155, 28.91520672, 95.99285398,  99.9
 44, 155, 28.91313948, 95.98800171,  99.9
 45, 155, 28.91104394, 95.98308361,  99.9
 46, 155, 28.90891970, 95.97809880,  99.9
 47, 155, 28.90676637, 95.97304637,  99.9
 48, 155, 28.90458356, 95.96792540,  99.9
 49, 155, 28.90237085, 95.96273498,  99.9
 50, 155, 28.90012783, 95.95747415,  99.9
 51, 155, 28.89785409, 95.95214198,  99.9
 52, 155, 28.89554919, 95.94673749,  99.9
 53, 155, 28.89321272, 95.94125971,  99.9
 54, 155, 28.89084423, 95.93570765,  99.9
 55, 155, 28.88844329, 95.93008030,  99.9
 56, 155, 28.88600944, 95.92437665,  99.9
 57, 155, 28.88354223, 95.91859566,  99.9
 58, 155, 28.88104121, 95.91273629,  99.9
 59, 155, 28.87850590, 95.90679748,  99.9
 60, 155, 28.87593582, 95.90077816,  99.9
 61, 155, 28.87333051, 95.89467724,  99.9
 62, 155, 28.87068948, 95.88849362,  99.9
 63, 155, 28.86801222, 95.88222618,  99.9
 64, 155, 28.86529824, 95.87587379,  99.9
 65, 155, 28.86254704, 95.86943531,  99.9
 66, 155, 28.85975809, 95.86290956,  99.9
 67, 155, 28.85693087, 95.85629538,  99.9
 68, 155, 28.85406487, 95.84959157,  99.9
 69, 155, 28.85115953, 95.84279691,  99.9
 70, 155, 28.84821432, 95.83591020,  99.9
 71, 155, 28.84522867, 95.82893017,  99.9
 72, 155, 28.84220205, 95.82185558,  99.9
 73, 155, 28.83913387, 95.81468514,  99.9
 74, 155, 28.83602356, 95.80741757,  99.9
 75, 155, 28.83287053, 95.80005156,  99.9
 76, 155, 28.82967420, 95.79258577,  99.9
 77, 155, 28.82643397, 95.78501886,  99.9
 78, 155, 28.82314922, 95.77734948,  99.9
 79, 155, 28.81981934, 95.76957623,  99.9
 80, 155, 28.81644370, 95.76169772,  99.9
 81, 155, 28.81302167, 95.75371254,  99.9
 82, 155, 28.80955260, 95.74561923,  99.9
 83, 155, 28.80603585, 95.73741635,   4.1
 84, 155, 28.80247075, 95.72910242,   4.2
 85, 155, 28.79885662, 95.72067595,   4.4
 86, 155, 28.79519279, 95.71213541,   4.4
 87, 155, 28.79147856, 95.70347928,  99.9
 88, 155, 28.78771324, 95.69470600,  99.9
 89, 155, 28.78389612, 95.68581399,  99.9
 90, 155, 28.78002647, 95.67680165,   4.2
 91, 155, 28.77610357, 95.66766736,   4.2
 92, 155, 28.77212667, 95.65840949,   4.2
 93, 155, 28.76809502, 95.64902636,   4.2
 94, 155, 28.76400786, 95.63951631,   4.2
 95, 155, 28.75986442, 95.62987761,   4.2
 96, 155, 28.75566391, 95.62010854,   4.1
 97, 155, 28.75140554, 95.61020735,   4.1
 98, 155, 28.74708850, 95.60017226,   4.0
 99, 155, 28.74271197, 95.59000147,   4.0
100, 155, 28.73827513, 95.57969316,   3.9
101, 155, 28.73377713, 95.56924549,   3.9
102, 155, 28.72921712, 95.55865657,   3.9
103, 155, 28.72459423, 95.54792451,   3.8
104, 155, 28.71990759, 95.53704740,   3.8
105, 155, 28.71515630, 95.52602327,   3.7
106, 155, 28.71033946, 95.51485017,   3.7
107, 155, 28.70545616, 95.50352609,   3.7
108, 155, 28.70050546, 95.49204901,   3.6
109, 155, 28.69548642, 95.48041687,   3.6
110, 155, 28.69039810, 95.46862760,   3.6
111, 155, 28.68523951, 95.45667908,   3.5
112, 155, 28.68000967, 95.44456919,   3.5
113, 155, 28.67470759, 95.43229575,   3.5
114, 155, 28.66933225, 95.41985658,   3.5
115, 155, 28.66388262, 95.40724947,   3.4
116, 155, 28.65835767, 95.39447215,   3.4
117, 155, 28.65275634, 95.38152235,   3.4
118, 155, 28.64707756, 95.36839776,   3.4
119, 155, 28.64132023, 95.35509604,   3.4
120, 155, 28.63548326, 95.34161483,   3.3
121, 155, 28.62956553, 95.32795171,   3.3
122, 155, 28.62356590, 95.31410426,   3.3
123, 155, 28.61748321, 95.30007001,   3.3
124, 155, 28.61131632, 95.28584647,   3.2
125, 155, 28.60506401, 95.27143110,   3.2
126, 155, 28.59872511, 95.25682134,   3.2
127, 155, 28.59229838, 95.24201459,   3.2
128, 155, 28.58578258, 95.22700823,   3.2
129, 155, 28.57917647, 95.21179959,   3.1
130, 155, 28.57247877, 95.19638597,   3.1
131, 155, 28.56568819, 95.18076462,   3.1
132, 155, 28.55880341, 95.16493279,   3.1
133, 155, 28.55182311, 95.14888767,   3.1
134, 155, 28.54474594, 95.13262640,   3.0
135, 155, 28.53757053, 95.11614612,   3.0
136, 155, 28.53029549, 95.09944389,   3.0
137, 155, 28.52291940, 95.08251677,   3.0
138, 155, 28.51544085, 95.06536176,   3.0
139, 155, 28.50785838, 95.04797583,   3.0
140, 155, 28.50017051, 95.03035589,   2.9
141, 155, 28.49237576, 95.01249885,   2.9
142, 155, 28.48447261, 94.99440154,   2.9
143, 155, 28.47645952, 94.97606077,   2.9
144, 155, 28.46833494, 94.95747330,   2.9
145, 155, 28.46009727, 94.93863586,   2.8
146, 155, 28.45174491, 94.91954512,   2.8
147, 155, 28.44327624, 94.90019772,   2.8
148, 155, 28.43468959, 94.88059026,   2.8
149, 155, 28.42598330, 94.86071929,   2.8
150, 155, 28.41715565, 94.84058130,   2.8
151, 155, 28.40820492, 94.82017276,   2.8
152, 155, 28.39912935, 94.79949008,   2.7
153, 155, 28.38992717, 94.77852962,   2.7
154, 155, 28.38059657, 94.75728772,   2.7
155, 155, 28.37113571, 94.73576065,   2.7
156, 155, 28.36154274, 94.71394462,   2.7
157, 155, 28.35181576, 94.69183581,   2.7
158, 155, 28.34195287, 94.66943037,   2.7
159, 155, 28.33195212, 94.64672435,   2.7
160, 155, 28.32181153, 94.62371380,   2.6
161, 155, 28.31152911, 94.60039469,   2.6
162, 155, 28.30110281, 94.57676294,   2.6
163, 155, 28.29053058, 94.55281444,   2.6
164, 155, 28.27981033, 94.52854500,   2.6
165, 155, 28.26893993, 94.50395039,   2.6
166, 155, 28.25791722, 94.47902632,   2.6
167, 155, 28.24674001, 94.45376846,   2.6
168, 155, 28.23540609, 94.42817241,   2.6
169, 155, 28.22391320, 94.40223373,   2.6
170, 155, 28.21225904, 94.37594789,   2.6
171, 155, 28.20044130, 94.34931035,   2.6
172, 155, 28.18845762, 94.32231647,   2.6
173, 155, 28.17630560, 94.29496159,   2.6
174, 155, 28.16398281, 94.26724095,   2.6
175, 155, 28.15148680, 94.23914976,   2.6
176, 155, 28.13881505, 94.21068317,   2.6
177, 155, 28.12596502, 94.18183624,   2.6
178, 155, 28.11293414, 94.15260400,   2.6
179, 155, 28.09971978, 94.12298141,   2.6
180, 155, 28.08631928, 94.09296335,   2.6
181, 155, 28.07272996, 94.06254466,   2.6
182, 155, 28.05894906, 94.03172010,   2.6
183, 155, 28.04497381, 94.00048437,   2.6
184, 155, 28.03080138, 93.96883210,   2.6
185, 155, 28.01642890, 93.93675785,   2.6
186, 155, 28.00185347, 93.90425613,   2.6
187, 155, 27.98707213, 93.87132137,   2.6
188, 155, 27.97208188, 93.83794792,   2.6
189, 155, 27.95687968, 93.80413007,   2.6
190, 155, 27.94146242, 93.76986206,   2.6
191, 155, 27.92582698, 93.73513802,   2.7
  1, 156, 28.98333526, 96.14611240,  99.9
  2, 156, 28.98219933, 96.14334052,  99.9
  3, 156, 28.98104789, 96.14053098,  99.9
  4, 156, 28.97988073, 96.13768327,  99.9
  5, 156, 28.97869762, 96.13479689,  99.9
  6, 156, 28.97749836, 96.13187129,  99.9
  7, 156, 28.97628271, 96.12890596,  99.9
  8, 156, 28.97505046, 96.12590036,  99.9
  9, 156, 28.97380137, 96.12285393,  99.9
 10, 156, 28.97253522, 96.11976612,  99.9
 11, 156, 28.97125177, 96.11663638,  99.9
 12, 156, 28.96995078, 96.11346413,  99.9
 13, 156, 28.96863202, 96.11024880,  99.9
 14, 156, 28.96729523, 96.10698980,  99.9
 15, 156, 28.96594018, 96.10368655,  99.9
 16, 156, 28.96456661, 96.10033843,  99.9
 17, 156, 28.96317426, 96.09694486,  99.9
 18, 156, 28.96176289, 96.09350520,  99.9
 19, 156, 28.96033222, 96.09001883,  99.9
 20, 156, 28.95888200, 96.08648513,  99.9
 21, 156, 28.95741195, 96.08290344,  99.9
 22, 156, 28.95592180, 96.07927313,  99.9
 23, 156, 28.95441128, 96.07559352,  99.9
 24, 156, 28.95288010, 96.07186396,  99.9
 25, 156, 28.95132799, 96.06808377,  99.9
 26, 156, 28.94975465, 96.06425225,  99.9
 27, 156, 28.94815980, 96.06036872,  99.9
 28, 156, 28.94654313, 96.05643247,  99.9
 29, 156, 28.94490435, 96.05244279,  99.9
 30, 156, 28.94324315, 96.04839894,  99.9
 31, 156, 28.94155923, 96.04430021,  99.9
 32, 156, 28.93985227, 96.04014585,  99.9
 33, 156, 28.93812195, 96.03593510,  99.9
 34, 156, 28.93636796, 96.03166719,  99.9
 35, 156, 28.93458997, 96.02734136,  99.9
 36, 156, 28.93278765, 96.02295683,  99.9
 37, 156, 28.93096066, 96.01851279,  99.9
 38, 156, 28.92910866, 96.01400844,  99.9
 39, 156, 28.92723132, 96.00944297,   2.8
 40, 156, 28.92532827, 96.00481555,  99.9
 41, 156, 28.92339917, 96.00012533,  99.9
 42, 156, 28.92144366, 95.99537148,  99.9
 43, 156, 28.91946137, 95.99055312,  99.9
 44, 156, 28.91745194, 95.98566939,  99.9
 45, 156, 28.91541499, 95.98071941,  99.9
 46, 156, 28.91335014, 95.97570227,  99.9
 47, 156, 28.91125701, 95.97061706,  99.9
 48, 156, 28.90913520, 95.96546287,  99.9
 49, 156, 28.90698433, 95.96023877,  99.9
 50, 156, 28.90480399, 95.95494380,  99.9
 51, 156, 28.90259377, 95.94957702,  99.9
 52, 156, 28.90035326, 95.94413744,  99.9
 53, 156, 28.89808205, 95.93862409,  99.9
 54, 156, 28.89577971, 95.93303597,  99.9
 55, 156, 28.89344581, 95.92737206,  99.9
 56, 156, 28.89107991, 95.92163135,  99.9
 57, 156, 28.88868158, 95.91581279,  99.9
 58, 156, 28.88625036, 95.90991534,  99.9
 59, 156, 28.88378580, 95.90393792,  99.9
 60, 156, 28.88128744, 95.89787946,  99.9
 61, 156, 28.87875482, 95.89173886,  99.9
 62, 156, 28.87618745, 95.88551501,  99.9
 63, 156, 28.87358486, 95.87920679,  99.9
 64, 156, 28.87094657, 95.87281306,  99.9
 65, 156, 28.86827207, 95.86633266,  99.9
 66, 156, 28.86556087, 95.85976443,  99.9
 67, 156, 28.86281245, 95.85310717,  99.9
 68, 156, 28.86002632, 95.84635969,  99.9
 69, 156, 28.85720193, 95.83952076,  99.9
 70, 156, 28.85433876, 95.83258916,  99.9
 71, 156, 28.85143628, 95.82556364,  99.9
 72, 156, 28.84849394, 95.81844292,  99.9
 73, 156, 28.84551119, 95.81122572,  99.9
 74, 156, 28.84248747, 95.80391074,  99.9
 75, 156, 28.83942220, 95.79649666,  99.9
 76, 156, 28.83631482, 95.78898215,  99.9
 77, 156, 28.83316474, 95.78136584,  99.9
 78, 156, 28.82997136, 95.77364638,  99.9
 79, 156, 28.82673409, 95.76582235,  99.9
 80, 156, 28.82345232, 95.75789237,  99.9
 81, 156, 28.82012543, 95.74985500,  99.9
 82, 156, 28.81675279, 95.74170879,   4.0
 83, 156, 28.81333376, 95.73345227,   4.1
 84, 156, 28.80986771, 95.72508396,   4.1
 85, 156, 28.80635398, 95.71660236,  99.9
 86, 156, 28.80279190, 95.70800593,  99.9
 87, 156, 28.79918081, 95.69929313,  99.9
 88, 156, 28.79552002, 95.69046240,  99.9
 89, 156, 28.79180884, 95.68151214,  99.9
 90, 156, 28.78804657, 95.67244074,   4.1
 91, 156, 28.78423249, 95.66324659,   3.9
 92, 156, 28.78036589, 95.65392802,   4.2
 93, 156, 28.77644604, 95.64448336,   4.2
 94, 156, 28.77247219, 95.63491091,   4.2
 95, 156, 28.76844358, 95.62520895,   4.2
 96, 156, 28.76435947, 95.61537575,   4.2
 97, 156, 28.76021906, 95.60540954,   4.1
 98, 156, 28.75602159, 95.59530853,   4.1
 99, 156, 28.75176624, 95.58507090,   4.0
100, 156, 28.74745222, 95.57469483,   4.0
101, 156, 28.74307869, 95.56417845,   3.9
102, 156, 28.73864484, 95.55351987,   3.9
103, 156, 28.73414982, 95.54271719,   3.8
104, 156, 28.72959277, 95.53176847,   3.8
105, 156, 28.72497283, 95.52067175,   3.8
106, 156, 28.72028912, 95.50942504,   3.7
107, 156, 28.71554074, 95.49802633,   3.7
108, 156, 28.71072678, 95.48647358,   3.7
109, 156, 28.70584634, 95.47476472,   3.6
110, 156, 28.70089848, 95.46289766,   3.6
111, 156, 28.69588225, 95.45087027,   3.6
112, 156, 28.69079670, 95.43868041,   3.5
113, 156, 28.68564085, 95.42632589,   3.5
114, 156, 28.68041372, 95.41380452,   3.5
115, 156, 28.67511431, 95.40111405,   3.5
116, 156, 28.66974159, 95.38825222,   3.4
117, 156, 28.66429456, 95.37521673,   3.4
118, 156, 28.65877215, 95.36200525,   3.4
119, 156, 28.65317331, 95.34861544,   3.4
120, 156, 28.64749696, 95.33504490,   3.4
121, 156, 28.64174202, 95.32129121,   3.3
122, 156, 28.63590738, 95.30735192,   3.3
123, 156, 28.62999191, 95.29322456,   3.3
124, 156, 28.62399448, 95.27890659,   3.3
125, 156, 28.61791394, 95.26439549,   3.2
126, 156, 28.61174910, 95.24968866,   3.2
127, 156, 28.60549879, 95.23478348,   3.2
128, 156, 28.59916180, 95.21967731,   3.2
129, 156, 28.59273690, 95.20436747,   3.2
130, 156, 28.58622285, 95.18885123,   3.1
131, 156, 28.57961839, 95.17312583,   3.1
132, 156, 28.57292225, 95.15718850,   3.1
133, 156, 28.56613312, 95.14103638,   3.1
134, 156, 28.55924970, 95.12466663,   3.1
135, 156, 28.55227064, 95.10807634,   3.0
136, 156, 28.54519460, 95.09126257,   3.0
137, 156, 28.53802020, 95.07422234,   3.0
138, 156, 28.53074605, 95.05695263,   3.0
139, 156, 28.52337073, 95.03945039,   3.0
140, 156, 28.51589280, 95.02171252,   3.0
141, 156, 28.50831082, 95.00373588,   2.9
142, 156, 28.50062329, 94.98551729,   2.9
143, 156, 28.49282873, 94.96705355,   2.9
144, 156, 28.48492561, 94.94834137,   2.9
145, 156, 28.47691238, 94.92937747,   2.9
146, 156, 28.46878749, 94.91015849,   2.8
147, 156, 28.46054933, 94.89068105,   2.8
148, 156, 28.45219630, 94.87094172,   2.8
149, 156, 28.44372676, 94.85093701,   2.8
150, 156, 28.43513905, 94.83066341,   2.8
151, 156, 28.42643148, 94.81011734,   2.8
152, 156, 28.41760234, 94.78929520,   2.8
153, 156, 28.40864989, 94.76819331,   2.7
154, 156, 28.39957238, 94.74680798,   2.7
155, 156, 28.39036800, 94.72513545,   2.7
156, 156, 28.38103496, 94.70317192,   2.7
157, 156, 28.37157140, 94.68091353,   2.7
158, 156, 28.36197546, 94.65835638,   2.7
159, 156, 28.35224523, 94.63549652,   2.7
160, 156, 28.34237880, 94.61232994,   2.7
161, 156, 28.33237420, 94.58885260,   2.6
162, 156, 28.32222946, 94.56506038,   2.6
163, 156, 28.31194256, 94.54094913,   2.6
164, 156, 28.30151146, 94.51651464,   2.6
165, 156, 28.29093408, 94.49175264,   2.6
166, 156, 28.28020832, 94.46665881,   2.6
167, 156, 28.26933203, 94.44122878,   2.6
168, 156, 28.25830306, 94.41545812,   2.6
169, 156, 28.24711919, 94.38934234,   2.6
170, 156, 28.23577820, 94.36287689,   2.6
171, 156, 28.22427781, 94.33605719,   2.6
172, 156, 28.21261572, 94.30887856,   2.6
173, 156, 28.20078960, 94.28133629,   2.6
174, 156, 28.18879706, 94.25342561,   2.6
175, 156, 28.17663570, 94.22514167,   2.6
176, 156, 28.16430308, 94.19647958,   2.6
177, 156, 28.15179671, 94.16743437,   2.6
178, 156, 28.13911408, 94.13800102,   2.6
179, 156, 28.12625261, 94.10817445,   2.6
180, 156, 28.11320972, 94.07794951,   2.6
181, 156, 28.09998276, 94.04732097,   2.6
182, 156, 28.08656906, 94.01628357,   2.6
183, 156, 28.07296590, 93.98483196,   2.6
184, 156, 28.05917053, 93.95296072,   2.6
185, 156, 28.04518013, 93.92066437,   2.6
186, 156, 28.03099186, 93.88793737,   2.6
187, 156, 28.01660284, 93.85477410,   2.6
188, 156, 28.00201012, 93.82116888,   2.6
189, 156, 27.98721074, 93.78711593,   2.6
190, 156, 27.97220167, 93.75260945,   2.6
191, 156, 27.95697984, 93.71764352,   2.7
  1, 157, 28.98576383, 96.14484797,  99.9
  2, 157, 28.98466092, 96.14205882,  99.9
  3, 157, 28.98354295, 96.13923179,  99.9
  4, 157, 28.98240970, 96.13636636,  99.9
  5, 157, 28.98126098, 96.13346200,  99.9
  6, 157, 28.98009656, 96.13051819,  99.9
  7, 157, 28.97891624, 96.12753439,  99.9
  8, 157, 28.97771979, 96.12451006,  99.9
  9, 157, 28.97650699, 96.12144465,  99.9
 10, 157, 28.97527762, 96.11833761,  99.9
 11, 157, 28.97403145, 96.11518836,  99.9
 12, 157, 28.97276825, 96.11199634,  99.9
 13, 157, 28.97148779, 96.10876097,  99.9
 14, 157, 28.97018982, 96.10548166,  99.9
 15, 157, 28.96887412, 96.10215782,  99.9
 16, 157, 28.96754043, 96.09878883,  99.9
 17, 157, 28.96618851, 96.09537409,  99.9
 18, 157, 28.96481810, 96.09191298,  99.9
 19, 157, 28.96342897, 96.08840487,  99.9
 20, 157, 28.96202083, 96.08484913,  99.9
 21, 157, 28.96059345, 96.08124510,  99.9
 22, 157, 28.95914655, 96.07759213,  99.9
 23, 157, 28.95767986, 96.07388956,  99.9
 24, 157, 28.95619311, 96.07013673,  99.9
 25, 157, 28.95468602, 96.06633293,  99.9
 26, 157, 28.95315833, 96.06247750,  99.9
 27, 157, 28.95160973, 96.05856972,  99.9
 28, 157, 28.95003995, 96.05460889,  99.9
 29, 157, 28.94844870, 96.05059429,  99.9
 30, 157, 28.94683567, 96.04652519,  99.9
 31, 157, 28.94520057, 96.04240085,  99.9
 32, 157, 28.94354310, 96.03822053,  99.9
 33, 157, 28.94186294, 96.03398346,  99.9
 34, 157, 28.94015979, 96.02968889,  99.9
 35, 157, 28.93843333, 96.02533602,  99.9
 36, 157, 28.93668324, 96.02092407,  99.9
 37, 157, 28.93490918, 96.01645224,  99.9
 38, 157, 28.93311084, 96.01191972,   2.8
 39, 157, 28.93128788, 96.00732570,   2.8
 40, 157, 28.92943996, 96.00266932,  99.9
 41, 157, 28.92756673, 95.99794976,  99.9
 42, 157, 28.92566785, 95.99316615,  99.9
 43, 157, 28.92374296, 95.98831764,  99.9
 44, 157, 28.92179170, 95.98340334,  99.9
 45, 157, 28.91981372, 95.97842236,  99.9
 46, 157, 28.91780863, 95.97337379,  99.9
 47, 157, 28.91577608, 95.96825674,  99.9
 48, 157, 28.91371567, 95.96307026,  99.9
 49, 157, 28.91162703, 95.95781342,  99.9
 50, 157, 28.90950976, 95.95248527,  99.9
 51, 157, 28.90736347, 95.94708485,  99.9
 52, 157, 28.90518776, 95.94161117,  99.9
 53, 157, 28.90298223, 95.93606324,  99.9
 54, 157, 28.90074645, 95.93044007,  99.9
 55, 157, 28.89848002, 95.92474063,  99.9
 56, 157, 28.89618251, 95.91896390,  99.9
 57, 157, 28.89385349, 95.91310882,  99.9
 58, 157, 28.89149252, 95.90717435,  99.9
 59, 157, 28.88909917, 95.90115940,  99.9
 60, 157, 28.88667298, 95.89506289,  99.9
 61, 157, 28.88421351, 95.88888372,  99.9
 62, 157, 28.88172028, 95.88262077,  99.9
 63, 157, 28.87919284, 95.87627291,  99.9
 64, 157, 28.87663071, 95.86983899,  99.9
 65, 157, 28.87403341, 95.86331785,  99.9
 66, 157, 28.87140045, 95.85670831,  99.9
 67, 157, 28.86873135, 95.85000918,  99.9
 68, 157, 28.86602559, 95.84321925,  99.9
 69, 157, 28.86328267, 95.83633729,  99.9
 70, 157, 28.86050208, 95.82936206,  99.9
 71, 157, 28.85768329, 95.82229230,  99.9
 72, 157, 28.85482578, 95.81512673,  99.9
 73, 157, 28.85192900, 95.80786407,  99.9
 74, 157, 28.84899242, 95.80050300,  99.9
 75, 157, 28.84601547, 95.79304220,  99.9
 76, 157, 28.84299761, 95.78548031,  99.9
 77, 157, 28.83993826, 95.77781598,  99.9
 78, 157, 28.83683684, 95.77004782,  99.9
 79, 157, 28.83369278, 95.76217444,  99.9
 80, 157, 28.83050548, 95.75419441,  99.9
 81, 157, 28.82727433, 95.74610630,  99.9
 82, 157, 28.82399873, 95.73790864,  99.9
 83, 157, 28.82067807, 95.72959997,  99.9
 84, 157, 28.81731171, 95.72117879,  99.9
 85, 157, 28.81389901, 95.71264358,  99.9
 86, 157, 28.81043935, 95.70399281,  99.9
 87, 157, 28.80693205, 95.69522491,  99.9
 88, 157, 28.80337646, 95.68633831,  99.9
 89, 157, 28.79977190, 95.67733142,  99.9
 90, 157, 28.79611769, 95.66820260,  99.9
 91, 157, 28.79241315, 95.65895023,   3.9
 92, 157, 28.78865756, 95.64957263,   4.1
 93, 157, 28.78485022, 95.64006813,   4.2
 94, 157, 28.78099041, 95.63043501,   4.2
 95, 157, 28.77707738, 95.62067154,   4.2
 96, 157, 28.77311041, 95.61077597,   4.2
 97, 157, 28.76908873, 95.60074653,   4.1
 98, 157, 28.76501159, 95.59058140,   4.1
 99, 157, 28.76087821, 95.58027878,   4.1
100, 157, 28.75668779, 95.56983680,   4.0
101, 157, 28.75243955, 95.55925360,   4.0
102, 157, 28.74813268, 95.54852728,   3.9
103, 157, 28.74376635, 95.53765590,   3.9
104, 157, 28.73933974, 95.52663754,   3.8
105, 157, 28.73485199, 95.51547021,   3.8
106, 157, 28.73030226, 95.50415190,   3.8
107, 157, 28.72568967, 95.49268060,   3.7
108, 157, 28.72101335, 95.48105425,   3.7
109, 157, 28.71627240, 95.46927076,   3.6
110, 157, 28.71146591, 95.45732803,   3.6
111, 157, 28.70659297, 95.44522393,   3.6
112, 157, 28.70165264, 95.43295628,   3.6
113, 157, 28.69664397, 95.42052289,   3.5
114, 157, 28.69156601, 95.40792154,   3.5
115, 157, 28.68641778, 95.39514999,   3.5
116, 157, 28.68119830, 95.38220594,   3.5
117, 157, 28.67590656, 95.36908708,   3.4
118, 157, 28.67054154, 95.35579108,   3.4
119, 157, 28.66510222, 95.34231555,   3.4
120, 157, 28.65958754, 95.32865810,   3.4
121, 157, 28.65399645, 95.31481629,   3.3
122, 157, 28.64832787, 95.30078766,   3.3
123, 157, 28.64258071, 95.28656969,   3.3
124, 157, 28.63675386, 95.27215986,   3.3
125, 157, 28.63084619, 95.25755560,   3.3
126, 157, 28.62485656, 95.24275431,   3.2
127, 157, 28.61878382, 95.22775335,   3.2
128, 157, 28.61262679, 95.21255007,   3.2
129, 157, 28.60638428, 95.19714174,   3.2
130, 157, 28.60005508, 95.18152564,   3.2
131, 157, 28.59363797, 95.16569898,   3.1
132, 157, 28.58713169, 95.14965896,   3.1
133, 157, 28.58053499, 95.13340273,   3.1
134, 157, 28.57384659, 95.11692740,   3.1
135, 157, 28.56706518, 95.10023004,   3.1
136, 157, 28.56018945, 95.08330770,   3.0
137, 157, 28.55321806, 95.06615738,   3.0
138, 157, 28.54614964, 95.04877603,   3.0
139, 157, 28.53898283, 95.03116058,   3.0
140, 157, 28.53171622, 95.01330791,   3.0
141, 157, 28.52434840, 94.99521485,   2.9
142, 157, 28.51687791, 94.97687821,   2.9
143, 157, 28.50930332, 94.95829474,   2.9
144, 157, 28.50162312, 94.93946116,   2.9
145, 157, 28.49383581, 94.92037415,   2.9
146, 157, 28.48593988, 94.90103032,   2.9
147, 157, 28.47793376, 94.88142627,   2.8
148, 157, 28.46981589, 94.86155854,   2.8
149, 157, 28.46158467, 94.84142363,   2.8
150, 157, 28.45323848, 94.82101797,   2.8
151, 157, 28.44477568, 94.80033800,   2.8
152, 157, 28.43619460, 94.77938005,   2.8
153, 157, 28.42749354, 94.75814044,   2.8
154, 157, 28.41867079, 94.73661544,   2.7
155, 157, 28.40972460, 94.71480126,   2.7
156, 157, 28.40065320, 94.69269407,   2.7
157, 157, 28.39145481, 94.67028999,   2.7
158, 157, 28.38212759, 94.64758509,   2.7
159, 157, 28.37266969, 94.62457538,   2.7
160, 157, 28.36307923, 94.60125684,   2.7
161, 157, 28.35335432, 94.57762537,   2.7
162, 157, 28.34349301, 94.55367684,   2.6
163, 157, 28.33349334, 94.52940706,   2.6
164, 157, 28.32335331, 94.50481178,   2.6
165, 157, 28.31307091, 94.47988671,   2.6
166, 157, 28.30264408, 94.45462749,   2.6
167, 157, 28.29207072, 94.42902972,   2.6
168, 157, 28.28134874, 94.40308893,   2.6
169, 157, 28.27047597, 94.37680060,   2.6
170, 157, 28.25945024, 94.35016015,   2.6
171, 157, 28.24826933, 94.32316294,   2.6
172, 157, 28.23693099, 94.29580428,   2.6
173, 157, 28.22543295, 94.26807941,   2.6
174, 157, 28.21377288, 94.23998352,   2.6
175, 157, 28.20194844, 94.21151172,   2.6
176, 157, 28.18995723, 94.18265909,   2.6
177, 157, 28.17779684, 94.15342062,   2.6
178, 157, 28.16546479, 94.12379125,   2.6
179, 157, 28.15295860, 94.09376585,   2.6
180, 157, 28.14027572, 94.06333924,   2.6
181, 157, 28.12741358, 94.03250614,   2.6
182, 157, 28.11436957, 94.00126124,   2.6
183, 157, 28.10114103, 93.96959916,   2.6
184, 157, 28.08772526, 93.93751443,   2.6
185, 157, 28.07411953, 93.90500153,   2.6
186, 157, 28.06032105, 93.87205487,   2.6
187, 157, 28.04632701, 93.83866879,   2.6
188, 157, 28.03213454, 93.80483754,   2.6
189, 157, 28.01774073, 93.77055533,   2.6
190, 157, 28.00314262, 93.73581627,   2.7
191, 157, 27.98833722, 93.70061443,   2.7
  1, 158, 28.98820719, 96.14362091,  99.9
  2, 158, 28.98713750, 96.14081502,  99.9
  3, 158, 28.98605320, 96.13797101,  99.9
  4, 158, 28.98495408, 96.13508837,  99.9
  5, 158, 28.98383995, 96.13216656,  99.9
  6, 158, 28.98271060, 96.12920506,  99.9
  7, 158, 28.98156581, 96.12620334,  99.9
  8, 158, 28.98040538, 96.12316084,  99.9
  9, 158, 28.97922909, 96.12007701,  99.9
 10, 158, 28.97803673, 96.11695129,  99.9
 11, 158, 28.97682807, 96.11378312,  99.9
 12, 158, 28.97560289, 96.11057191,  99.9
 13, 158, 28.97436096, 96.10731709,  99.9
 14, 158, 28.97310205, 96.10401806,  99.9
 15, 158, 28.97182594, 96.10067422,  99.9
 16, 158, 28.97053237, 96.09728498,  99.9
 17, 158, 28.96922112, 96.09384970,  99.9
 18, 158, 28.96789194, 96.09036777,  99.9
 19, 158, 28.96654459, 96.08683855,  99.9
 20, 158, 28.96517881, 96.08326141,  99.9
 21, 158, 28.96379435, 96.07963569,  99.9
 22, 158, 28.96239096, 96.07596073,  99.9
 23, 158, 28.96096836, 96.07223588,  99.9
 24, 158, 28.95952631, 96.06846044,  99.9
 25, 158, 28.95806454, 96.06463374,  99.9
 26, 158, 28.95658276, 96.06075509,  99.9
 27, 158, 28.95508071, 96.05682377,  99.9
 28, 158, 28.95355811, 96.05283908,  99.9
 29, 158, 28.95201467, 96.04880029,  99.9
 30, 158, 28.95045010, 96.04470667,  99.9
 31, 158, 28.94886413, 96.04055748,  99.9
 32, 158, 28.94725645, 96.03635195,  99.9
 33, 158, 28.94562676, 96.03208934,  99.9
 34, 158, 28.94397476, 96.02776887,  99.9
 35, 158, 28.94230014, 96.02338975,  99.9
 36, 158, 28.94060260, 96.01895119,  99.9
 37, 158, 28.93888181, 96.01445238,  99.9
 38, 158, 28.93713746, 96.00989252,   2.7
 39, 158, 28.93536921, 96.00527076,  99.9
 40, 158, 28.93357675, 96.00058628,  99.9
 41, 158, 28.93175974, 95.99583823,  99.9
 42, 158, 28.92991783, 95.99102574,  99.9
 43, 158, 28.92805069, 95.98614794,  99.9
 44, 158, 28.92615797, 95.98120396,  99.9
 45, 158, 28.92423931, 95.97619288,  99.9
 46, 158, 28.92229436, 95.97111382,  99.9
 47, 158, 28.92032275, 95.96596583,  99.9
 48, 158, 28.91832412, 95.96074801,  99.9
 49, 158, 28.91629809, 95.95545938,  99.9
 50, 158, 28.91424429, 95.95009901,  99.9
 51, 158, 28.91216232, 95.94466592,  99.9
 52, 158, 28.91005181, 95.93915913,  99.9
 53, 158, 28.90791236, 95.93357764,  99.9
 54, 158, 28.90574356, 95.92792043,  99.9
 55, 158, 28.90354502, 95.92218649,  99.9
 56, 158, 28.90131631, 95.91637478,  99.9
 57, 158, 28.89905703, 95.91048425,  99.9
 58, 158, 28.89676675, 95.90451383,  99.9
 59, 158, 28.89444504, 95.89846244,  99.9
 60, 158, 28.89209147, 95.89232899,  99.9
 61, 158, 28.88970560, 95.88611236,  99.9
 62, 158, 28.88728697, 95.87981144,  99.9
 63, 158, 28.88483514, 95.87342508,  99.9
 64, 158, 28.88234965, 95.86695214,  99.9
 65, 158, 28.87983002, 95.86039143,  99.9
 66, 158, 28.87727579, 95.85374179,  99.9
 67, 158, 28.87468648, 95.84700199,  99.9
 68, 158, 28.87206159, 95.84017083,  99.9
 69, 158, 28.86940065, 95.83324708,  99.9
 70, 158, 28.86670314, 95.82622948,  99.9
 71, 158, 28.86396856, 95.81911676,  99.9
 72, 158, 28.86119640, 95.81190765,  99.9
 73, 158, 28.85838613, 95.80460083,  99.9
 74, 158, 28.85553723, 95.79719500,  99.9
 75, 158, 28.85264915, 95.78968881,  99.9
 76, 158, 28.84972136, 95.78208092,  99.9
 77, 158, 28.84675330, 95.77436994,  99.9
 78, 158, 28.84374441, 95.76655449,  99.9
 79, 158, 28.84069413, 95.75863316,  99.9
 80, 158, 28.83760188, 95.75060452,  99.9
 81, 158, 28.83446708, 95.74246713,  99.9
 82, 158, 28.83128913, 95.73421951,  99.9
 83, 158, 28.82806743, 95.72586019,  99.9
 84, 158, 28.82480138, 95.71738765,  99.9
 85, 158, 28.82149035, 95.70880037,  99.9
 86, 158, 28.81813373, 95.70009680,  99.9
 87, 158, 28.81473087, 95.69127538,  99.9
 88, 158, 28.81128113, 95.68233452,  99.9
 89, 158, 28.80778386, 95.67327261,  99.9
 90, 158, 28.80423839, 95.66408802,   3.7
 91, 158, 28.80064406, 95.65477909,   4.0
 92, 158, 28.79700017, 95.64534415,   4.1
 93, 158, 28.79330605, 95.63578152,   4.2
 94, 158, 28.78956098, 95.62608945,   4.2
 95, 158, 28.78576425, 95.61626623,   4.2
 96, 158, 28.78191515, 95.60631007,   4.1
 97, 158, 28.77801294, 95.59621919,   4.0
 98, 158, 28.77405688, 95.58599178,   4.1
 99, 158, 28.77004622, 95.57562600,   4.1
100, 158, 28.76598019, 95.56511999,   4.0
101, 158, 28.76185801, 95.55447187,   4.0
102, 158, 28.75767891, 95.54367972,   3.9
103, 158, 28.75344208, 95.53274161,   3.9
104, 158, 28.74914671, 95.52165558,   3.9
105, 158, 28.74479199, 95.51041963,   3.8
106, 158, 28.74037708, 95.49903176,   3.8
107, 158, 28.73590114, 95.48748992,   3.7
108, 158, 28.73136331, 95.47579205,   3.7
109, 158, 28.72676272, 95.46393604,   3.7
110, 158, 28.72209849, 95.45191979,   3.6
111, 158, 28.71736973, 95.43974113,   3.6
112, 158, 28.71257553, 95.42739788,   3.6
113, 158, 28.70771496, 95.41488784,   3.6
114, 158, 28.70278711, 95.40220878,   3.5
115, 158, 28.69779101, 95.38935841,   3.5
116, 158, 28.69272572, 95.37633446,   3.5
117, 158, 28.68759025, 95.36313458,   3.5
118, 158, 28.68238361, 95.34975642,   3.4
119, 158, 28.67710481, 95.33619759,   3.4
120, 158, 28.67175282, 95.32245567,   3.4
121, 158, 28.66632661, 95.30852820,   3.4
122, 158, 28.66082514, 95.29441271,   3.3
123, 158, 28.65524734, 95.28010668,   3.3
124, 158, 28.64959214, 95.26560755,   3.3
125, 158, 28.64385843, 95.25091273,   3.3
126, 158, 28.63804512, 95.23601962,   3.3
127, 158, 28.63215107, 95.22092556,   3.2
128, 158, 28.62617514, 95.20562785,   3.2
129, 158, 28.62011617, 95.19012378,   3.2
130, 158, 28.61397299, 95.17441060,   3.2
131, 158, 28.60774440, 95.15848549,   3.2
132, 158, 28.60142919, 95.14234564,   3.1
133, 158, 28.59502614, 95.12598817,   3.1
134, 158, 28.58853399, 95.10941018,   3.1
135, 158, 28.58195148, 95.09260872,   3.1
136, 158, 28.57527732, 95.07558081,   3.1
137, 158, 28.56851022, 95.05832344,   3.0
138, 158, 28.56164885, 95.04083353,   3.0
139, 158, 28.55469187, 95.02310799,   3.0
140, 158, 28.54763792, 95.00514367,   3.0
141, 158, 28.54048562, 94.98693740,   3.0
142, 158, 28.53323356, 94.96848594,   2.9
143, 158, 28.52588033, 94.94978604,   2.9
144, 158, 28.51842447, 94.93083439,   2.9
145, 158, 28.51086453, 94.91162763,   2.9
146, 158, 28.50319901, 94.89216237,   2.9
147, 158, 28.49542641, 94.87243517,   2.9
148, 158, 28.48754520, 94.85244254,   2.8
149, 158, 28.47955382, 94.83218097,   2.8
150, 158, 28.47145070, 94.81164686,   2.8
151, 158, 28.46323423, 94.79083661,   2.8
152, 158, 28.45490279, 94.76974655,   2.8
153, 158, 28.44645473, 94.74837295,   2.8
154, 158, 28.43788837, 94.72671206,   2.8
155, 158, 28.42920202, 94.70476007,   2.7
156, 158, 28.42039396, 94.68251311,   2.7
157, 158, 28.41146243, 94.65996727,   2.7
158, 158, 28.40240565, 94.63711860,   2.7
159, 158, 28.39322183, 94.61396308,   2.7
160, 158, 28.38390913, 94.59049665,   2.7
161, 158, 28.37446570, 94.56671519,   2.7
162, 158, 28.36488964, 94.54261454,   2.7
163, 158, 28.35517905, 94.51819047,   2.6
164, 158, 28.34533198, 94.49343870,   2.6
165, 158, 28.33534646, 94.46835492,   2.6
166, 158, 28.32522049, 94.44293472,   2.6
167, 158, 28.31495203, 94.41717367,   2.6
168, 158, 28.30453902, 94.39106727,   2.6
169, 158, 28.29397936, 94.36461097,   2.6
170, 158, 28.28327094, 94.33780015,   2.6
171, 158, 28.27241158, 94.31063013,   2.6
172, 158, 28.26139910, 94.28309619,   2.6
173, 158, 28.25023127, 94.25519354,   2.6
174, 158, 28.23890583, 94.22691731,   2.6
175, 158, 28.22742049, 94.19826261,   2.6
176, 158, 28.21577292, 94.16922444,   2.6
177, 158, 28.20396076, 94.13979777,   2.6
178, 158, 28.19198159, 94.10997750,   2.6
179, 158, 28.17983299, 94.07975847,   2.6
180, 158, 28.16751249, 94.04913543,   2.6
181, 158, 28.15501756, 94.01810309,   2.6
182, 158, 28.14234565, 93.98665609,   2.6
183, 158, 28.12949418, 93.95478900,   2.6
184, 158, 28.11646051, 93.92249630,   2.6
185, 158, 28.10324197, 93.88977245,   2.6
186, 158, 28.08983585, 93.85661179,   2.6
187, 158, 28.07623939, 93.82300862,   2.6
188, 158, 28.06244980, 93.78895715,   2.6
189, 158, 28.04846423, 93.75445155,   2.6
190, 158, 28.03427980, 93.71948587,   2.7
191, 158, 28.01989358, 93.68405413,   2.7
  1, 159, 28.99066489, 96.14243146,  99.9
  2, 159, 28.98962862, 96.13960934,  99.9
  3, 159, 28.98857819, 96.13674887,  99.9
  4, 159, 28.98751340, 96.13384953,  99.9
  5, 159, 28.98643407, 96.13091082,  99.9
  6, 159, 28.98533998, 96.12793217,  99.9
  7, 159, 28.98423094, 96.12491307,  99.9
  8, 159, 28.98310675, 96.12185294,  99.9
  9, 159, 28.98196719, 96.11875125,  99.9
 10, 159, 28.98081205, 96.11560743,  99.9
 11, 159, 28.97964111, 96.11242090,  99.9
 12, 159, 28.97845418, 96.10919109,  99.9
 13, 159, 28.97725101, 96.10591741,  99.9
 14, 159, 28.97603139, 96.10259926,  99.9
 15, 159, 28.97479510, 96.09923605,  99.9
 16, 159, 28.97354190, 96.09582715,  99.9
 17, 159, 28.97227156, 96.09237196,  99.9
 18, 159, 28.97098385, 96.08886983,  99.9
 19, 159, 28.96967852, 96.08532015,  99.9
 20, 159, 28.96835535, 96.08172226,  99.9
 21, 159, 28.96701407, 96.07807551,  99.9
 22, 159, 28.96565444, 96.07437923,  99.9
 23, 159, 28.96427621, 96.07063276,  99.9
 24, 159, 28.96287912, 96.06683542,  99.9
 25, 159, 28.96146291, 96.06298651,  99.9
 26, 159, 28.96002733, 96.05908534,  99.9
 27, 159, 28.95857210, 96.05513120,  99.9
 28, 159, 28.95709695, 96.05112337,  99.9
 29, 159, 28.95560161, 96.04706112,  99.9
 30, 159, 28.95408580, 96.04294372,  99.9
 31, 159, 28.95254924, 96.03877042,  99.9
 32, 159, 28.95099164, 96.03454046,  99.9
 33, 159, 28.94941272, 96.03025308,  99.9
 34, 159, 28.94781217, 96.02590749,  99.9
 35, 159, 28.94618971, 96.02150292,  99.9
 36, 159, 28.94454503, 96.01703855,   2.7
 37, 159, 28.94287782, 96.01251358,   2.7
 38, 159, 28.94118777, 96.00792719,   2.7
 39, 159, 28.93947457, 96.00327855,  99.9
 40, 159, 28.93773790, 95.99856682,  99.9
 41, 159, 28.93597743, 95.99379113,  99.9
 42, 159, 28.93419284, 95.98895063,  99.9
 43, 159, 28.93238379, 95.98404444,  99.9
 44, 159, 28.93054995, 95.97907166,  99.9
 45, 159, 28.92869097, 95.97403140,  99.9
 46, 159, 28.92680651, 95.96892275,  99.9
 47, 159, 28.92489621, 95.96374478,  99.9
 48, 159, 28.92295972, 95.95849654,  99.9
 49, 159, 28.92099668, 95.95317709,  99.9
 50, 159, 28.91900671, 95.94778547,  99.9
 51, 159, 28.91698946, 95.94232070,  99.9
 52, 159, 28.91494453, 95.93678179,  99.9
 53, 159, 28.91287155, 95.93116774,  99.9
 54, 159, 28.91077013, 95.92547753,  99.9
 55, 159, 28.90863987, 95.91971013,  99.9
 56, 159, 28.90648038, 95.91386449,  99.9
 57, 159, 28.90429126, 95.90793956,  99.9
 58, 159, 28.90207208, 95.90193428,  99.9
 59, 159, 28.89982244, 95.89584754,  99.9
 60, 159, 28.89754192, 95.88967825,  99.9
 61, 159, 28.89523008, 95.88342529,  99.9
 62, 159, 28.89288650, 95.87708754,  99.9
 63, 159, 28.89051073, 95.87066384,  99.9
 64, 159, 28.88810233, 95.86415304,  99.9
 65, 159, 28.88566084, 95.85755396,  99.9
 66, 159, 28.88318580, 95.85086540,  99.9
 67, 159, 28.88067676, 95.84408616,  99.9
 68, 159, 28.87813324, 95.83721501,  99.9
 69, 159, 28.87555475, 95.83025071,  99.9
 70, 159, 28.87294082, 95.82319201,  99.9
 71, 159, 28.87029096, 95.81603762,  99.9
 72, 159, 28.86760465, 95.80878625,  99.9
 73, 159, 28.86488141, 95.80143661,  99.9
 74, 159, 28.86212071, 95.79398735,  99.9
 75, 159, 28.85932203, 95.78643713,  99.9
 76, 159, 28.85648485, 95.77878460,  99.9
 77, 159, 28.85360863, 95.77102837,  99.9
 78, 159, 28.85069283, 95.76316704,  99.9
 79, 159, 28.84773689, 95.75519919,  99.9
 80, 159, 28.84474026, 95.74712339,  99.9
 81, 159, 28.84170237, 95.73893818,  99.9
 82, 159, 28.83862265, 95.73064209,  99.9
 83, 159, 28.83550051, 95.72223361,  99.9
 84, 159, 28.83233537, 95.71371124,  99.9
 85, 159, 28.82912662, 95.70507344,  99.9
 86, 159, 28.82587366, 95.69631865,  99.9
 87, 159, 28.82257586, 95.68744530,  99.9
 88, 159, 28.81923261, 95.67845178,  99.9
 89, 159, 28.81584327, 95.66933648,   3.4
 90, 159, 28.81240719, 95.66009776,   3.6
 91, 159, 28.80892373, 95.65073395,   4.0
 92, 159, 28.80539221, 95.64124338,   4.1
 93, 159, 28.80181198, 95.63162432,   4.2
 94, 159, 28.79818235, 95.62187506,   4.3
 95, 159, 28.79450262, 95.61199384,   4.2
 96, 159, 28.79077210, 95.60197888,   4.1
 97, 159, 28.78699008, 95.59182838,   3.9
 98, 159, 28.78315583, 95.58154052,   3.8
 99, 159, 28.77926862, 95.57111345,   4.1
100, 159, 28.77532772, 95.56054530,   4.1
101, 159, 28.77133237, 95.54983416,   4.0
102, 159, 28.76728180, 95.53897812,   4.0
103, 159, 28.76317525, 95.52797523,   3.9
104, 159, 28.75901192, 95.51682352,   3.9
105, 159, 28.75479103, 95.50552097,   3.9
106, 159, 28.75051175, 95.49406558,   3.8
107, 159, 28.74617328, 95.48245527,   3.8
108, 159, 28.74177477, 95.47068797,   3.7
109, 159, 28.73731539, 95.45876157,   3.7
110, 159, 28.73279428, 95.44667394,   3.7
111, 159, 28.72821057, 95.43442290,   3.6
112, 159, 28.72356339, 95.42200627,   3.6
113, 159, 28.71885183, 95.40942182,   3.6
114, 159, 28.71407498, 95.39666730,   3.6
115, 159, 28.70923194, 95.38374043,   3.5
116, 159, 28.70432177, 95.37063889,   3.5
117, 159, 28.69934351, 95.35736035,   3.5
118, 159, 28.69429622, 95.34390242,   3.5
119, 159, 28.68917891, 95.33026271,   3.4
120, 159, 28.68399059, 95.31643877,   3.4
121, 159, 28.67873027, 95.30242814,   3.4
122, 159, 28.67339692, 95.28822831,   3.4
123, 159, 28.66798952, 95.27383676,   3.3
124, 159, 28.66250700, 95.25925091,   3.3
125, 159, 28.65694832, 95.24446816,   3.3
126, 159, 28.65131239, 95.22948588,   3.3
127, 159, 28.64559812, 95.21430139,   3.3
128, 159, 28.63980439, 95.19891199,   3.2
129, 159, 28.63393009, 95.18331494,   3.2
130, 159, 28.62797406, 95.16750746,   3.2
131, 159, 28.62193515, 95.15148674,   3.2
132, 159, 28.61581217, 95.13524992,   3.2
133, 159, 28.60960394, 95.11879412,   3.1
134, 159, 28.60330925, 95.10211642,   3.1
135, 159, 28.59692685, 95.08521384,   3.1
136, 159, 28.59045551, 95.06808339,   3.1
137, 159, 28.58389395, 95.05072202,   3.1
138, 159, 28.57724089, 95.03312665,   3.0
139, 159, 28.57049503, 95.01529416,   3.0
140, 159, 28.56365504, 94.99722138,   3.0
141, 159, 28.55671959, 94.97890512,   3.0
142, 159, 28.54968729, 94.96034212,   3.0
143, 159, 28.54255678, 94.94152909,   2.9
144, 159, 28.53532664, 94.92246271,   2.9
145, 159, 28.52799546, 94.90313960,   2.9
146, 159, 28.52056178, 94.88355635,   2.9
147, 159, 28.51302414, 94.86370948,   2.9
148, 159, 28.50538105, 94.84359549,   2.9
149, 159, 28.49763099, 94.82321083,   2.8
150, 159, 28.48977243, 94.80255189,   2.8
151, 159, 28.48180381, 94.78161504,   2.8
152, 159, 28.47372356, 94.76039657,   2.8
153, 159, 28.46553006, 94.73889275,   2.8
154, 159, 28.45722169, 94.71709978,   2.8
155, 159, 28.44879679, 94.69501383,   2.8
156, 159, 28.44025369, 94.67263101,   2.7
157, 159, 28.43159067, 94.64994738,   2.7
158, 159, 28.42280602, 94.62695895,   2.7
159, 159, 28.41389798, 94.60366168,   2.7
160, 159, 28.40486476, 94.58005148,   2.7
161, 159, 28.39570456, 94.55612420,   2.7
162, 159, 28.38641553, 94.53187565,   2.7
163, 159, 28.37699582, 94.50730156,   2.7
164, 159, 28.36744354, 94.48239764,   2.6
165, 159, 28.35775675, 94.45715952,   2.6
166, 159, 28.34793352, 94.43158279,   2.6
167, 159, 28.33797186, 94.40566296,   2.6
168, 159, 28.32786976, 94.37939551,   2.6
169, 159, 28.31762517, 94.35277585,   2.6
170, 159, 28.30723604, 94.32579933,   2.6
171, 159, 28.29670025, 94.29846124,   2.6
172, 159, 28.28601567, 94.27075681,   2.6
173, 159, 28.27518013, 94.24268122,   2.6
174, 159, 28.26419142, 94.21422958,   2.6
175, 159, 28.25304732, 94.18539694,   2.6
176, 159, 28.24174555, 94.15617827,   2.6
177, 159, 28.23028381, 94.12656851,   2.6
178, 159, 28.21865976, 94.09656251,   2.6
179, 159, 28.20687101, 94.06615507,   2.6
180, 159, 28.19491517, 94.03534091,   2.6
181, 159, 28.18278977, 94.00411470,   2.6
182, 159, 28.17049232, 93.97247103,   2.6
183, 159, 28.15802031, 93.94040442,   2.6
184, 159, 28.14537117, 93.90790933,   2.6
185, 159, 28.13254229, 93.87498015,   2.6
186, 159, 28.11953101, 93.84161120,   2.6
187, 159, 28.10633467, 93.80779673,   2.6
188, 159, 28.09295052, 93.77353090,   2.6
189, 159, 28.07937580, 93.73880782,   2.6
190, 159, 28.06560768, 93.70362153,   2.7
191, 159, 28.05164332, 93.66796597,   2.7
  1, 160, 28.99313650, 96.14127984,  99.9
  2, 160, 28.99213383, 96.13844199,  99.9
  3, 160, 28.99111746, 96.13556558,  99.9
  4, 160, 28.99008720, 96.13265009,  99.9
  5, 160, 28.98904286, 96.12969499,  99.9
  6, 160, 28.98798424, 96.12669974,  99.9
  7, 160, 28.98691115, 96.12366380,  99.9
  8, 160, 28.98582340, 96.12058662,  99.9
  9, 160, 28.98472077, 96.11746763,  99.9
 10, 160, 28.98360306, 96.11430628,  99.9
 11, 160, 28.98247008, 96.11110197,  99.9
 12, 160, 28.98132160, 96.10785414,  99.9
 13, 160, 28.98015742, 96.10456220,  99.9
 14, 160, 28.97897731, 96.10122553,  99.9
 15, 160, 28.97778107, 96.09784354,  99.9
 16, 160, 28.97656846, 96.09441562,  99.9
 17, 160, 28.97533926, 96.09094114,  99.9
 18, 160, 28.97409326, 96.08741946,  99.9
 19, 160, 28.97283020, 96.08384996,  99.9
 20, 160, 28.97154986, 96.08023197,  99.9
 21, 160, 28.97025201, 96.07656485,  99.9
 22, 160, 28.96893640, 96.07284793,  99.9
 23, 160, 28.96760278, 96.06908052,  99.9
 24, 160, 28.96625091, 96.06526196,  99.9
 25, 160, 28.96488054, 96.06139154,  99.9
 26, 160, 28.96349141, 96.05746856,  99.9
 27, 160, 28.96208326, 96.05349231,  99.9
 28, 160, 28.96065584, 96.04946207,  99.9
 29, 160, 28.95920887, 96.04537711,  99.9
 30, 160, 28.95774210, 96.04123667,  99.9
 31, 160, 28.95625523, 96.03704003,  99.9
 32, 160, 28.95474800, 96.03278640,  99.9
 33, 160, 28.95322013, 96.02847502,  99.9
 34, 160, 28.95167134, 96.02410511,  99.9
 35, 160, 28.95010133, 96.01967587,  99.9
 36, 160, 28.94850980, 96.01518651,   2.7
 37, 160, 28.94689648, 96.01063620,  99.9
 38, 160, 28.94526104, 96.00602412,  99.9
 39, 160, 28.94360320, 96.00134944,  99.9
 40, 160, 28.94192264, 95.99661130,  99.9
 41, 160, 28.94021904, 95.99180885,  99.9
 42, 160, 28.93849209, 95.98694121,  99.9
 43, 160, 28.93674147, 95.98200751,  99.9
 44, 160, 28.93496684, 95.97700685,  99.9
 45, 160, 28.93316788, 95.97193832,  99.9
 46, 160, 28.93134426, 95.96680100,  99.9
 47, 160, 28.92949562, 95.96159397,  99.9
 48, 160, 28.92762163, 95.95631628,  99.9
 49, 160, 28.92572193, 95.95096697,  99.9
 50, 160, 28.92379617, 95.94554508,  99.9
 51, 160, 28.92184399, 95.94004962,  99.9
 52, 160, 28.91986502, 95.93447960,  99.9
 53, 160, 28.91785889, 95.92883400,  99.9
 54, 160, 28.91582523, 95.92311181,  99.9
 55, 160, 28.91376366, 95.91731199,  99.9
 56, 160, 28.91167378, 95.91143349,  99.9
 57, 160, 28.90955521, 95.90547524,  99.9
 58, 160, 28.90740755, 95.89943617,  99.9
 59, 160, 28.90523040, 95.89331518,  99.9
 60, 160, 28.90302334, 95.88711118,  99.9
 61, 160, 28.90078597, 95.88082302,  99.9
 62, 160, 28.89851786, 95.87444958,  99.9
 63, 160, 28.89621858, 95.86798971,  99.9
 64, 160, 28.89388771, 95.86144223,  99.9
 65, 160, 28.89152481, 95.85480596,  99.9
 66, 160, 28.88912943, 95.84807970,  99.9
 67, 160, 28.88670111, 95.84126224,  99.9
 68, 160, 28.88423941, 95.83435234,  99.9
 69, 160, 28.88174386, 95.82734875,  99.9
 70, 160, 28.87921399, 95.82025022,  99.9
 71, 160, 28.87664933, 95.81305545,  99.9
 72, 160, 28.87404938, 95.80576314,  99.9
 73, 160, 28.87141366, 95.79837199,  99.9
 74, 160, 28.86874167, 95.79088065,  99.9
 75, 160, 28.86603290, 95.78328777,  99.9
 76, 160, 28.86328685, 95.77559198,  99.9
 77, 160, 28.86050300, 95.76779189,  99.9
 78, 160, 28.85768081, 95.75988610,  99.9
 79, 160, 28.85481976, 95.75187317,  99.9
 80, 160, 28.85191931, 95.74375167,  99.9
 81, 160, 28.84897889, 95.73552012,  99.9
 82, 160, 28.84599797, 95.72717704,  99.9
 83, 160, 28.84297597, 95.71872093,  99.9
 84, 160, 28.83991231, 95.71015027,  99.9
 85, 160, 28.83680643, 95.70146350,  99.9
 86, 160, 28.83365772, 95.69265906,  99.9
 87, 160, 28.83046560, 95.68373537,  99.9
 88, 160, 28.82722945, 95.67469082,  99.9
 89, 160, 28.82394866, 95.66552377,   3.2
 90, 160, 28.82062261, 95.65623259,  99.9
 91, 160, 28.81725066, 95.64681558,  99.9
 92, 160, 28.81383217, 95.63727107,   4.1
 93, 160, 28.81036648, 95.62759733,   4.2
 94, 160, 28.80685295, 95.61779262,   4.2
 95, 160, 28.80329090, 95.60785518,   4.2
 96, 160, 28.79967965, 95.59778322,   4.1
 97, 160, 28.79601851, 95.58757492,   3.9
 98, 160, 28.79230678, 95.57722846,   3.7
 99, 160, 28.78854375, 95.56674197,   4.2
100, 160, 28.78472870, 95.55611357,   4.1
101, 160, 28.78086091, 95.54534135,   4.1
102, 160, 28.77693963, 95.53442338,   4.0
103, 160, 28.77296411, 95.52335768,   4.0
104, 160, 28.76893359, 95.51214228,   3.9
105, 160, 28.76484729, 95.50077517,   3.9
106, 160, 28.76070444, 95.48925430,   3.8
107, 160, 28.75650423, 95.47757760,   3.8
108, 160, 28.75224586, 95.46574299,   3.8
109, 160, 28.74792852, 95.45374833,   3.7
110, 160, 28.74355136, 95.44159148,   3.7
111, 160, 28.73911355, 95.42927027,   3.6
112, 160, 28.73461423, 95.41678247,   3.6
113, 160, 28.73005254, 95.40412586,   3.6
114, 160, 28.72542760, 95.39129817,   3.6
115, 160, 28.72073850, 95.37829711,   3.6
116, 160, 28.71598436, 95.36512033,   3.5
117, 160, 28.71116424, 95.35176549,   3.5
118, 160, 28.70627721, 95.33823020,   3.5
119, 160, 28.70132234, 95.32451204,   3.5
120, 160, 28.69629866, 95.31060856,   3.4
121, 160, 28.69120519, 95.29651726,   3.4
122, 160, 28.68604095, 95.28223564,   3.4
123, 160, 28.68080493, 95.26776113,   3.4
124, 160, 28.67549612, 95.25309117,   3.3
125, 160, 28.67011349, 95.23822312,   3.3
126, 160, 28.66465599, 95.22315434,   3.3
127, 160, 28.65912255, 95.20788213,   3.3
128, 160, 28.65351210, 95.19240378,   3.3
129, 160, 28.64782354, 95.17671652,   3.2
130, 160, 28.64205577, 95.16081757,   3.2
131, 160, 28.63620765, 95.14470408,   3.2
132, 160, 28.63027804, 95.12837318,   3.2
133, 160, 28.62426578, 95.11182198,   3.1
134, 160, 28.61816970, 95.09504752,   3.1
135, 160, 28.61198860, 95.07804683,   3.1
136, 160, 28.60572126, 95.06081687,   3.1
137, 160, 28.59936646, 95.04335459,   3.1
138, 160, 28.59292295, 95.02565688,   3.1
139, 160, 28.58638946, 95.00772061,   3.0
140, 160, 28.57976470, 94.98954258,   3.0
141, 160, 28.57304737, 94.97111957,   3.0
142, 160, 28.56623614, 94.95244831,   3.0
143, 160, 28.55932967, 94.93352549,   3.0
144, 160, 28.55232660, 94.91434776,   2.9
145, 160, 28.54522553, 94.89491172,   2.9
146, 160, 28.53802507, 94.87521393,   2.9
147, 160, 28.53072378, 94.85525090,   2.9
148, 160, 28.52332022, 94.83501910,   2.9
149, 160, 28.51581292, 94.81451495,   2.9
150, 160, 28.50820038, 94.79373483,   2.8
151, 160, 28.50048110, 94.77267506,   2.8
152, 160, 28.49265353, 94.75133194,   2.8
153, 160, 28.48471611, 94.72970168,   2.8
154, 160, 28.47666726, 94.70778047,   2.8
155, 160, 28.46850538, 94.68556446,   2.8
156, 160, 28.46022882, 94.66304972,   2.8
157, 160, 28.45183593, 94.64023228,   2.7
158, 160, 28.44332504, 94.61710813,   2.7
159, 160, 28.43469443, 94.59367321,   2.7
160, 160, 28.42594237, 94.56992338,   2.7
161, 160, 28.41706710, 94.54585448,   2.7
162, 160, 28.40806683, 94.52146228,   2.7
163, 160, 28.39893975, 94.49674249,   2.7
164, 160, 28.38968402, 94.47169077,   2.7
165, 160, 28.38029777, 94.44630274,   2.6
166, 160, 28.37077911, 94.42057394,   2.6
167, 160, 28.36112609, 94.39449987,   2.6
168, 160, 28.35133678, 94.36807596,   2.6
169, 160, 28.34140917, 94.34129759,   2.6
170, 160, 28.33134127, 94.31416007,   2.6
171, 160, 28.32113100, 94.28665867,   2.6
172, 160, 28.31077631, 94.25878859,   2.6
173, 160, 28.30027507, 94.23054495,   2.6
174, 160, 28.28962515, 94.20192284,   2.6
175, 160, 28.27882436, 94.17291727,   2.6
176, 160, 28.26787050, 94.14352319,   2.6
177, 160, 28.25676132, 94.11373548,   2.6
178, 160, 28.24549453, 94.08354895,   2.6
179, 160, 28.23406784, 94.05295838,   2.6
180, 160, 28.22247888, 94.02195844,   2.6
181, 160, 28.21072527, 93.99054376,   2.6
182, 160, 28.19880458, 93.95870888,   2.6
183, 160, 28.18671436, 93.92644830,   2.6
184, 160, 28.17445210, 93.89375643,   2.6
185, 160, 28.16201526, 93.86062762,   2.6
186, 160, 28.14940126, 93.82705613,   2.6
187, 160, 28.13660749, 93.79303617,   2.6
188, 160, 28.12363129, 93.75856188,   2.6
189, 160, 28.11046994, 93.72362731,   2.6
190, 160, 28.09712071, 93.68822644,   2.7
191, 160, 28.08358082, 93.65235317,   2.7
  1, 161, 28.99562155, 96.14016626,  99.9
  2, 161, 28.99465267, 96.13731320,  99.9
  3, 161, 28.99367055, 96.13442137,  99.9
  4, 161, 28.99267500, 96.13149026,  99.9
  5, 161, 28.99166584, 96.12851931,  99.9
  6, 161, 28.99064289, 96.12550800,  99.9
  7, 161, 28.98960595, 96.12245578,  99.9
  8, 161, 28.98855483, 96.11936210,  99.9
  9, 161, 28.98748934, 96.11622638,  99.9
 10, 161, 28.98640928, 96.11304806,  99.9
 11, 161, 28.98531444, 96.10982657,  99.9
 12, 161, 28.98420463, 96.10656131,  99.9
 13, 161, 28.98307965, 96.10325170,  99.9
 14, 161, 28.98193927, 96.09989712,  99.9
 15, 161, 28.98078329, 96.09649698,  99.9
 16, 161, 28.97961150, 96.09305065,  99.9
 17, 161, 28.97842368, 96.08955751,  99.9
 18, 161, 28.97721960, 96.08601692,  99.9
 19, 161, 28.97599904, 96.08242824,  99.9
 20, 161, 28.97476179, 96.07879082,  99.9
 21, 161, 28.97350759, 96.07510399,  99.9
 22, 161, 28.97223624, 96.07136710,  99.9
 23, 161, 28.97094748, 96.06757944,  99.9
 24, 161, 28.96964107, 96.06374035,  99.9
 25, 161, 28.96831679, 96.05984912,  99.9
 26, 161, 28.96697437, 96.05590505,  99.9
 27, 161, 28.96561357, 96.05190742,  99.9
 28, 161, 28.96423413, 96.04785549,  99.9
 29, 161, 28.96283580, 96.04374855,  99.9
 30, 161, 28.96141832, 96.03958584,  99.9
 31, 161, 28.95998143, 96.03536661,  99.9
 32, 161, 28.95852485, 96.03109008,  99.9
 33, 161, 28.95704831, 96.02675549,  99.9
 34, 161, 28.95555155, 96.02236205,  99.9
 35, 161, 28.95403427, 96.01790896,   2.6
 36, 161, 28.95249620, 96.01339541,   2.6
 37, 161, 28.95093706, 96.00882058,  99.9
 38, 161, 28.94935654, 96.00418365,  99.9
 39, 161, 28.94775436, 95.99948377,  99.9
 40, 161, 28.94613021, 95.99472009,  99.9
 41, 161, 28.94448379, 95.98989174,  99.9
 42, 161, 28.94281480, 95.98499786,  99.9
 43, 161, 28.94112292, 95.98003754,  99.9
 44, 161, 28.93940784, 95.97500990,  99.9
 45, 161, 28.93766923, 95.96991402,  99.9
 46, 161, 28.93590678, 95.96474897,  99.9
 47, 161, 28.93412014, 95.95951383,  99.9
 48, 161, 28.93230899, 95.95420764,  99.9
 49, 161, 28.93047299, 95.94882944,  99.9
 50, 161, 28.92861178, 95.94337825,  99.9
 51, 161, 28.92672504, 95.93785310,  99.9
 52, 161, 28.92481239, 95.93225297,  99.9
 53, 161, 28.92287349, 95.92657685,  99.9
 54, 161, 28.92090796, 95.92082372,  99.9
 55, 161, 28.91891545, 95.91499253,  99.9
 56, 161, 28.91689557, 95.90908222,  99.9
 57, 161, 28.91484794, 95.90309173,  99.9
 58, 161, 28.91277219, 95.89701998,  99.9
 59, 161, 28.91066792, 95.89086585,  99.9
 60, 161, 28.90853473, 95.88462825,  99.9
 61, 161, 28.90637223, 95.87830603,  99.9
 62, 161, 28.90418001, 95.87189806,  99.9
 63, 161, 28.90195766, 95.86540317,  99.9
 64, 161, 28.89970475, 95.85882020,  99.9
 65, 161, 28.89742086, 95.85214794,  99.9
 66, 161, 28.89510557, 95.84538520,  99.9
 67, 161, 28.89275844, 95.83853075,  99.9
 68, 161, 28.89037902, 95.83158335,  99.9
 69, 161, 28.88796686, 95.82454174,  99.9
 70, 161, 28.88552151, 95.81740466,  99.9
 71, 161, 28.88304252, 95.81017081,  99.9
 72, 161, 28.88052940, 95.80283888,  99.9
 73, 161, 28.87798169, 95.79540755,  99.9
 74, 161, 28.87539890, 95.78787548,  99.9
 75, 161, 28.87278055, 95.78024131,  99.9
 76, 161, 28.87012613, 95.77250365,  99.9
 77, 161, 28.86743516, 95.76466112,  99.9
 78, 161, 28.86470711, 95.75671229,  99.9
 79, 161, 28.86194147, 95.74865573,  99.9
 80, 161, 28.85913772, 95.74048998,  99.9
 81, 161, 28.85629532, 95.73221358,  99.9
 82, 161, 28.85341374, 95.72382502,  99.9
 83, 161, 28.85049243, 95.71532280,  99.9
 84, 161, 28.84753083, 95.70670539,  99.9
 85, 161, 28.84452839, 95.69797122,  99.9
 86, 161, 28.84148452, 95.68911872,  99.9
 87, 161, 28.83839866, 95.68014630,  99.9
 88, 161, 28.83527020, 95.67105234,   3.1
 89, 161, 28.83209857, 95.66183520,   3.1
 90, 161, 28.82888315, 95.65249322,  99.9
 91, 161, 28.82562333, 95.64302472,  99.9
 92, 161, 28.82231850, 95.63342799,   4.1
 93, 161, 28.81896801, 95.62370131,   4.1
 94, 161, 28.81557122, 95.61384291,  99.9
 95, 161, 28.81212750, 95.60385104,   4.1
 96, 161, 28.80863618, 95.59372389,   4.0
 97, 161, 28.80509660, 95.58345963,   3.8
 98, 161, 28.80150807, 95.57305643,   3.6
 99, 161, 28.79786991, 95.56251241,   3.5
100, 161, 28.79418142, 95.55182567,   4.2
101, 161, 28.79044190, 95.54099430,   4.1
102, 161, 28.78665063, 95.53001634,   4.1
103, 161, 28.78280688, 95.51888983,   4.0
104, 161, 28.77890990, 95.50761276,   4.0
105, 161, 28.77495896, 95.49618312,   3.9
106, 161, 28.77095330, 95.48459884,   3.9
107, 161, 28.76689213, 95.47285785,   3.8
108, 161, 28.76277469, 95.46095804,   3.8
109, 161, 28.75860017, 95.44889728,   3.7
110, 161, 28.75436778, 95.43667340,   3.7
111, 161, 28.75007668, 95.42428421,   3.7
112, 161, 28.74572607, 95.41172749,   3.6
113, 161, 28.74131509, 95.39900098,   3.6
114, 161, 28.73684289, 95.38610242,   3.6
115, 161, 28.73230861, 95.37302948,   3.6
116, 161, 28.72771137, 95.35977983,   3.5
117, 161, 28.72305028, 95.34635109,   3.5
118, 161, 28.71832443, 95.33274086,   3.5
119, 161, 28.71353291, 95.31894670,   3.5
120, 161, 28.70867478, 95.30496615,   3.5
121, 161, 28.70374911, 95.29079670,   3.4
122, 161, 28.69875493, 95.27643583,   3.4
123, 161, 28.69369128, 95.26188096,   3.4
124, 161, 28.68855716, 95.24712950,   3.4
125, 161, 28.68335157, 95.23217881,   3.3
126, 161, 28.67807350, 95.21702621,   3.3
127, 161, 28.67272192, 95.20166901,   3.3
128, 161, 28.66729578, 95.18610447,   3.3
129, 161, 28.66179402, 95.17032980,   3.3
130, 161, 28.65621557, 95.15434220,   3.2
131, 161, 28.65055932, 95.13813881,   3.2
132, 161, 28.64482418, 95.12171675,   3.2
133, 161, 28.63900901, 95.10507309,   3.2
134, 161, 28.63311267, 95.08820486,   3.1
135, 161, 28.62713401, 95.07110907,   3.1
136, 161, 28.62107184, 95.05378267,   3.1
137, 161, 28.61492498, 95.03622259,   3.1
138, 161, 28.60869221, 95.01842568,   3.1
139, 161, 28.60237229, 95.00038880,   3.1
140, 161, 28.59596399, 94.98210874,   3.0
141, 161, 28.58946603, 94.96358226,   3.0
142, 161, 28.58287714, 94.94480605,   3.0
143, 161, 28.57619599, 94.92577679,   3.0
144, 161, 28.56942128, 94.90649111,   3.0
145, 161, 28.56255164, 94.88694558,   2.9
146, 161, 28.55558573, 94.86713674,   2.9
147, 161, 28.54852215, 94.84706108,   2.9
148, 161, 28.54135950, 94.82671505,   2.9
149, 161, 28.53409635, 94.80609504,   2.9
150, 161, 28.52673125, 94.78519740,   2.9
151, 161, 28.51926273, 94.76401845,   2.8
152, 161, 28.51168930, 94.74255443,   2.8
153, 161, 28.50400944, 94.72080155,   2.8
154, 161, 28.49622161, 94.69875597,   2.8
155, 161, 28.48832425, 94.67641380,   2.8
156, 161, 28.48031578, 94.65377110,   2.8
157, 161, 28.47219458, 94.63082388,   2.8
158, 161, 28.46395902, 94.60756809,   2.7
159, 161, 28.45560745, 94.58399963,   2.7
160, 161, 28.44713817, 94.56011435,   2.7
161, 161, 28.43854949, 94.53590805,   2.7
162, 161, 28.42983965, 94.51137648,   2.7
163, 161, 28.42100690, 94.48651532,   2.7
164, 161, 28.41204945, 94.46132021,   2.7
165, 161, 28.40296549, 94.43578671,   2.7
166, 161, 28.39375316, 94.40991036,   2.6
167, 161, 28.38441059, 94.38368660,   2.6
168, 161, 28.37493589, 94.35711085,   2.6
169, 161, 28.36532711, 94.33017845,   2.6
170, 161, 28.35558230, 94.30288469,   2.6
171, 161, 28.34569947, 94.27522478,   2.6
172, 161, 28.33567660, 94.24719390,   2.6
173, 161, 28.32551162, 94.21878715,   2.6
174, 161, 28.31520247, 94.18999956,   2.6
175, 161, 28.30474701, 94.16082611,   2.6
176, 161, 28.29414309, 94.13126172,   2.6
177, 161, 28.28338854, 94.10130124,   2.6
178, 161, 28.27248114, 94.07093944,   2.6
179, 161, 28.26141862, 94.04017104,   2.6
180, 161, 28.25019872, 94.00899070,   2.6
181, 161, 28.23881909, 93.97739299,   2.6
182, 161, 28.22727739, 93.94537243,   2.6
183, 161, 28.21557121, 93.91292347,   2.6
184, 161, 28.20369812, 93.88004047,   2.6
185, 161, 28.19165565, 93.84671774,   2.6
186, 161, 28.17944129, 93.81294951,   2.6
187, 161, 28.16705249, 93.77872995,   2.6
188, 161, 28.15448665, 93.74405313,   2.6
189, 161, 28.14174115, 93.70891308,   2.6
190, 161, 28.12881330, 93.67330372,   2.7
191, 161, 28.11570040, 93.63721892,   2.7
  1, 162, 28.99811959, 96.13909093,  99.9
  2, 162, 28.99718468, 96.13622318,  99.9
  3, 162, 28.99623698, 96.13331646,  99.9
  4, 162, 28.99527633, 96.13037024,  99.9
  5, 162, 28.99430255, 96.12738400,  99.9
  6, 162, 28.99331544, 96.12435718,  99.9
  7, 162, 28.99231484, 96.12128923,  99.9
  8, 162, 28.99130055, 96.11817960,  99.9
  9, 162, 28.99027239, 96.11502773,  99.9
 10, 162, 28.98923017, 96.11183303,  99.9
 11, 162, 28.98817369, 96.10859493,  99.9
 12, 162, 28.98710275, 96.10531283,  99.9
 13, 162, 28.98601717, 96.10198615,  99.9
 14, 162, 28.98491673, 96.09861428,  99.9
 15, 162, 28.98380123, 96.09519660,  99.9
 16, 162, 28.98267047, 96.09173249,  99.9
 17, 162, 28.98152423, 96.08822133,  99.9
 18, 162, 28.98036231, 96.08466247,  99.9
 19, 162, 28.97918448, 96.08105527,  99.9
 20, 162, 28.97799052, 96.07739907,  99.9
 21, 162, 28.97678023, 96.07369321,  99.9
 22, 162, 28.97555336, 96.06993702,  99.9
 23, 162, 28.97430969, 96.06612980,  99.9
 24, 162, 28.97304899, 96.06227088,  99.9
 25, 162, 28.97177103, 96.05835955,  99.9
 26, 162, 28.97047557, 96.05439510,  99.9
 27, 162, 28.96916236, 96.05037680,  99.9
 28, 162, 28.96783117, 96.04630394,  99.9
 29, 162, 28.96648173, 96.04217576,  99.9
 30, 162, 28.96511381, 96.03799153,  99.9
 31, 162, 28.96372715, 96.03375048,  99.9
 32, 162, 28.96232148, 96.02945183,  99.9
 33, 162, 28.96089655, 96.02509482,  99.9
 34, 162, 28.95945209, 96.02067864,  99.9
 35, 162, 28.95798784, 96.01620250,   2.6
 36, 162, 28.95650351, 96.01166559,  99.9
 37, 162, 28.95499882, 96.00706708,  99.9
 38, 162, 28.95347351, 96.00240613,  99.9
 39, 162, 28.95192728, 95.99768190,  99.9
 40, 162, 28.95035985, 95.99289354,  99.9
 41, 162, 28.94877092, 95.98804018,  99.9
 42, 162, 28.94716019, 95.98312093,  99.9
 43, 162, 28.94552737, 95.97813490,  99.9
 44, 162, 28.94387214, 95.97308119,  99.9
 45, 162, 28.94219421, 95.96795888,  99.9
 46, 162, 28.94049324, 95.96276704,  99.9
 47, 162, 28.93876893, 95.95750473,  99.9
 48, 162, 28.93702096, 95.95217100,  99.9
 49, 162, 28.93524899, 95.94676489,  99.9
 50, 162, 28.93345268, 95.94128540,  99.9
 51, 162, 28.93163172, 95.93573155,  99.9
 52, 162, 28.92978575, 95.93010233,  99.9
 53, 162, 28.92791442, 95.92439672,  99.9
 54, 162, 28.92601739, 95.91861368,  99.9
 55, 162, 28.92409430, 95.91275218,  99.9
 56, 162, 28.92214478, 95.90681114,  99.9
 57, 162, 28.92016848, 95.90078950,  99.9
 58, 162, 28.91816502, 95.89468615,  99.9
 59, 162, 28.91613402, 95.88850000,  99.9
 60, 162, 28.91407510, 95.88222992,  99.9
 61, 162, 28.91198787, 95.87587479,  99.9
 62, 162, 28.90987194, 95.86943345,  99.9
 63, 162, 28.90772691, 95.86290472,  99.9
 64, 162, 28.90555238, 95.85628744,  99.9
 65, 162, 28.90334794, 95.84958041,  99.9
 66, 162, 28.90111316, 95.84278241,  99.9
 67, 162, 28.89884763, 95.83589221,  99.9
 68, 162, 28.89655093, 95.82890856,  99.9
 69, 162, 28.89422261, 95.82183021,  99.9
 70, 162, 28.89186224, 95.81465587,  99.9
 71, 162, 28.88946937, 95.80738424,  99.9
 72, 162, 28.88704354, 95.80001401,  99.9
 73, 162, 28.88458431, 95.79254386,  99.9
 74, 162, 28.88209120, 95.78497242,  99.9
 75, 162, 28.87956373, 95.77729833,  99.9
 76, 162, 28.87700145, 95.76952020,  99.9
 77, 162, 28.87440384, 95.76163664,  99.9
 78, 162, 28.87177043, 95.75364620,  99.9
 79, 162, 28.86910072, 95.74554746,  99.9
 80, 162, 28.86639419, 95.73733895,  99.9
 81, 162, 28.86365033, 95.72901919,  99.9
 82, 162, 28.86086863, 95.72058667,  99.9
 83, 162, 28.85804855, 95.71203987,  99.9
 84, 162, 28.85518955, 95.70337726,  99.9
 85, 162, 28.85229109, 95.69459726,  99.9
 86, 162, 28.84935263, 95.68569830,  99.9
 87, 162, 28.84637359, 95.67667877,  99.9
 88, 162, 28.84335341, 95.66753704,   3.1
 89, 162, 28.84029152, 95.65827147,  99.9
 90, 162, 28.83718733, 95.64888038,  99.9
 91, 162, 28.83404024, 95.63936208,  99.9
 92, 162, 28.83084967, 95.62971486,  99.9
 93, 162, 28.82761498, 95.61993699,  99.9
 94, 162, 28.82433558, 95.61002668,  99.9
 95, 162, 28.82101082, 95.59998218,  99.9
 96, 162, 28.81764008, 95.58980166,   4.0
 97, 162, 28.81422271, 95.57948329,   3.7
 98, 162, 28.81075804, 95.56902521,   3.6
 99, 162, 28.80724542, 95.55842555,   3.5
100, 162, 28.80368417, 95.54768240,   3.4
101, 162, 28.80007361, 95.53679382,   4.2
102, 162, 28.79641305, 95.52575786,   4.1
103, 162, 28.79270177, 95.51457253,   4.1
104, 162, 28.78893907, 95.50323582,   4.0
105, 162, 28.78512421, 95.49174569,   4.0
106, 162, 28.78125647, 95.48010009,   3.9
107, 162, 28.77733510, 95.46829691,   3.9
108, 162, 28.77335934, 95.45633404,   3.8
109, 162, 28.76932842, 95.44420934,   3.8
110, 162, 28.76524157, 95.43192062,   3.7
111, 162, 28.76109799, 95.41946567,   3.7
112, 162, 28.75689688, 95.40684228,   3.7
113, 162, 28.75263743, 95.39404816,   3.6
114, 162, 28.74831880, 95.38108103,   3.6
115, 162, 28.74394018, 95.36793857,   3.6
116, 162, 28.73950069, 95.35461841,   3.6
117, 162, 28.73499949, 95.34111817,   3.5
118, 162, 28.73043569, 95.32743543,   3.5
119, 162, 28.72580840, 95.31356775,   3.5
120, 162, 28.72111674, 95.29951263,   3.5
121, 162, 28.71635977, 95.28526757,   3.5
122, 162, 28.71153658, 95.27083001,   3.4
123, 162, 28.70664622, 95.25619738,   3.4
124, 162, 28.70168774, 95.24136706,   3.4
125, 162, 28.69666016, 95.22633639,   3.4
126, 162, 28.69156250, 95.21110268,   3.3
127, 162, 28.68639377, 95.19566323,   3.3
128, 162, 28.68115295, 95.18001527,   3.3
129, 162, 28.67583901, 95.16415601,   3.3
130, 162, 28.67045091, 95.14808261,   3.3
131, 162, 28.66498759, 95.13179221,   3.2
132, 162, 28.65944797, 95.11528190,   3.2
133, 162, 28.65383097, 95.09854875,   3.2
134, 162, 28.64813547, 95.08158976,   3.2
135, 162, 28.64236036, 95.06440192,   3.1
136, 162, 28.63650448, 95.04698216,   3.1
137, 162, 28.63056669, 95.02932739,   3.1
138, 162, 28.62454581, 95.01143445,   3.1
139, 162, 28.61844065, 94.99330018,   3.1
140, 162, 28.61225000, 94.97492133,   3.1
141, 162, 28.60597262, 94.95629466,   3.0
142, 162, 28.59960727, 94.93741683,   3.0
143, 162, 28.59315269, 94.91828451,   3.0
144, 162, 28.58660760, 94.89889430,   3.0
145, 162, 28.57997067, 94.87924274,   3.0
146, 162, 28.57324061, 94.85932637,   2.9
147, 162, 28.56641605, 94.83914163,   2.9
148, 162, 28.55949564, 94.81868497,   2.9
149, 162, 28.55247799, 94.79795275,   2.9
150, 162, 28.54536169, 94.77694129,   2.9
151, 162, 28.53814533, 94.75564689,   2.9
152, 162, 28.53082744, 94.73406577,   2.8
153, 162, 28.52340656, 94.71219411,   2.8
154, 162, 28.51588121, 94.69002805,   2.8
155, 162, 28.50824985, 94.66756367,   2.8
156, 162, 28.50051095, 94.64479701,   2.8
157, 162, 28.49266295, 94.62172404,   2.8
158, 162, 28.48470427, 94.59834069,   2.8
159, 162, 28.47663329, 94.57464285,   2.7
160, 162, 28.46844838, 94.55062633,   2.7
161, 162, 28.46014787, 94.52628689,   2.7
162, 162, 28.45173009, 94.50162027,   2.7
163, 162, 28.44319332, 94.47662211,   2.7
164, 162, 28.43453582, 94.45128801,   2.7
165, 162, 28.42575584, 94.42561353,   2.7
166, 162, 28.41685156, 94.39959416,   2.7
167, 162, 28.40782119, 94.37322532,   2.6
168, 162, 28.39866286, 94.34650238,   2.6
169, 162, 28.38937471, 94.31942067,   2.6
170, 162, 28.37995482, 94.29197543,   2.6
171, 162, 28.37040127, 94.26416186,   2.6
172, 162, 28.36071208, 94.23597508,   2.6
173, 162, 28.35088527, 94.20741016,   2.6
174, 162, 28.34091880, 94.17846212,   2.6
175, 162, 28.33081063, 94.14912589,   2.6
176, 162, 28.32055864, 94.11939634,   2.6
177, 162, 28.31016074, 94.08926830,   2.6
178, 162, 28.29961475, 94.05873651,   2.6
179, 162, 28.28891849, 94.02779564,   2.6
180, 162, 28.27806973, 93.99644031,   2.6
181, 162, 28.26706622, 93.96466507,   2.6
182, 162, 28.25590566, 93.93246438,   2.6
183, 162, 28.24458572, 93.89983265,   2.6
184, 162, 28.23310403, 93.86676422,   2.6
185, 162, 28.22145819, 93.83325335,   2.6
186, 162, 28.20964575, 93.79929422,   2.6
187, 162, 28.19766424, 93.76488096,   2.6
188, 162, 28.18551112, 93.73000761,   2.6
189, 162, 28.17318385, 93.69466814,   2.6
190, 162, 28.16067982, 93.65885644,   2.7
191, 162, 28.14799638, 93.62256632,   2.7
  1, 163, 29.00063017, 96.13805403,  99.9
  2, 163, 28.99972940, 96.13517212,  99.9
  3, 163, 28.99881631, 96.13225103,  99.9
  4, 163, 28.99789073, 96.12929026,  99.9
  5, 163, 28.99695249, 96.12628926,  99.9
  6, 163, 28.99600142, 96.12324747,  99.9
  7, 163, 28.99503733, 96.12016436,  99.9
  8, 163, 28.99406006, 96.11703936,  99.9
  9, 163, 28.99306942, 96.11387189,  99.9
 10, 163, 28.99206523, 96.11066139,  99.9
 11, 163, 28.99104730, 96.10740727,  99.9
 12, 163, 28.99001543, 96.10410894,  99.9
 13, 163, 28.98896945, 96.10076580,  99.9
 14, 163, 28.98790915, 96.09737724,  99.9
 15, 163, 28.98683433, 96.09394264,  99.9
 16, 163, 28.98574481, 96.09046139,  99.9
 17, 163, 28.98464037, 96.08693284,  99.9
 18, 163, 28.98352081, 96.08335636,  99.9
 19, 163, 28.98238592, 96.07973129,  99.9
 20, 163, 28.98123549, 96.07605698,  99.9
 21, 163, 28.98006931, 96.07233276,  99.9
 22, 163, 28.97888715, 96.06855795,  99.9
 23, 163, 28.97768881, 96.06473187,  99.9
 24, 163, 28.97647405, 96.06085382,  99.9
 25, 163, 28.97524265, 96.05692310,  99.9
 26, 163, 28.97399438, 96.05293898,  99.9
 27, 163, 28.97272900, 96.04890076,  99.9
 28, 163, 28.97144629, 96.04480769,  99.9
 29, 163, 28.97014600, 96.04065904,  99.9
 30, 163, 28.96882789, 96.03645404,  99.9
 31, 163, 28.96749171, 96.03219193,  99.9
 32, 163, 28.96613722, 96.02787195,  99.9
 33, 163, 28.96476416, 96.02349330,  99.9
 34, 163, 28.96337227, 96.01905519,  99.9
 35, 163, 28.96196130, 96.01455682,   2.6
 36, 163, 28.96053098, 96.00999736,  99.9
 37, 163, 28.95908104, 96.00537600,  99.9
 38, 163, 28.95761121, 96.00069188,  99.9
 39, 163, 28.95612122, 95.99594417,  99.9
 40, 163, 28.95461079, 95.99113200,  99.9
 41, 163, 28.95307963, 95.98625450,  99.9
 42, 163, 28.95152747, 95.98131077,  99.9
 43, 163, 28.94995400, 95.97629993,  99.9
 44, 163, 28.94835894, 95.97122107,  99.9
 45, 163, 28.94674198, 95.96607326,  99.9
 46, 163, 28.94510282, 95.96085557,  99.9
 47, 163, 28.94344115, 95.95556706,  99.9
 48, 163, 28.94175667, 95.95020676,  99.9
 49, 163, 28.94004906, 95.94477370,  99.9
 50, 163, 28.93831799, 95.93926690,  99.9
 51, 163, 28.93656314, 95.93368536,  99.9
 52, 163, 28.93478418, 95.92802807,  99.9
 53, 163, 28.93298077, 95.92229400,  99.9
 54, 163, 28.93115259, 95.91648212,  99.9
 55, 163, 28.92929927, 95.91059136,  99.9
 56, 163, 28.92742049, 95.90462067,  99.9
 57, 163, 28.92551587, 95.89856895,  99.9
 58, 163, 28.92358506, 95.89243512,  99.9
 59, 163, 28.92162770, 95.88621807,  99.9
 60, 163, 28.91964343, 95.87991666,  99.9
 61, 163, 28.91763185, 95.87352976,  99.9
 62, 163, 28.91559261, 95.86705621,  99.9
 63, 163, 28.91352530, 95.86049483,  99.9
 64, 163, 28.91142954, 95.85384445,  99.9
 65, 163, 28.90930494, 95.84710385,  99.9
 66, 163, 28.90715110, 95.84027181,  99.9
 67, 163, 28.90496759, 95.83334711,  99.9
 68, 163, 28.90275403, 95.82632848,  99.9
 69, 163, 28.90050997, 95.81921466,  99.9
 70, 163, 28.89823501, 95.81200436,  99.9
 71, 163, 28.89592870, 95.80469627,  99.9
 72, 163, 28.89359062, 95.79728908,  99.9
 73, 163, 28.89122032, 95.78978144,  99.9
 74, 163, 28.88881734, 95.78217200,  99.9
 75, 163, 28.88638124, 95.77445938,  99.9
 76, 163, 28.88391155, 95.76664219,  99.9
 77, 163, 28.88140780, 95.75871902,  99.9
 78, 163, 28.87886951, 95.75068843,  99.9
 79, 163, 28.87629621, 95.74254897,  99.9
 80, 163, 28.87368740, 95.73429917,  99.9
 81, 163, 28.87104259, 95.72593754,  99.9
 82, 163, 28.86836127, 95.71746258,  99.9
 83, 163, 28.86564294, 95.70887275,  99.9
 84, 163, 28.86288707, 95.70016650,  99.9
 85, 163, 28.86009314, 95.69134226,  99.9
 86, 163, 28.85726061, 95.68239844,  99.9
 87, 163, 28.85438895, 95.67333343,   3.1
 88, 163, 28.85147760, 95.66414558,   3.1
 89, 163, 28.84852602, 95.65483324,  99.9
 90, 163, 28.84553362, 95.64539474,  99.9
 91, 163, 28.84249986, 95.63582836,  99.9
 92, 163, 28.83942413, 95.62613239,  99.9
 93, 163, 28.83630585, 95.61630508,  99.9
 94, 163, 28.83314443, 95.60634466,  99.9
 95, 163, 28.82993925, 95.59624933,  99.9
 96, 163, 28.82668971, 95.58601727,  99.9
 97, 163, 28.82339517, 95.57564664,   3.7
 98, 163, 28.82005501, 95.56513558,   3.5
 99, 163, 28.81666858, 95.55448219,   3.4
100, 163, 28.81323523, 95.54368455,   3.4
101, 163, 28.80975430, 95.53274072,   4.2
102, 163, 28.80622512, 95.52164874,   4.2
103, 163, 28.80264700, 95.51040660,   4.1
104, 163, 28.79901926, 95.49901228,   4.1
105, 163, 28.79534120, 95.48746374,   4.0
106, 163, 28.79161210, 95.47575890,   4.0
107, 163, 28.78783125, 95.46389566,   3.9
108, 163, 28.78399790, 95.45187188,   3.9
109, 163, 28.78011133, 95.43968541,   3.8
110, 163, 28.77617077, 95.42733405,   3.8
111, 163, 28.77217547, 95.41481559,   3.7
112, 163, 28.76812464, 95.40212778,   3.7
113, 163, 28.76401750, 95.38926835,   3.7
114, 163, 28.75985326, 95.37623498,   3.6
115, 163, 28.75563109, 95.36302534,   3.6
116, 163, 28.75135018, 95.34963706,   3.6
117, 163, 28.74700970, 95.33606774,   3.6
118, 163, 28.74260880, 95.32231495,   3.6
119, 163, 28.73814661, 95.30837622,   3.5
120, 163, 28.73362227, 95.29424905,   3.5
121, 163, 28.72903489, 95.27993093,   3.5
122, 163, 28.72438358, 95.26541927,   3.5
123, 163, 28.71966742, 95.25071149,   3.4
124, 163, 28.71488550, 95.23580495,   3.4
125, 163, 28.71003686, 95.22069699,   3.4
126, 163, 28.70512056, 95.20538490,   3.4
127, 163, 28.70013564, 95.18986596,   3.3
128, 163, 28.69508111, 95.17413737,   3.3
129, 163, 28.68995597, 95.15819634,   3.3
130, 163, 28.68475922, 95.14204001,   3.3
131, 163, 28.67948984, 95.12566551,   3.3
132, 163, 28.67414678, 95.10906990,   3.2
133, 163, 28.66872898, 95.09225024,   3.2
134, 163, 28.66323538, 95.07520351,   3.2
135, 163, 28.65766488, 95.05792667,   3.2
136, 163, 28.65201639, 95.04041666,   3.1
137, 163, 28.64628878, 95.02267034,   3.1
138, 163, 28.64048091, 95.00468456,   3.1
139, 163, 28.63459164, 94.98645611,   3.1
140, 163, 28.62861978, 94.96798175,   3.1
141, 163, 28.62256415, 94.94925819,   3.1
142, 163, 28.61642354, 94.93028211,   3.0
143, 163, 28.61019673, 94.91105012,   3.0
144, 163, 28.60388246, 94.89155881,   3.0
145, 163, 28.59747949, 94.87180472,   3.0
146, 163, 28.59098652, 94.85178434,   3.0
147, 163, 28.58440225, 94.83149411,   2.9
148, 163, 28.57772537, 94.81093044,   2.9
149, 163, 28.57095453, 94.79008967,   2.9
150, 163, 28.56408836, 94.76896812,   2.9
151, 163, 28.55712550, 94.74756204,   2.9
152, 163, 28.55006452, 94.72586763,   2.9
153, 163, 28.54290401, 94.70388106,   2.8
154, 163, 28.53564253, 94.68159844,   2.8
155, 163, 28.52827859, 94.65901582,   2.8
156, 163, 28.52081071, 94.63612921,   2.8
157, 163, 28.51323738, 94.61293457,   2.8
158, 163, 28.50555705, 94.58942780,   2.8
159, 163, 28.49776817, 94.56560474,   2.8
160, 163, 28.48986915, 94.54146120,   2.7
161, 163, 28.48185838, 94.51699292,   2.7
162, 163, 28.47373423, 94.49219558,   2.7
163, 163, 28.46549503, 94.46706481,   2.7
164, 163, 28.45713910, 94.44159620,   2.7
165, 163, 28.44866473, 94.41578524,   2.7
166, 163, 28.44007018, 94.38962742,   2.7
167, 163, 28.43135368, 94.36311812,   2.7
168, 163, 28.42251345, 94.33625269,   2.6
169, 163, 28.41354765, 94.30902641,   2.6
170, 163, 28.40445445, 94.28143450,   2.6
171, 163, 28.39523197, 94.25347212,   2.6
172, 163, 28.38587829, 94.22513438,   2.6
173, 163, 28.37639147, 94.19641630,   2.6
174, 163, 28.36676957, 94.16731286,   2.6
175, 163, 28.35701056, 94.13781896,   2.6
176, 163, 28.34711244, 94.10792945,   2.6
177, 163, 28.33707312, 94.07763911,   2.6
178, 163, 28.32689053, 94.04694264,   2.6
179, 163, 28.31656253, 94.01583469,   2.6
180, 163, 28.30608696, 93.98430983,   2.6
181, 163, 28.29546163, 93.95236257,   2.6
182, 163, 28.28468430, 93.91998735,   2.6
183, 163, 28.27375273, 93.88717853,   2.6
184, 163, 28.26266459, 93.85393040,   2.6
185, 163, 28.25141756, 93.82023720,   2.6
186, 163, 28.24000927, 93.78609305,   2.6
187, 163, 28.22843729, 93.75149206,   2.6
188, 163, 28.21669919, 93.71642820,   2.6
189, 163, 28.20479246, 93.68089542,   2.6
190, 163, 28.19271459, 93.64488755,   2.7
191, 163, 28.18046300, 93.60839838,   2.7
  1, 164, 29.00315284, 96.13705578,  99.9
  2, 164, 29.00228637, 96.13416022,  99.9
  3, 164, 29.00140804, 96.13122530,  99.9
  4, 164, 29.00051770, 96.12825051,  99.9
  5, 164, 28.99961519, 96.12523529,  99.9
  6, 164, 28.99870032, 96.12217910,  99.9
  7, 164, 28.99777294, 96.11908138,  99.9
  8, 164, 28.99683286, 96.11594157,  99.9
  9, 164, 28.99587992, 96.11275909,  99.9
 10, 164, 28.99491394, 96.10953338,  99.9
 11, 164, 28.99393474, 96.10626383,  99.9
 12, 164, 28.99294214, 96.10294986,  99.9
 13, 164, 28.99193594, 96.09959087,  99.9
 14, 164, 28.99091598, 96.09618624,  99.9
 15, 164, 28.98988205, 96.09273535,  99.9
 16, 164, 28.98883396, 96.08923758,  99.9
 17, 164, 28.98777152, 96.08569228,  99.9
 18, 164, 28.98669453, 96.08209883,  99.9
 19, 164, 28.98560279, 96.07845655,  99.9
 20, 164, 28.98449609, 96.07476480,  99.9
 21, 164, 28.98337424, 96.07102290,  99.9
 22, 164, 28.98223701, 96.06723016,  99.9
 23, 164, 28.98108421, 96.06338591,  99.9
 24, 164, 28.97991561, 96.05948943,  99.9
 25, 164, 28.97873100, 96.05554003,  99.9
 26, 164, 28.97753015, 96.05153698,  99.9
 27, 164, 28.97631284, 96.04747956,  99.9
 28, 164, 28.97507885, 96.04336703,  99.9
 29, 164, 28.97382794, 96.03919865,  99.9
 30, 164, 28.97255989, 96.03497365,  99.9
 31, 164, 28.97127444, 96.03069127,  99.9
 32, 164, 28.96997137, 96.02635073,  99.9
 33, 164, 28.96865042, 96.02195124,  99.9
 34, 164, 28.96731136, 96.01749200,  99.9
 35, 164, 28.96595393, 96.01297221,   2.6
 36, 164, 28.96457788, 96.00839104,  99.9
 37, 164, 28.96318295, 96.00374766,  99.9
 38, 164, 28.96176888, 95.99904124,  99.9
 39, 164, 28.96033540, 95.99427090,  99.9
 40, 164, 28.95888225, 95.98943579,  99.9
 41, 164, 28.95740915, 95.98453503,  99.9
 42, 164, 28.95591583, 95.97956773,  99.9
 43, 164, 28.95440201, 95.97453299,  99.9
 44, 164, 28.95286740, 95.96942990,  99.9
 45, 164, 28.95131172, 95.96425752,  99.9
 46, 164, 28.94973467, 95.95901493,  99.9
 47, 164, 28.94813595, 95.95370116,  99.9
 48, 164, 28.94651527, 95.94831526,  99.9
 49, 164, 28.94487233, 95.94285625,  99.9
 50, 164, 28.94320681, 95.93732314,  99.9
 51, 164, 28.94151839, 95.93171493,  99.9
 52, 164, 28.93980677, 95.92603059,  99.9
 53, 164, 28.93807162, 95.92026910,  99.9
 54, 164, 28.93631262, 95.91442942,  99.9
 55, 164, 28.93452942, 95.90851048,  99.9
 56, 164, 28.93272171, 95.90251121,  99.9
 57, 164, 28.93088912, 95.89643052,  99.9
 58, 164, 28.92903133, 95.89026732,  99.9
 59, 164, 28.92714798, 95.88402049,  99.9
 60, 164, 28.92523871, 95.87768889,  99.9
 61, 164, 28.92330316, 95.87127138,  99.9
 62, 164, 28.92134097, 95.86476679,  99.9
 63, 164, 28.91935176, 95.85817395,  99.9
 64, 164, 28.91733517, 95.85149166,  99.9
 65, 164, 28.91529080, 95.84471871,  99.9
 66, 164, 28.91321828, 95.83785388,  99.9
 67, 164, 28.91111721, 95.83089593,  99.9
 68, 164, 28.90898719, 95.82384359,  99.9
 69, 164, 28.90682781, 95.81669558,  99.9
 70, 164, 28.90463867, 95.80945063,  99.9
 71, 164, 28.90241936, 95.80210740,  99.9
 72, 164, 28.90016945, 95.79466458,  99.9
 73, 164, 28.89788851, 95.78712082,  99.9
 74, 164, 28.89557611, 95.77947476,  99.9
 75, 164, 28.89323182, 95.77172501,  99.9
 76, 164, 28.89085518, 95.76387016,  99.9
 77, 164, 28.88844574, 95.75590881,  99.9
 78, 164, 28.88600305, 95.74783951,  99.9
 79, 164, 28.88352663, 95.73966080,  99.9
 80, 164, 28.88101603, 95.73137121,  99.9
 81, 164, 28.87847075, 95.72296924,  99.9
 82, 164, 28.87589031, 95.71445336,  99.9
 83, 164, 28.87327423, 95.70582205,  99.9
 84, 164, 28.87062199, 95.69707374,  99.9
 85, 164, 28.86793310, 95.68820685,  99.9
 86, 164, 28.86520704, 95.67921978,   3.0
 87, 164, 28.86244328, 95.67011091,   3.0
 88, 164, 28.85964131, 95.66087860,  99.9
 89, 164, 28.85680057, 95.65152118,  99.9
 90, 164, 28.85392053, 95.64203696,  99.9
 91, 164, 28.85100064, 95.63242423,  99.9
 92, 164, 28.84804033, 95.62268126,  99.9
 93, 164, 28.84503903, 95.61280629,  99.9
 94, 164, 28.84199617, 95.60279753,  99.9
 95, 164, 28.83891117, 95.59265319,  99.9
 96, 164, 28.83578342, 95.58237144,   3.2
 97, 164, 28.83261234, 95.57195043,   3.4
 98, 164, 28.82939729, 95.56138827,   3.4
 99, 164, 28.82613768, 95.55068306,   3.3
100, 164, 28.82283286, 95.53983288,   3.2
101, 164, 28.81948220, 95.52883578,   3.1
102, 164, 28.81608505, 95.51768976,   4.2
103, 164, 28.81264076, 95.50639284,   4.2
104, 164, 28.80914866, 95.49494297,   4.1
105, 164, 28.80560806, 95.48333809,   4.1
106, 164, 28.80201830, 95.47157612,   4.0
107, 164, 28.79837866, 95.45965494,   4.0
108, 164, 28.79468845, 95.44757241,   3.9
109, 164, 28.79094694, 95.43532636,   3.9
110, 164, 28.78715341, 95.42291458,   3.8
111, 164, 28.78330712, 95.41033485,   3.8
112, 164, 28.77940733, 95.39758491,   3.7
113, 164, 28.77545327, 95.38466246,   3.7
114, 164, 28.77144416, 95.37156519,   3.7
115, 164, 28.76737924, 95.35829075,   3.6
116, 164, 28.76325771, 95.34483675,   3.6
117, 164, 28.75907875, 95.33120078,   3.6
118, 164, 28.75484155, 95.31738039,   3.6
119, 164, 28.75054529, 95.30337312,   3.6
120, 164, 28.74618912, 95.28917643,   3.5
121, 164, 28.74177218, 95.27478780,   3.5
122, 164, 28.73729361, 95.26020464,   3.5
123, 164, 28.73275253, 95.24542435,   3.5
124, 164, 28.72814805, 95.23044426,   3.4
125, 164, 28.72347925, 95.21526171,   3.4
126, 164, 28.71874522, 95.19987398,   3.4
127, 164, 28.71394503, 95.18427831,   3.4
128, 164, 28.70907773, 95.16847191,   3.3
129, 164, 28.70414235, 95.15245196,   3.3
130, 164, 28.69913792, 95.13621559,   3.3
131, 164, 28.69406346, 95.11975990,   3.3
132, 164, 28.68891794, 95.10308196,   3.3
133, 164, 28.68370036, 95.08617878,   3.2
134, 164, 28.67840967, 95.06904735,   3.2
135, 164, 28.67304484, 95.05168460,   3.2
136, 164, 28.66760477, 95.03408745,   3.2
137, 164, 28.66208841, 95.01625275,   3.1
138, 164, 28.65649464, 94.99817732,   3.1
139, 164, 28.65082234, 94.97985794,   3.1
140, 164, 28.64507039, 94.96129136,   3.1
141, 164, 28.63923764, 94.94247425,   3.1
142, 164, 28.63332291, 94.92340328,   3.1
143, 164, 28.62732502, 94.90407504,   3.0
144, 164, 28.62124277, 94.88448610,   3.0
145, 164, 28.61507493, 94.86463298,   3.0
146, 164, 28.60882027, 94.84451215,   3.0
147, 164, 28.60247753, 94.82412003,   3.0
148, 164, 28.59604542, 94.80345299,   2.9
149, 164, 28.58952265, 94.78250738,   2.9
150, 164, 28.58290789, 94.76127947,   2.9
151, 164, 28.57619982, 94.73976550,   2.9
152, 164, 28.56939708, 94.71796165,   2.9
153, 164, 28.56249828, 94.69586406,   2.9
154, 164, 28.55550202, 94.67346882,   2.8
155, 164, 28.54840688, 94.65077195,   2.8
156, 164, 28.54121141, 94.62776944,   2.8
157, 164, 28.53391416, 94.60445722,   2.8
158, 164, 28.52651363, 94.58083117,   2.8
159, 164, 28.51900831, 94.55688711,   2.8
160, 164, 28.51139666, 94.53262081,   2.8
161, 164, 28.50367712, 94.50802799,   2.7
162, 164, 28.49584811, 94.48310431,   2.7
163, 164, 28.48790803, 94.45784536,   2.7
164, 164, 28.47985523, 94.43224670,   2.7
165, 164, 28.47168807, 94.40630382,   2.7
166, 164, 28.46340485, 94.38001214,   2.7
167, 164, 28.45500386, 94.35336704,   2.7
168, 164, 28.44648338, 94.32636383,   2.6
169, 164, 28.43784162, 94.29899776,   2.6
170, 164, 28.42907681, 94.27126403,   2.6
171, 164, 28.42018712, 94.24315775,   2.6
172, 164, 28.41117070, 94.21467400,   2.6
173, 164, 28.40202567, 94.18580779,   2.6
174, 164, 28.39275013, 94.15655404,   2.6
175, 164, 28.38334214, 94.12690763,   2.6
176, 164, 28.37379972, 94.09686338,   2.6
177, 164, 28.36412089, 94.06641603,   2.6
178, 164, 28.35430360, 94.03556024,   2.6
179, 164, 28.34434580, 94.00429063,   2.6
180, 164, 28.33424539, 93.97260174,   2.6
181, 164, 28.32400023, 93.94048803,   2.6
182, 164, 28.31360818, 93.90794391,   2.6
183, 164, 28.30306702, 93.87496370,   2.6
184, 164, 28.29237453, 93.84154166,   2.6
185, 164, 28.28152843, 93.80767196,   2.6
186, 164, 28.27052643, 93.77334873,   2.6
187, 164, 28.25936618, 93.73856599,   2.6
188, 164, 28.24804529, 93.70331771,   2.6
189, 164, 28.23656136, 93.66759776,   2.6
190, 164, 28.22491193, 93.63139996,   2.7
191, 164, 28.21309449, 93.59471804,   2.7
  1, 165, 29.00568712, 96.13609634,  99.9
  2, 165, 29.00485511, 96.13318766,  99.9
  3, 165, 29.00401172, 96.13023945,  99.9
  4, 165, 29.00315679, 96.12725118,  99.9
  5, 165, 29.00229015, 96.12422230,  99.9
  6, 165, 29.00141166, 96.12115225,  99.9
  7, 165, 29.00052114, 96.11804049,  99.9
  8, 165, 28.99961844, 96.11488644,  99.9
  9, 165, 28.99870338, 96.11168954,  99.9
 10, 165, 28.99777579, 96.10844919,  99.9
 11, 165, 28.99683550, 96.10516481,  99.9
 12, 165, 28.99588233, 96.10183581,  99.9
 13, 165, 28.99491612, 96.09846157,  99.9
 14, 165, 28.99393667, 96.09504149,  99.9
 15, 165, 28.99294381, 96.09157493,  99.9
 16, 165, 28.99193735, 96.08806128,  99.9
 17, 165, 28.99091711, 96.08449989,  99.9
 18, 165, 28.98988288, 96.08089011,  99.9
 19, 165, 28.98883449, 96.07723130,  99.9
 20, 165, 28.98777174, 96.07352277,  99.9
 21, 165, 28.98669442, 96.06976386,  99.9
 22, 165, 28.98560233, 96.06595389,  99.9
 23, 165, 28.98449528, 96.06209216,  99.9
 24, 165, 28.98337306, 96.05817797,  99.9
 25, 165, 28.98223545, 96.05421060,  99.9
 26, 165, 28.98108225, 96.05018935,  99.9
 27, 165, 28.97991323, 96.04611347,  99.9
 28, 165, 28.97872818, 96.04198223,  99.9
 29, 165, 28.97752689, 96.03779487,  99.9
 30, 165, 28.97630911, 96.03355064,  99.9
 31, 165, 28.97507463, 96.02924876,  99.9
 32, 165, 28.97382322, 96.02488845,  99.9
 33, 165, 28.97255464, 96.02046892,  99.9
 34, 165, 28.97126865, 96.01598937,  99.9
 35, 165, 28.96996502, 96.01144898,   2.6
 36, 165, 28.96864349, 96.00684693,  99.9
 37, 165, 28.96730382, 96.00218238,  99.9
 38, 165, 28.96594577, 95.99745449,  99.9
 39, 165, 28.96456907, 95.99266240,  99.9
 40, 165, 28.96317346, 95.98780523,  99.9
 41, 165, 28.96175869, 95.98288210,  99.9
 42, 165, 28.96032449, 95.97789213,  99.9
 43, 165, 28.95887059, 95.97283440,  99.9
 44, 165, 28.95739672, 95.96770800,  99.9
 45, 165, 28.95590259, 95.96251200,  99.9
 46, 165, 28.95438794, 95.95724545,  99.9
 47, 165, 28.95285247, 95.95190740,  99.9
 48, 165, 28.95129589, 95.94649688,  99.9
 49, 165, 28.94971792, 95.94101291,  99.9
 50, 165, 28.94811825, 95.93545449,  99.9
 51, 165, 28.94649659, 95.92982061,  99.9
 52, 165, 28.94485263, 95.92411026,  99.9
 53, 165, 28.94318605, 95.91832240,  99.9
 54, 165, 28.94149655, 95.91245597,  99.9
 55, 165, 28.93978380, 95.90650992,  99.9
 56, 165, 28.93804748, 95.90048316,  99.9
 57, 165, 28.93628727, 95.89437461,  99.9
 58, 165, 28.93450284, 95.88818315,  99.9
 59, 165, 28.93269383, 95.88190767,  99.9
 60, 165, 28.93085992, 95.87554703,  99.9
 61, 165, 28.92900075, 95.86910006,  99.9
 62, 165, 28.92711598, 95.86256562,  99.9
 63, 165, 28.92520525, 95.85594250,  99.9
 64, 165, 28.92326818, 95.84922952,  99.9
 65, 165, 28.92130443, 95.84242546,  99.9
 66, 165, 28.91931361, 95.83552908,  99.9
 67, 165, 28.91729535, 95.82853913,  99.9
 68, 165, 28.91524927, 95.82145435,  99.9
 69, 165, 28.91317497, 95.81427346,  99.9
 70, 165, 28.91107207, 95.80699516,  99.9
 71, 165, 28.90894015, 95.79961813,  99.9
 72, 165, 28.90677883, 95.79214103,  99.9
 73, 165, 28.90458767, 95.78456251,  99.9
 74, 165, 28.90236628, 95.77688120,  99.9
 75, 165, 28.90011423, 95.76909571,  99.9
 76, 165, 28.89783108, 95.76120464,  99.9
 77, 165, 28.89551640, 95.75320655,  99.9
 78, 165, 28.89316975, 95.74510000,  99.9
 79, 165, 28.89079068, 95.73688352,  99.9
 80, 165, 28.88837874, 95.72855563,  99.9
 81, 165, 28.88593346, 95.72011483,  99.9
 82, 165, 28.88345438, 95.71155958,  99.9
 83, 165, 28.88094103, 95.70288834,  99.9
 84, 165, 28.87839292, 95.69409954,  99.9
 85, 165, 28.87580957, 95.68519161,  99.9
 86, 165, 28.87319047, 95.67616292,   3.0
 87, 165, 28.87053513, 95.66701184,  99.9
 88, 165, 28.86784304, 95.65773674,  99.9
 89, 165, 28.86511368, 95.64833592,  99.9
 90, 165, 28.86234652, 95.63880769,  99.9
 91, 165, 28.85954104, 95.62915034,  99.9
 92, 165, 28.85669670, 95.61936212,  99.9
 93, 165, 28.85381294, 95.60944127,  99.9
 94, 165, 28.85088921, 95.59938599,  99.9
 95, 165, 28.84792494, 95.58919447,   3.1
 96, 165, 28.84491958, 95.57886488,   3.2
 97, 165, 28.84187252, 95.56839535,   3.3
 98, 165, 28.83878320, 95.55778400,   3.3
 99, 165, 28.83565100, 95.54702891,   3.2
100, 165, 28.83247533, 95.53612814,   3.2
101, 165, 28.82925556, 95.52507973,   3.1
102, 165, 28.82599108, 95.51388170,   3.2
103, 165, 28.82268124, 95.50253202,   4.2
104, 165, 28.81932542, 95.49102865,   4.2
105, 165, 28.81592295, 95.47936952,   4.1
106, 165, 28.81247318, 95.46755254,   4.1
107, 165, 28.80897544, 95.45557557,   4.0
108, 165, 28.80542904, 95.44343646,   3.9
109, 165, 28.80183329, 95.43113303,   3.9
110, 165, 28.79818749, 95.41866306,   3.9
111, 165, 28.79449093, 95.40602432,   3.8
112, 165, 28.79074289, 95.39321453,   3.8
113, 165, 28.78694264, 95.38023139,   3.7
114, 165, 28.78308943, 95.36707257,   3.7
115, 165, 28.77918250, 95.35373571,   3.7
116, 165, 28.77522110, 95.34021840,   3.7
117, 165, 28.77120444, 95.32651823,   3.6
118, 165, 28.76713175, 95.31263273,   3.6
119, 165, 28.76300220, 95.29855941,   3.6
120, 165, 28.75881500, 95.28429576,   3.6
121, 165, 28.75456933, 95.26983920,   3.5
122, 165, 28.75026433, 95.25518715,   3.5
123, 165, 28.74589917, 95.24033698,   3.5
124, 165, 28.74147299, 95.22528604,   3.5
125, 165, 28.73698490, 95.21003162,   3.4
126, 165, 28.73243402, 95.19457099,   3.4
127, 165, 28.72781946, 95.17890138,   3.4
128, 165, 28.72314029, 95.16302000,   3.4
129, 165, 28.71839559, 95.14692399,   3.3
130, 165, 28.71358441, 95.13061048,   3.3
131, 165, 28.70870580, 95.11407655,   3.3
132, 165, 28.70375879, 95.09731925,   3.3
133, 165, 28.69874240, 95.08033557,   3.3
134, 165, 28.69365562, 95.06312249,   3.2
135, 165, 28.68849743, 95.04567693,   3.2
136, 165, 28.68326682, 95.02799578,   3.2
137, 165, 28.67796272, 95.01007588,   3.2
138, 165, 28.67258409, 94.99191402,   3.2
139, 165, 28.66712983, 94.97350698,   3.1
140, 165, 28.66159887, 94.95485148,   3.1
141, 165, 28.65599007, 94.93594417,   3.1
142, 165, 28.65030233, 94.91678170,   3.1
143, 165, 28.64453449, 94.89736066,   3.1
144, 165, 28.63868538, 94.87767757,   3.0
145, 165, 28.63275384, 94.85772895,   3.0
146, 165, 28.62673865, 94.83751124,   3.0
147, 165, 28.62063861, 94.81702084,   3.0
148, 165, 28.61445248, 94.79625412,   3.0
149, 165, 28.60817899, 94.77520738,   2.9
150, 165, 28.60181689, 94.75387688,   2.9
151, 165, 28.59536487, 94.73225884,   2.9
152, 165, 28.58882163, 94.71034941,   2.9
153, 165, 28.58218582, 94.68814471,   2.9
154, 165, 28.57545610, 94.66564081,   2.9
155, 165, 28.56863109, 94.64283371,   2.8
156, 165, 28.56170939, 94.61971937,   2.8
157, 165, 28.55468958, 94.59629369,   2.8
158, 165, 28.54757023, 94.57255254,   2.8
159, 165, 28.54034987, 94.54849171,   2.8
160, 165, 28.53302702, 94.52410694,   2.8
161, 165, 28.52560016, 94.49939392,   2.8
162, 165, 28.51806777, 94.47434828,   2.7
163, 165, 28.51042829, 94.44896561,   2.7
164, 165, 28.50268014, 94.42324143,   2.7
165, 165, 28.49482171, 94.39717118,   2.7
166, 165, 28.48685138, 94.37075028,   2.7
167, 165, 28.47876749, 94.34397406,   2.7
168, 165, 28.47056835, 94.31683782,   2.7
169, 165, 28.46225226, 94.28933677,   2.6
170, 165, 28.45381749, 94.26146608,   2.6
171, 165, 28.44526226, 94.23322084,   2.6
172, 165, 28.43658480, 94.20459609,   2.6
173, 165, 28.42778327, 94.17558679,   2.6
174, 165, 28.41885584, 94.14618787,   2.6
175, 165, 28.40980063, 94.11639415,   2.6
176, 165, 28.40061572, 94.08620041,   2.6
177, 165, 28.39129919, 94.05560137,   2.6
178, 165, 28.38184906, 94.02459166,   2.6
179, 165, 28.37226334, 93.99316585,   2.6
180, 165, 28.36253999, 93.96131845,   2.6
181, 165, 28.35267695, 93.92904390,   2.6
182, 165, 28.34267212, 93.89633655,   2.6
183, 165, 28.33252337, 93.86319069,   2.6
184, 165, 28.32222854, 93.82960055,   2.6
185, 165, 28.31178543, 93.79556026,   2.6
186, 165, 28.30119179, 93.76106390,   2.6
187, 165, 28.29044537, 93.72610546,   2.6
188, 165, 28.27954385, 93.69067887,   2.6
189, 165, 28.26848488, 93.65477795,   2.6
190, 165, 28.25726609, 93.61839649,   2.7
191, 165, 28.24588505, 93.58152816,   2.7
  1, 166, 29.00823257, 96.13517591,  99.9
  2, 166, 29.00743517, 96.13225464,  99.9
  3, 166, 29.00662686, 96.12929367,  99.9
  4, 166, 29.00580749, 96.12629246,  99.9
  5, 166, 29.00497690, 96.12325046,  99.9
  6, 166, 29.00413494, 96.12016712,  99.9
  7, 166, 29.00328146, 96.11704188,  99.9
  8, 166, 29.00241629, 96.11387417,  99.9
  9, 166, 29.00153927, 96.11066342,  99.9
 10, 166, 29.00065024, 96.10740903,  99.9
 11, 166, 28.99974904, 96.10411042,  99.9
 12, 166, 28.99883549, 96.10076698,  99.9
 13, 166, 28.99790943, 96.09737812,  99.9
 14, 166, 28.99697068, 96.09394320,  99.9
 15, 166, 28.99601908, 96.09046162,  99.9
 16, 166, 28.99505443, 96.08693272,  99.9
 17, 166, 28.99407657, 96.08335588,  99.9
 18, 166, 28.99308530, 96.07973044,  99.9
 19, 166, 28.99208045, 96.07605574,  99.9
 20, 166, 28.99106183, 96.07233112,  99.9
 21, 166, 28.99002924, 96.06855589,  99.9
 22, 166, 28.98898250, 96.06472937,  99.9
 23, 166, 28.98792140, 96.06085087,  99.9
 24, 166, 28.98684576, 96.05691967,  99.9
 25, 166, 28.98575537, 96.05293507,  99.9
 26, 166, 28.98465002, 96.04889634,  99.9
 27, 166, 28.98352950, 96.04480274,  99.9
 28, 166, 28.98239362, 96.04065354,  99.9
 29, 166, 28.98124216, 96.03644797,  99.9
 30, 166, 28.98007489, 96.03218527,  99.9
 31, 166, 28.97889161, 96.02786468,  99.9
 32, 166, 28.97769208, 96.02348539,  99.9
 33, 166, 28.97647610, 96.01904663,  99.9
 34, 166, 28.97524342, 96.01454757,  99.9
 35, 166, 28.97399382, 96.00998741,   2.6
 36, 166, 28.97272706, 96.00536532,  99.9
 37, 166, 28.97144290, 96.00068044,  99.9
 38, 166, 28.97014111, 95.99593195,  99.9
 39, 166, 28.96882144, 95.99111896,  99.9
 40, 166, 28.96748363, 95.98624062,  99.9
 41, 166, 28.96612745, 95.98129602,  99.9
 42, 166, 28.96475264, 95.97628428,  99.9
 43, 166, 28.96335893, 95.97120449,  99.9
 44, 166, 28.96194606, 95.96605571,  99.9
 45, 166, 28.96051377, 95.96083702,  99.9
 46, 166, 28.95906179, 95.95554748,  99.9
 47, 166, 28.95758985, 95.95018611,  99.9
 48, 166, 28.95609766, 95.94475195,  99.9
 49, 166, 28.95458495, 95.93924400,  99.9
 50, 166, 28.95305143, 95.93366128,  99.9
 51, 166, 28.95149682, 95.92800277,  99.9
 52, 166, 28.94992081, 95.92226744,  99.9
 53, 166, 28.94832311, 95.91645425,  99.9
 54, 166, 28.94670343, 95.91056215,  99.9
 55, 166, 28.94506144, 95.90459006,  99.9
 56, 166, 28.94339685, 95.89853691,  99.9
 57, 166, 28.94170934, 95.89240160,  99.9
 58, 166, 28.93999858, 95.88618301,  99.9
 59, 166, 28.93826426, 95.87988002,  99.9
 60, 166, 28.93650604, 95.87349148,  99.9
 61, 166, 28.93472360, 95.86701623,  99.9
 62, 166, 28.93291659, 95.86045312,  99.9
 63, 166, 28.93108468, 95.85380093,  99.9
 64, 166, 28.92922751, 95.84705847,  99.9
 65, 166, 28.92734473, 95.84022452,  99.9
 66, 166, 28.92543599, 95.83329783,  99.9
 67, 166, 28.92350091, 95.82627716,  99.9
 68, 166, 28.92153914, 95.81916123,  99.9
 69, 166, 28.91955030, 95.81194875,  99.9
 70, 166, 28.91753402, 95.80463842,  99.9
 71, 166, 28.91548990, 95.79722891,  99.9
 72, 166, 28.91341755, 95.78971889,  99.9
 73, 166, 28.91131659, 95.78210698,  99.9
 74, 166, 28.90918662, 95.77439182,  99.9
 75, 166, 28.90702721, 95.76657201,  99.9
 76, 166, 28.90483798, 95.75864613,  99.9
 77, 166, 28.90261848, 95.75061275,  99.9
 78, 166, 28.90036831, 95.74247041,  99.9
 79, 166, 28.89808702, 95.73421765,  99.9
 80, 166, 28.89577419, 95.72585297,  99.9
 81, 166, 28.89342937, 95.71737486,  99.9
 82, 166, 28.89105211, 95.70878178,  99.9
 83, 166, 28.88864195, 95.70007218,  99.9
 84, 166, 28.88619844, 95.69124449,  99.9
 85, 166, 28.88372110, 95.68229711,  99.9
 86, 166, 28.88120945, 95.67322843,   3.0
 87, 166, 28.87866302, 95.66403680,  99.9
 88, 166, 28.87608131, 95.65472057,  99.9
 89, 166, 28.87346383, 95.64527806,  99.9
 90, 166, 28.87081007, 95.63570755,  99.9
 91, 166, 28.86811952, 95.62600732,  99.9
 92, 166, 28.86539167, 95.61617562,  99.9
 93, 166, 28.86262598, 95.60621067,  99.9
 94, 166, 28.85982192, 95.59611068,  99.9
 95, 166, 28.85697894, 95.58587382,   3.1
 96, 166, 28.85409651, 95.57549825,   3.2
 97, 166, 28.85117406, 95.56498210,  99.9
 98, 166, 28.84821102, 95.55432346,   3.2
 99, 166, 28.84520682, 95.54352042,   3.2
100, 166, 28.84216088, 95.53257103,   3.1
101, 166, 28.83907260, 95.52147332,   3.1
102, 166, 28.83594138, 95.51022528,   3.1
103, 166, 28.83276663, 95.49882489,   3.2
104, 166, 28.82954771, 95.48727009,   4.2
105, 166, 28.82628400, 95.47555881,   4.2
106, 166, 28.82297486, 95.46368893,   4.1
107, 166, 28.81961966, 95.45165833,   4.1
108, 166, 28.81621772, 95.43946482,   4.0
109, 166, 28.81276840, 95.42710622,   3.9
110, 166, 28.80927101, 95.41458031,   3.9
111, 166, 28.80572486, 95.40188483,   3.8
112, 166, 28.80212928, 95.38901750,   3.8
113, 166, 28.79848354, 95.37597600,   3.8
114, 166, 28.79478693, 95.36275799,   3.7
115, 166, 28.79103873, 95.34936110,   3.7
116, 166, 28.78723820, 95.33578291,   3.7
117, 166, 28.78338459, 95.32202100,   3.7
118, 166, 28.77947715, 95.30807288,   3.6
119, 166, 28.77551509, 95.29393605,   3.6
120, 166, 28.77149765, 95.27960798,   3.6
121, 166, 28.76742402, 95.26508608,   3.6
122, 166, 28.76329340, 95.25036777,   3.5
123, 166, 28.75910498, 95.23545040,   3.5
124, 166, 28.75485791, 95.22033128,   3.5
125, 166, 28.75055137, 95.20500772,   3.5
126, 166, 28.74618449, 95.18947696,   3.4
127, 166, 28.74175641, 95.17373623,   3.4
128, 166, 28.73726624, 95.15778270,   3.4
129, 166, 28.73271310, 95.14161352,   3.4
130, 166, 28.72809607, 95.12522578,   3.3
131, 166, 28.72341423, 95.10861657,   3.3
132, 166, 28.71866665, 95.09178290,   3.3
133, 166, 28.71385238, 95.07472176,   3.3
134, 166, 28.70897045, 95.05743011,   3.3
135, 166, 28.70401989, 95.03990485,   3.2
136, 166, 28.69899969, 95.02214285,   3.2
137, 166, 28.69390886, 95.00414095,   3.2
138, 166, 28.68874636, 94.98589591,   3.2
139, 166, 28.68351117, 94.96740449,   3.2
140, 166, 28.67820222, 94.94866338,   3.1
141, 166, 28.67281843, 94.92966925,   3.1
142, 166, 28.66735874, 94.91041870,   3.1
143, 166, 28.66182202, 94.89090830,   3.1
144, 166, 28.65620715, 94.87113457,   3.1
145, 166, 28.65051301, 94.85109400,   3.0
146, 166, 28.64473843, 94.83078301,   3.0
147, 166, 28.63888223, 94.81019798,   3.0
148, 166, 28.63294323, 94.78933526,   3.0
149, 166, 28.62692021, 94.76819112,   3.0
150, 166, 28.62081195, 94.74676182,   2.9
151, 166, 28.61461720, 94.72504354,   2.9
152, 166, 28.60833468, 94.70303242,   2.9
153, 166, 28.60196311, 94.68072456,   2.9
154, 166, 28.59550119, 94.65811599,   2.9
155, 166, 28.58894759, 94.63520269,   2.9
156, 166, 28.58230095, 94.61198062,   2.8
157, 166, 28.57555990, 94.58844564,   2.8
158, 166, 28.56872307, 94.56459358,   2.8
159, 166, 28.56178903, 94.54042023,   2.8
160, 166, 28.55475635, 94.51592130,   2.8
161, 166, 28.54762357, 94.49109245,   2.8
162, 166, 28.54038921, 94.46592929,   2.8
163, 166, 28.53305177, 94.44042738,   2.7
164, 166, 28.52560972, 94.41458220,   2.7
165, 166, 28.51806151, 94.38838918,   2.7
166, 166, 28.51040557, 94.36184371,   2.7
167, 166, 28.50264028, 94.33494111,   2.7
168, 166, 28.49476404, 94.30767661,   2.7
169, 166, 28.48677519, 94.28004542,   2.7
170, 166, 28.47867204, 94.25204267,   2.6
171, 166, 28.47045289, 94.22366343,   2.6
172, 166, 28.46211602, 94.19490270,   2.6
173, 166, 28.45365966, 94.16575542,   2.6
174, 166, 28.44508203, 94.13621647,   2.6
175, 166, 28.43638130, 94.10628066,   2.6
176, 166, 28.42755564, 94.07594273,   2.6
177, 166, 28.41860317, 94.04519736,   2.6
178, 166, 28.40952199, 94.01403915,   2.6
179, 166, 28.40031016, 93.98246265,   2.6
180, 166, 28.39096571, 93.95046231,   2.6
181, 166, 28.38148664, 93.91803255,   2.6
182, 166, 28.37187093, 93.88516768,   2.6
183, 166, 28.36211652, 93.85186196,   2.6
184, 166, 28.35222130, 93.81810957,   2.6
185, 166, 28.34218314, 93.78390462,   2.6
186, 166, 28.33199989, 93.74924113,   2.6
187, 166, 28.32166933, 93.71411308,   2.6
188, 166, 28.31118924, 93.67851432,   2.6
189, 166, 28.30055734, 93.64243868,   2.6
190, 166, 28.28977132, 93.60587986,   2.7
191, 166, 28.27882883, 93.56883153,   2.7
  1, 167, 29.01078871, 96.13429464,  99.9
  2, 167, 29.01002607, 96.13136131,  99.9
  3, 167, 29.00925300, 96.12838812,  99.9
  4, 167, 29.00846934, 96.12537452,  99.9
  5, 167, 29.00767494, 96.12231997,  99.9
  6, 167, 29.00686967, 96.11922389,  99.9
  7, 167, 29.00605338, 96.11608575,  99.9
  8, 167, 29.00522590, 96.11290495,  99.9
  9, 167, 29.00438708, 96.10968093,  99.9
 10, 167, 29.00353678, 96.10641309,  99.9
 11, 167, 29.00267483, 96.10310085,  99.9
 12, 167, 29.00180106, 96.09974359,  99.9
 13, 167, 29.00091533, 96.09634071,  99.9
 14, 167, 29.00001745, 96.09289159,  99.9
 15, 167, 28.99910728, 96.08939561,  99.9
 16, 167, 28.99818462, 96.08585211,  99.9
 17, 167, 28.99724932, 96.08226047,  99.9
 18, 167, 28.99630119, 96.07862003,  99.9
 19, 167, 28.99534007, 96.07493012,  99.9
 20, 167, 28.99436577, 96.07119007,  99.9
 21, 167, 28.99337810, 96.06739921,  99.9
 22, 167, 28.99237689, 96.06355684,  99.9
 23, 167, 28.99136195, 96.05966227,  99.9
 24, 167, 28.99033308, 96.05571478,  99.9
 25, 167, 28.98929010, 96.05171366,  99.9
 26, 167, 28.98823281, 96.04765819,  99.9
 27, 167, 28.98716101, 96.04354762,  99.9
 28, 167, 28.98607450, 96.03938121,  99.9
 29, 167, 28.98497307, 96.03515819,  99.9
 30, 167, 28.98385653, 96.03087781,  99.9
 31, 167, 28.98272466, 96.02653928,  99.9
 32, 167, 28.98157725, 96.02214182,  99.9
 33, 167, 28.98041408, 96.01768462,  99.9
 34, 167, 28.97923494, 96.01316688,  99.9
 35, 167, 28.97803960, 96.00858778,   2.5
 36, 167, 28.97682784, 96.00394647,  99.9
 37, 167, 28.97559943, 95.99924213,  99.9
 38, 167, 28.97435414, 95.99447389,  99.9
 39, 167, 28.97309174, 95.98964089,  99.9
 40, 167, 28.97181199, 95.98474225,  99.9
 41, 167, 28.97051464, 95.97977709,  99.9
 42, 167, 28.96919946, 95.97474449,  99.9
 43, 167, 28.96786620, 95.96964354,  99.9
 44, 167, 28.96651460, 95.96447333,  99.9
 45, 167, 28.96514441, 95.95923290,  99.9
 46, 167, 28.96375538, 95.95392132,  99.9
 47, 167, 28.96234723, 95.94853760,  99.9
 48, 167, 28.96091971, 95.94308079,  99.9
 49, 167, 28.95947254, 95.93754988,  99.9
 50, 167, 28.95800545, 95.93194387,  99.9
 51, 167, 28.95651817, 95.92626175,  99.9
 52, 167, 28.95501041, 95.92050248,  99.9
 53, 167, 28.95348188, 95.91466502,  99.9
 54, 167, 28.95193231, 95.90874831,  99.9
 55, 167, 28.95036139, 95.90275127,  99.9
 56, 167, 28.94876883, 95.89667282,  99.9
 57, 167, 28.94715432, 95.89051186,  99.9
 58, 167, 28.94551756, 95.88426726,  99.9
 59, 167, 28.94385825, 95.87793790,  99.9
 60, 167, 28.94217605, 95.87152263,  99.9
 61, 167, 28.94047066, 95.86502028,  99.9
 62, 167, 28.93874175, 95.85842968,  99.9
 63, 167, 28.93698900, 95.85174962,  99.9
 64, 167, 28.93521206, 95.84497891,  99.9
 65, 167, 28.93341060, 95.83811631,  99.9
 66, 167, 28.93158428, 95.83116057,  99.9
 67, 167, 28.92973275, 95.82411045,  99.9
 68, 167, 28.92785566, 95.81696465,  99.9
 69, 167, 28.92595265, 95.80972189,  99.9
 70, 167, 28.92402335, 95.80238086,  99.9
 71, 167, 28.92206740, 95.79494021,  99.9
 72, 167, 28.92008442, 95.78739862,  99.9
 73, 167, 28.91807404, 95.77975471,  99.9
 74, 167, 28.91603587, 95.77200709,  99.9
 75, 167, 28.91396953, 95.76415437,  99.9
 76, 167, 28.91187460, 95.75619512,  99.9
 77, 167, 28.90975070, 95.74812790,  99.9
 78, 167, 28.90759742, 95.73995125,  99.9
 79, 167, 28.90541434, 95.73166370,  99.9
 80, 167, 28.90320105, 95.72326374,  99.9
 81, 167, 28.90095711, 95.71474985,  99.9
 82, 167, 28.89868211, 95.70612050,  99.9
 83, 167, 28.89637559, 95.69737411,  99.9
 84, 167, 28.89403713, 95.68850912,  99.9
 85, 167, 28.89166626, 95.67952392,   3.0
 86, 167, 28.88926253, 95.67041688,   3.1
 87, 167, 28.88682547, 95.66118636,  99.9
 88, 167, 28.88435463, 95.65183069,  99.9
 89, 167, 28.88184951, 95.64234818,  99.9
 90, 167, 28.87930964, 95.63273711,  99.9
 91, 167, 28.87673452, 95.62299576,  99.9
 92, 167, 28.87412366, 95.61312235,  99.9
 93, 167, 28.87147655, 95.60311511,  99.9
 94, 167, 28.86879268, 95.59297223,  99.9
 95, 167, 28.86607153, 95.58269188,   3.1
 96, 167, 28.86331256, 95.57227221,  99.9
 97, 167, 28.86051525, 95.56171132,   3.4
 98, 167, 28.85767904, 95.55100732,   3.3
 99, 167, 28.85480340, 95.54015828,   3.3
100, 167, 28.85188775, 95.52916224,   3.2
101, 167, 28.84893153, 95.51801722,   3.1
102, 167, 28.84593417, 95.50672120,   3.1
103, 167, 28.84289508, 95.49527215,   3.2
104, 167, 28.83981366, 95.48366801,   3.2
105, 167, 28.83668931, 95.47190669,   4.2
106, 167, 28.83352143, 95.45998606,   4.2
107, 167, 28.83030938, 95.44790398,   4.1
108, 167, 28.82705255, 95.43565827,   4.1
109, 167, 28.82375029, 95.42324673,   4.0
110, 167, 28.82040196, 95.41066713,   3.9
111, 167, 28.81700689, 95.39791719,   3.9
112, 167, 28.81356442, 95.38499463,   3.8
113, 167, 28.81007387, 95.37189711,   3.8
114, 167, 28.80653456, 95.35862229,   3.8
115, 167, 28.80294578, 95.34516778,   3.7
116, 167, 28.79930683, 95.33153116,   3.7
117, 167, 28.79561699, 95.31770997,   3.7
118, 167, 28.79187552, 95.30370173,   3.7
119, 167, 28.78808169, 95.28950392,   3.6
120, 167, 28.78423475, 95.27511400,   3.6
121, 167, 28.78033393, 95.26052939,   3.6
122, 167, 28.77637846, 95.24574745,   3.6
123, 167, 28.77236754, 95.23076554,   3.5
124, 167, 28.76830040, 95.21558097,   3.5
125, 167, 28.76417620, 95.20019101,   3.5
126, 167, 28.75999413, 95.18459291,   3.5
127, 167, 28.75575336, 95.16878387,   3.4
128, 167, 28.75145304, 95.15276105,   3.4
129, 167, 28.74709231, 95.13652158,   3.4
130, 167, 28.74267029, 95.12006256,   3.4
131, 167, 28.73818609, 95.10338103,   3.3
132, 167, 28.73363883, 95.08647400,   3.3
133, 167, 28.72902758, 95.06933846,   3.3
134, 167, 28.72435141, 95.05197133,   3.3
135, 167, 28.71960939, 95.03436950,   3.3
136, 167, 28.71480055, 95.01652983,   3.2
137, 167, 28.70992393, 94.99844913,   3.2
138, 167, 28.70497855, 94.98012417,   3.2
139, 167, 28.69996339, 94.96155167,   3.2
140, 167, 28.69487744, 94.94272831,   3.2
141, 167, 28.68971968, 94.92365073,   3.1
142, 167, 28.68448905, 94.90431553,   3.1
143, 167, 28.67918449, 94.88471926,   3.1
144, 167, 28.67380493, 94.86485841,   3.1
145, 167, 28.66834925, 94.84472946,   3.1
146, 167, 28.66281635, 94.82432880,   3.0
147, 167, 28.65720510, 94.80365281,   3.0
148, 167, 28.65151435, 94.78269780,   3.0
149, 167, 28.64574293, 94.76146003,   3.0
150, 167, 28.63988965, 94.73993574,   3.0
151, 167, 28.63395332, 94.71812108,   2.9
152, 167, 28.62793271, 94.69601218,   2.9
153, 167, 28.62182658, 94.67360511,   2.9
154, 167, 28.61563368, 94.65089588,   2.9
155, 167, 28.60935271, 94.62788046,   2.9
156, 167, 28.60298238, 94.60455476,   2.9
157, 167, 28.59652137, 94.58091465,   2.9
158, 167, 28.58996834, 94.55695592,   2.8
159, 167, 28.58332192, 94.53267433,   2.8
160, 167, 28.57658074, 94.50806557,   2.8
161, 167, 28.56974338, 94.48312528,   2.8
162, 167, 28.56280841, 94.45784905,   2.8
163, 167, 28.55577440, 94.43223239,   2.8
164, 167, 28.54863985, 94.40627079,   2.7
165, 167, 28.54140329, 94.37995963,   2.7
166, 167, 28.53406318, 94.35329428,   2.7
167, 167, 28.52661797, 94.32627002,   2.7
168, 167, 28.51906611, 94.29888208,   2.7
169, 167, 28.51140600, 94.27112562,   2.7
170, 167, 28.50363601, 94.24299575,   2.7
171, 167, 28.49575450, 94.21448750,   2.6
172, 167, 28.48775979, 94.18559585,   2.6
173, 167, 28.47965020, 94.15631571,   2.6
174, 167, 28.47142398, 94.12664193,   2.6
175, 167, 28.46307940, 94.09656929,   2.6
176, 167, 28.45461465, 94.06609249,   2.6
177, 167, 28.44602794, 94.03520618,   2.6
178, 167, 28.43731743, 94.00390493,   2.6
179, 167, 28.42848123, 93.97218326,   2.6
180, 167, 28.41951745, 93.94003559,   2.6
181, 167, 28.41042416, 93.90745629,   2.6
182, 167, 28.40119940, 93.87443965,   2.6
183, 167, 28.39184117, 93.84097988,   2.6
184, 167, 28.38234744, 93.80707114,   2.6
185, 167, 28.37271615, 93.77270749,   2.6
186, 167, 28.36294521, 93.73788293,   2.6
187, 167, 28.35303248, 93.70259137,   2.6
188, 167, 28.34297581, 93.66682666,   2.6
189, 167, 28.33277300, 93.63058256,   2.6
190, 167, 28.32242181, 93.59385275,   2.7
191, 167, 28.31191996, 93.55663084,   2.7
  1, 168, 29.01335508, 96.13345270,  99.9
  2, 168, 29.01262734, 96.13050786,  99.9
  3, 168, 29.01188964, 96.12752298,  99.9
  4, 168, 29.01114183, 96.12449754,  99.9
  5, 168, 29.01038379, 96.12143098,  99.9
  6, 168, 29.00961535, 96.11832274,  99.9
  7, 168, 29.00883639, 96.11517226,  99.9
  8, 168, 29.00804676, 96.11197895,  99.9
  9, 168, 29.00724630, 96.10874225,  99.9
 10, 168, 29.00643488, 96.10546156,  99.9
 11, 168, 29.00561234, 96.10213629,  99.9
 12, 168, 29.00477852, 96.09876582,  99.9
 13, 168, 29.00393327, 96.09534955,  99.9
 14, 168, 29.00307643, 96.09188685,  99.9
 15, 168, 29.00220785, 96.08837710,  99.9
 16, 168, 29.00132735, 96.08481965,  99.9
 17, 168, 29.00043478, 96.08121386,  99.9
 18, 168, 28.99952997, 96.07755907,  99.9
 19, 168, 28.99861275, 96.07385462,  99.9
 20, 168, 28.99768295, 96.07009984,  99.9
 21, 168, 28.99674039, 96.06629403,  99.9
 22, 168, 28.99578489, 96.06243651,  99.9
 23, 168, 28.99481629, 96.05852658,  99.9
 24, 168, 28.99383439, 96.05456352,  99.9
 25, 168, 28.99283901, 96.05054662,  99.9
 26, 168, 28.99182997, 96.04647514,  99.9
 27, 168, 28.99080708, 96.04234834,  99.9
 28, 168, 28.98977014, 96.03816547,  99.9
 29, 168, 28.98871896, 96.03392578,  99.9
 30, 168, 28.98765335, 96.02962849,  99.9
 31, 168, 28.98657310, 96.02527282,  99.9
 32, 168, 28.98547801, 96.02085797,  99.9
 33, 168, 28.98436787, 96.01638316,  99.9
 34, 168, 28.98324248, 96.01184755,  99.9
 35, 168, 28.98210162, 96.00725033,   2.5
 36, 168, 28.98094509, 96.00259067,   2.5
 37, 168, 28.97977265, 95.99786771,  99.9
 38, 168, 28.97858410, 95.99308059,  99.9
 39, 168, 28.97737920, 95.98822846,  99.9
 40, 168, 28.97615773, 95.98331042,  99.9
 41, 168, 28.97491946, 95.97832558,  99.9
 42, 168, 28.97366416, 95.97327303,  99.9
 43, 168, 28.97239159, 95.96815187,  99.9
 44, 168, 28.97110151, 95.96296115,  99.9
 45, 168, 28.96979367, 95.95769994,  99.9
 46, 168, 28.96846783, 95.95236728,  99.9
 47, 168, 28.96712374, 95.94696220,  99.9
 48, 168, 28.96576115, 95.94148372,  99.9
 49, 168, 28.96437979, 95.93593085,  99.9
 50, 168, 28.96297940, 95.93030257,  99.9
 51, 168, 28.96155973, 95.92459787,  99.9
 52, 168, 28.96012049, 95.91881571,  99.9
 53, 168, 28.95866142, 95.91295503,  99.9
 54, 168, 28.95718225, 95.90701479,  99.9
 55, 168, 28.95568268, 95.90099389,  99.9
 56, 168, 28.95416244, 95.89489124,  99.9
 57, 168, 28.95262124, 95.88870575,  99.9
 58, 168, 28.95105878, 95.88243628,  99.9
 59, 168, 28.94947478, 95.87608170,  99.9
 60, 168, 28.94786891, 95.86964085,  99.9
 61, 168, 28.94624089, 95.86311258,  99.9
 62, 168, 28.94459040, 95.85649568,  99.9
 63, 168, 28.94291712, 95.84978897,  99.9
 64, 168, 28.94122075, 95.84299123,  99.9
 65, 168, 28.93950094, 95.83610122,  99.9
 66, 168, 28.93775738, 95.82911770,  99.9
 67, 168, 28.93598974, 95.82203940,  99.9
 68, 168, 28.93419767, 95.81486503,  99.9
 69, 168, 28.93238083, 95.80759330,  99.9
 70, 168, 28.93053888, 95.80022289,  99.9
 71, 168, 28.92867147, 95.79275247,  99.9
 72, 168, 28.92677822, 95.78518067,  99.9
 73, 168, 28.92485880, 95.77750613,  99.9
 74, 168, 28.92291281, 95.76972746,  99.9
 75, 168, 28.92093990, 95.76184325,  99.9
 76, 168, 28.91893968, 95.75385207,  99.9
 77, 168, 28.91691177, 95.74575247,  99.9
 78, 168, 28.91485577, 95.73754299,  99.9
 79, 168, 28.91277130, 95.72922215,  99.9
 80, 168, 28.91065796, 95.72078843,  99.9
 81, 168, 28.90851532, 95.71224030,  99.9
 82, 168, 28.90634300, 95.70357624,  99.9
 83, 168, 28.90414055, 95.69479465,  99.9
 84, 168, 28.90190756, 95.68589396,   3.1
 85, 168, 28.89964360, 95.67687256,   3.1
 86, 168, 28.89734824, 95.66772882,  99.9
 87, 168, 28.89502101, 95.65846107,  99.9
 88, 168, 28.89266149, 95.64906765,  99.9
 89, 168, 28.89026920, 95.63954686,  99.9
 90, 168, 28.88784368, 95.62989697,  99.9
 91, 168, 28.88538447, 95.62011625,  99.9
 92, 168, 28.88289109, 95.61020292,  99.9
 93, 168, 28.88036306, 95.60015519,  99.9
 94, 168, 28.87779987, 95.58997125,  99.9
 95, 168, 28.87520104, 95.57964926,  99.9
 96, 168, 28.87256605, 95.56918736,  99.9
 97, 168, 28.86989440, 95.55858365,  99.9
 98, 168, 28.86718556, 95.54783623,   3.5
 99, 168, 28.86443900, 95.53694314,   3.5
100, 168, 28.86165419, 95.52590243,   3.4
101, 168, 28.85883058, 95.51471211,   3.3
102, 168, 28.85596763, 95.50337015,   3.2
103, 168, 28.85306476, 95.49187451,   3.2
104, 168, 28.85012141, 95.48022311,   3.2
105, 168, 28.84713701, 95.46841386,   3.2
106, 168, 28.84411097, 95.45644463,   4.2
107, 168, 28.84104268, 95.44431325,   4.2
108, 168, 28.83793156, 95.43201755,   4.1
109, 168, 28.83477698, 95.41955530,   4.1
110, 168, 28.83157832, 95.40692427,   4.0
111, 168, 28.82833496, 95.39412217,   3.9
112, 168, 28.82504625, 95.38114670,   3.9
113, 168, 28.82171155, 95.36799553,   3.8
114, 168, 28.81833019, 95.35466628,   3.8
115, 168, 28.81490150, 95.34115657,   3.8
116, 168, 28.81142480, 95.32746395,   3.7
117, 168, 28.80789941, 95.31358598,   3.7
118, 168, 28.80432462, 95.29952014,   3.7
119, 168, 28.80069973, 95.28526391,   3.7
120, 168, 28.79702401, 95.27081473,   3.6
121, 168, 28.79329672, 95.25617000,   3.6
122, 168, 28.78951713, 95.24132709,   3.6
123, 168, 28.78568448, 95.22628334,   3.6
124, 168, 28.78179801, 95.21103603,   3.5
125, 168, 28.77785693, 95.19558245,   3.5
126, 168, 28.77386045, 95.17991980,   3.5
127, 168, 28.76980779, 95.16404528,   3.5
128, 168, 28.76569811, 95.14795604,   3.4
129, 168, 28.76153060, 95.13164920,   3.4
130, 168, 28.75730442, 95.11512184,   3.4
131, 168, 28.75301871, 95.09837098,   3.4
132, 168, 28.74867261, 95.08139362,   3.4
133, 168, 28.74426524, 95.06418674,   3.3
134, 168, 28.73979571, 95.04674723,   3.3
135, 168, 28.73526312, 95.02907199,   3.3
136, 168, 28.73066655, 95.01115784,   3.3
137, 168, 28.72600506, 94.99300158,   3.2
138, 168, 28.72127770, 94.97459996,   3.2
139, 168, 28.71648352, 94.95594970,   3.2
140, 168, 28.71162154, 94.93704745,   3.2
141, 168, 28.70669077, 94.91788984,   3.2
142, 168, 28.70169019, 94.89847344,   3.1
143, 168, 28.69661879, 94.87879478,   3.1
144, 168, 28.69147552, 94.85885036,   3.1
145, 168, 28.68625934, 94.83863661,   3.1
146, 168, 28.68096916, 94.81814992,   3.1
147, 168, 28.67560391, 94.79738665,   3.0
148, 168, 28.67016247, 94.77634308,   3.0
149, 168, 28.66464373, 94.75501546,   3.0
150, 168, 28.65904655, 94.73340000,   3.0
151, 168, 28.65336976, 94.71149285,   3.0
152, 168, 28.64761219, 94.68929010,   3.0
153, 168, 28.64177265, 94.66678780,   2.9
154, 168, 28.63584993, 94.64398195,   2.9
155, 168, 28.62984278, 94.62086849,   2.9
156, 168, 28.62374996, 94.59744332,   2.9
157, 168, 28.61757021, 94.57370226,   2.9
158, 168, 28.61130221, 94.54964110,   2.9
159, 168, 28.60494468, 94.52525558,   2.8
160, 168, 28.59849626, 94.50054135,   2.8
161, 168, 28.59195561, 94.47549405,   2.8
162, 168, 28.58532136, 94.45010921,   2.8
163, 168, 28.57859209, 94.42438236,   2.8
164, 168, 28.57176640, 94.39830891,   2.8
165, 168, 28.56484285, 94.37188427,   2.7
166, 168, 28.55781996, 94.34510375,   2.7
167, 168, 28.55069624, 94.31796261,   2.7
168, 168, 28.54347019, 94.29045606,   2.7
169, 168, 28.53614027, 94.26257922,   2.7
170, 168, 28.52870491, 94.23432718,   2.7
171, 168, 28.52116253, 94.20569495,   2.7
172, 168, 28.51351151, 94.17667748,   2.6
173, 168, 28.50575022, 94.14726963,   2.6
174, 168, 28.49787699, 94.11746624,   2.6
175, 168, 28.48989012, 94.08726205,   2.6
176, 168, 28.48178791, 94.05665174,   2.6
177, 168, 28.47356859, 94.02562992,   2.6
178, 168, 28.46523039, 93.99419113,   2.6
179, 168, 28.45677151, 93.96232986,   2.6
180, 168, 28.44819011, 93.93004049,   2.6
181, 168, 28.43948433, 93.89731736,   2.6
182, 168, 28.43065227, 93.86415472,   2.6
183, 168, 28.42169200, 93.83054677,   2.6
184, 168, 28.41260157, 93.79648761,   2.6
185, 168, 28.40337899, 93.76197127,   2.6
186, 168, 28.39402222, 93.72699171,   2.6
187, 168, 28.38452923, 93.69154281,   2.6
188, 168, 28.37489790, 93.65561838,   2.6
189, 168, 28.36512612, 93.61921214,   2.6
190, 168, 28.35521173, 93.58231773,   2.6
191, 168, 28.34515253, 93.54492872,   2.7
  1, 169, 29.01593121, 96.13265025,  99.9
  2, 169, 29.01523851, 96.12969442,  99.9
  3, 169, 29.01453631, 96.12669841,  99.9
  4, 169, 29.01382450, 96.12366168,  99.9
  5, 169, 29.01310293, 96.12058367,  99.9
  6, 169, 29.01237148, 96.11746383,  99.9
  7, 169, 29.01163000, 96.11430158,  99.9
  8, 169, 29.01087835, 96.11109635,  99.9
  9, 169, 29.01011641, 96.10784756,  99.9
 10, 169, 29.00934401, 96.10455461,  99.9
 11, 169, 29.00856103, 96.10121691,  99.9
 12, 169, 29.00776731, 96.09783385,  99.9
 13, 169, 29.00696270, 96.09440481,  99.9
 14, 169, 29.00614706, 96.09092916,  99.9
 15, 169, 29.00532023, 96.08740628,  99.9
 16, 169, 29.00448206, 96.08383553,  99.9
 17, 169, 29.00363238, 96.08021625,  99.9
 18, 169, 29.00277105, 96.07654778,  99.9
 19, 169, 29.00189790, 96.07282947,  99.9
 20, 169, 29.00101277, 96.06906062,  99.9
 21, 169, 29.00011548, 96.06524056,  99.9
 22, 169, 28.99920588, 96.06136860,  99.9
 23, 169, 28.99828379, 96.05744401,  99.9
 24, 169, 28.99734904, 96.05346610,  99.9
 25, 169, 28.99640146, 96.04943414,  99.9
 26, 169, 28.99544085, 96.04534740,  99.9
 27, 169, 28.99446706, 96.04120512,  99.9
 28, 169, 28.99347988, 96.03700657,  99.9
 29, 169, 28.99247914, 96.03275097,  99.9
 30, 169, 28.99146465, 96.02843755,  99.9
 31, 169, 28.99043622, 96.02406552,  99.9
 32, 169, 28.98939365, 96.01963410,  99.9
 33, 169, 28.98833675, 96.01514248,  99.9
 34, 169, 28.98726532, 96.01058983,  99.9
 35, 169, 28.98617916, 96.00597534,  99.9
 36, 169, 28.98507806, 96.00129816,   2.5
 37, 169, 28.98396181, 95.99655744,  99.9
 38, 169, 28.98283021, 95.99175232,  99.9
 39, 169, 28.98168303, 95.98688193,  99.9
 40, 169, 28.98052008, 95.98194538,  99.9
 41, 169, 28.97934111, 95.97694177,  99.9
 42, 169, 28.97814592, 95.97187020,  99.9
 43, 169, 28.97693428, 95.96672975,  99.9
 44, 169, 28.97570595, 95.96151947,  99.9
 45, 169, 28.97446070, 95.95623843,  99.9
 46, 169, 28.97319831, 95.95088566,  99.9
 47, 169, 28.97191852, 95.94546020,  99.9
 48, 169, 28.97062110, 95.93996105,  99.9
 49, 169, 28.96930581, 95.93438722,  99.9
 50, 169, 28.96797238, 95.92873769,  99.9
 51, 169, 28.96662057, 95.92301145,  99.9
 52, 169, 28.96525013, 95.91720744,  99.9
 53, 169, 28.96386079, 95.91132462,  99.9
 54, 169, 28.96245228, 95.90536191,  99.9
 55, 169, 28.96102435, 95.89931825,  99.9
 56, 169, 28.95957671, 95.89319252,  99.9
 57, 169, 28.95810910, 95.88698361,  99.9
 58, 169, 28.95662123, 95.88069041,  99.9
 59, 169, 28.95511282, 95.87431176,  99.9
 60, 169, 28.95358359, 95.86784651,  99.9
 61, 169, 28.95203323, 95.86129349,  99.9
 62, 169, 28.95046146, 95.85465151,  99.9
 63, 169, 28.94886798, 95.84791936,  99.9
 64, 169, 28.94725248, 95.84109582,  99.9
 65, 169, 28.94561464, 95.83417965,  99.9
 66, 169, 28.94395417, 95.82716961,  99.9
 67, 169, 28.94227074, 95.82006441,  99.9
 68, 169, 28.94056402, 95.81286278,  99.9
 69, 169, 28.93883370, 95.80556340,  99.9
 70, 169, 28.93707944, 95.79816495,  99.9
 71, 169, 28.93530090, 95.79066609,  99.9
 72, 169, 28.93349774, 95.78306546,  99.9
 73, 169, 28.93166961, 95.77536168,  99.9
 74, 169, 28.92981617, 95.76755337,  99.9
 75, 169, 28.92793706, 95.75963909,  99.9
 76, 169, 28.92603191, 95.75161743,  99.9
 77, 169, 28.92410037, 95.74348692,  99.9
 78, 169, 28.92214204, 95.73524610,  99.9
 79, 169, 28.92015657, 95.72689347,  99.9
 80, 169, 28.91814356, 95.71842751,  99.9
 81, 169, 28.91610263, 95.70984670,  99.9
 82, 169, 28.91403338, 95.70114949,  99.9
 83, 169, 28.91193541, 95.69233429,   3.1
 84, 169, 28.90980832, 95.68339952,   3.1
 85, 169, 28.90765169, 95.67434355,  99.9
 86, 169, 28.90546511, 95.66516474,  99.9
 87, 169, 28.90324814, 95.65586145,  99.9
 88, 169, 28.90100037, 95.64643198,  99.9
 89, 169, 28.89872136, 95.63687462,  99.9
 90, 169, 28.89641065, 95.62718766,  99.9
 91, 169, 28.89406781, 95.61736934,  99.9
 92, 169, 28.89169237, 95.60741787,  99.9
 93, 169, 28.88928387, 95.59733148,  99.9
 94, 169, 28.88684185, 95.58710832,  99.9
 95, 169, 28.88436582, 95.57674656,  99.9
 96, 169, 28.88185530, 95.56624431,  99.9
 97, 169, 28.87930980, 95.55559970,  99.9
 98, 169, 28.87672883, 95.54481078,   3.8
 99, 169, 28.87411187, 95.53387562,   3.7
100, 169, 28.87145842, 95.52279224,   3.6
101, 169, 28.86876795, 95.51155863,   3.4
102, 169, 28.86603993, 95.50017278,   3.3
103, 169, 28.86327383, 95.48863261,   3.3
104, 169, 28.86046910, 95.47693607,   3.2
105, 169, 28.85762520, 95.46508102,   3.2
106, 169, 28.85474156, 95.45306534,   3.2
107, 169, 28.85181760, 95.44088685,   4.2
108, 169, 28.84885277, 95.42854336,   4.2
109, 169, 28.84584646, 95.41603265,   4.1
110, 169, 28.84279808, 95.40335246,   4.0
111, 169, 28.83970703, 95.39050051,   4.0
112, 169, 28.83657269, 95.37747447,   3.9
113, 169, 28.83339445, 95.36427201,   3.9
114, 169, 28.83017167, 95.35089074,   3.8
115, 169, 28.82690371, 95.33732825,   3.8
116, 169, 28.82358992, 95.32358211,   3.8
117, 169, 28.82022964, 95.30964984,   3.7
118, 169, 28.81682220, 95.29552893,   3.7
119, 169, 28.81336691, 95.28121684,   3.7
120, 169, 28.80986310, 95.26671099,   3.7
121, 169, 28.80631004, 95.25200879,   3.6
122, 169, 28.80270704, 95.23710757,   3.6
123, 169, 28.79905337, 95.22200468,   3.6
124, 169, 28.79534830, 95.20669738,   3.6
125, 169, 28.79159107, 95.19118293,   3.5
126, 169, 28.78778094, 95.17545855,   3.5
127, 169, 28.78391714, 95.15952140,   3.5
128, 169, 28.77999888, 95.14336863,   3.5
129, 169, 28.77602537, 95.12699735,   3.4
130, 169, 28.77199581, 95.11040460,   3.4
131, 169, 28.76790939, 95.09358741,   3.4
132, 169, 28.76376527, 95.07654277,   3.4
133, 169, 28.75956261, 95.05926763,   3.4
134, 169, 28.75530056, 95.04175887,   3.3
135, 169, 28.75097825, 95.02401337,   3.3
136, 169, 28.74659480, 95.00602795,   3.3
137, 169, 28.74214932, 94.98779938,   3.3
138, 169, 28.73764088, 94.96932440,   3.2
139, 169, 28.73306858, 94.95059971,   3.2
140, 169, 28.72843148, 94.93162194,   3.2
141, 169, 28.72372862, 94.91238772,   3.2
142, 169, 28.71895903, 94.89289359,   3.2
143, 169, 28.71412174, 94.87313607,   3.1
144, 169, 28.70921574, 94.85311163,   3.1
145, 169, 28.70424004, 94.83281669,   3.1
146, 169, 28.69919358, 94.81224763,   3.1
147, 169, 28.69407534, 94.79140077,   3.1
148, 169, 28.68888425, 94.77027239,   3.0
149, 169, 28.68361923, 94.74885873,   3.0
150, 169, 28.67827919, 94.72715596,   3.0
151, 169, 28.67286301, 94.70516021,   3.0
152, 169, 28.66736957, 94.68286756,   3.0
153, 169, 28.66179772, 94.66027404,   3.0
154, 169, 28.65614630, 94.63737562,   2.9
155, 169, 28.65041411, 94.61416823,   2.9
156, 169, 28.64459996, 94.59064774,   2.9
157, 169, 28.63870262, 94.56680996,   2.9
158, 169, 28.63272085, 94.54265065,   2.9
159, 169, 28.62665340, 94.51816552,   2.9
160, 169, 28.62049897, 94.49335022,   2.8
161, 169, 28.61425627, 94.46820033,   2.8
162, 169, 28.60792398, 94.44271140,   2.8
163, 169, 28.60150075, 94.41687889,   2.8
164, 169, 28.59498521, 94.39069823,   2.8
165, 169, 28.58837598, 94.36416478,   2.8
166, 169, 28.58167164, 94.33727382,   2.7
167, 169, 28.57487077, 94.31002061,   2.7
168, 169, 28.56797190, 94.28240030,   2.7
169, 169, 28.56097356, 94.25440802,   2.7
170, 169, 28.55387425, 94.22603880,   2.7
171, 169, 28.54667243, 94.19728764,   2.7
172, 169, 28.53936655, 94.16814946,   2.7
173, 169, 28.53195504, 94.13861910,   2.6
174, 169, 28.52443629, 94.10869135,   2.6
175, 169, 28.51680867, 94.07836093,   2.6
176, 169, 28.50907052, 94.04762249,   2.6
177, 169, 28.50122016, 94.01647061,   2.6
178, 169, 28.49325588, 93.98489981,   2.6
179, 169, 28.48517593, 93.95290453,   2.6
180, 169, 28.47697855, 93.92047913,   2.6
181, 169, 28.46866194, 93.88761792,   2.6
182, 169, 28.46022427, 93.85431511,   2.6
183, 169, 28.45166368, 93.82056486,   2.6
184, 169, 28.44297829, 93.78636124,   2.6
185, 169, 28.43416617, 93.75169825,   2.6
186, 169, 28.42522538, 93.71656981,   2.6
187, 169, 28.41615393, 93.68096977,   2.6
188, 169, 28.40694979, 93.64489189,   2.6
189, 169, 28.39761092, 93.60832987,   2.6
190, 169, 28.38813524, 93.57127730,   2.6
191, 169, 28.37852062, 93.53372771,   2.7
  1, 170, 29.01851663, 96.13188744,  99.9
  2, 170, 29.01785909, 96.12892117,  99.9
  3, 170, 29.01719253, 96.12591457,  99.9
  4, 170, 29.01651684, 96.12286710,  99.9
  5, 170, 29.01583189, 96.11977820,  99.9
  6, 170, 29.01513755, 96.11664732,  99.9
  7, 170, 29.01443369, 96.11347389,  99.9
  8, 170, 29.01372017, 96.11025732,  99.9
  9, 170, 29.01299687, 96.10699703,  99.9
 10, 170, 29.01226364, 96.10369242,  99.9
 11, 170, 29.01152036, 96.10034290,  99.9
 12, 170, 29.01076689, 96.09694786,  99.9
 13, 170, 29.01000307, 96.09350667,  99.9
 14, 170, 29.00922877, 96.09001871,  99.9
 15, 170, 29.00844385, 96.08648334,  99.9
 16, 170, 29.00764815, 96.08289993,  99.9
 17, 170, 29.00684154, 96.07926782,  99.9
 18, 170, 29.00602384, 96.07558634,  99.9
 19, 170, 29.00519492, 96.07185484,  99.9
 20, 170, 29.00435462, 96.06807262,  99.9
 21, 170, 29.00350278, 96.06423900,  99.9
 22, 170, 29.00263924, 96.06035329,  99.9
 23, 170, 29.00176383, 96.05641477,  99.9
 24, 170, 29.00087640, 96.05242274,  99.9
 25, 170, 28.99997678, 96.04837645,  99.9
 26, 170, 28.99906479, 96.04427518,  99.9
 27, 170, 28.99814027, 96.04011819,  99.9
 28, 170, 28.99720304, 96.03590470,  99.9
 29, 170, 28.99625292, 96.03163397,  99.9
 30, 170, 28.99528974, 96.02730521,  99.9
 31, 170, 28.99431332, 96.02291763,  99.9
 32, 170, 28.99332347, 96.01847044,  99.9
 33, 170, 28.99232000, 96.01396282,  99.9
 34, 170, 28.99130272, 96.00939396,  99.9
 35, 170, 28.99027145, 96.00476303,  99.9
 36, 170, 28.98922599, 96.00006918,   2.5
 37, 170, 28.98816614, 95.99531156,  99.9
 38, 170, 28.98709169, 95.99048931,  99.9
 39, 170, 28.98600246, 95.98560155,  99.9
 40, 170, 28.98489822, 95.98064739,  99.9
 41, 170, 28.98377878, 95.97562593,  99.9
 42, 170, 28.98264392, 95.97053625,  99.9
 43, 170, 28.98149343, 95.96537744,  99.9
 44, 170, 28.98032708, 95.96014856,  99.9
 45, 170, 28.97914466, 95.95484864,  99.9
 46, 170, 28.97794594, 95.94947674,  99.9
 47, 170, 28.97673069, 95.94403188,  99.9
 48, 170, 28.97549869, 95.93851306,  99.9
 49, 170, 28.97424970, 95.93291928,  99.9
 50, 170, 28.97298348, 95.92724953,  99.9
 51, 170, 28.97169979, 95.92150278,  99.9
 52, 170, 28.97039839, 95.91567799,  99.9
 53, 170, 28.96907903, 95.90977408,  99.9
 54, 170, 28.96774145, 95.90379001,  99.9
 55, 170, 28.96638541, 95.89772466,  99.9
 56, 170, 28.96501065, 95.89157696,  99.9
 57, 170, 28.96361690, 95.88534577,  99.9
 58, 170, 28.96220389, 95.87902997,  99.9
 59, 170, 28.96077136, 95.87262841,  99.9
 60, 170, 28.95931904, 95.86613994,  99.9
 61, 170, 28.95784664, 95.85956336,  99.9
 62, 170, 28.95635388, 95.85289749,  99.9
 63, 170, 28.95484048, 95.84614112,  99.9
 64, 170, 28.95330615, 95.83929303,  99.9
 65, 170, 28.95175059, 95.83235196,  99.9
 66, 170, 28.95017351, 95.82531666,  99.9
 67, 170, 28.94857460, 95.81818586,  99.9
 68, 170, 28.94695356, 95.81095826,  99.9
 69, 170, 28.94531007, 95.80363255,  99.9
 70, 170, 28.94364382, 95.79620740,  99.9
 71, 170, 28.94195448, 95.78868147,  99.9
 72, 170, 28.94024174, 95.78105339,  99.9
 73, 170, 28.93850526, 95.77332178,  99.9
 74, 170, 28.93674471, 95.76548523,  99.9
 75, 170, 28.93495974, 95.75754233,  99.9
 76, 170, 28.93315002, 95.74949164,  99.9
 77, 170, 28.93131520, 95.74133169,  99.9
 78, 170, 28.92945491, 95.73306101,  99.9
 79, 170, 28.92756880, 95.72467810,  99.9
 80, 170, 28.92565650, 95.71618145,  99.9
 81, 170, 28.92371764, 95.70756951,  99.9
 82, 170, 28.92175186, 95.69884072,  99.9
 83, 170, 28.91975876, 95.68999350,   3.1
 84, 170, 28.91773795, 95.68102626,  99.9
 85, 170, 28.91568905, 95.67193736,  99.9
 86, 170, 28.91361166, 95.66272516,  99.9
 87, 170, 28.91150537, 95.65338800,  99.9
 88, 170, 28.90936978, 95.64392418,  99.9
 89, 170, 28.90720445, 95.63433200,  99.9
 90, 170, 28.90500899, 95.62460971,  99.9
 91, 170, 28.90278294, 95.61475556,  99.9
 92, 170, 28.90052589, 95.60476776,  99.9
 93, 170, 28.89823738, 95.59464452,  99.9
 94, 170, 28.89591697, 95.58438399,  99.9
 95, 170, 28.89356421, 95.57398432,  99.9
 96, 170, 28.89117862, 95.56344364,  99.9
 97, 170, 28.88875976, 95.55276004,  99.9
 98, 170, 28.88630713, 95.54193158,   3.9
 99, 170, 28.88382026, 95.53095632,   3.8
100, 170, 28.88129865, 95.51983226,   3.7
101, 170, 28.87874182, 95.50855740,   3.5
102, 170, 28.87614925, 95.49712970,   3.4
103, 170, 28.87352043, 95.48554710,   3.3
104, 170, 28.87085485, 95.47380751,   3.2
105, 170, 28.86815198, 95.46190881,   3.2
106, 170, 28.86541127, 95.44984884,   3.2
107, 170, 28.86263220, 95.43762544,   3.8
108, 170, 28.85981420, 95.42523640,   4.2
109, 170, 28.85695671, 95.41267948,   4.1
110, 170, 28.85405918, 95.39995242,   4.1
111, 170, 28.85112102, 95.38705293,   4.1
112, 170, 28.84814164, 95.37397867,   4.0
113, 170, 28.84512046, 95.36072729,   3.9
114, 170, 28.84205686, 95.34729640,   3.9
115, 170, 28.83895024, 95.33368359,   3.8
116, 170, 28.83579998, 95.31988640,   3.8
117, 170, 28.83260544, 95.30590234,   3.8
118, 170, 28.82936598, 95.29172889,   3.7
119, 170, 28.82608095, 95.27736352,   3.7
120, 170, 28.82274969, 95.26280362,   3.7
121, 170, 28.81937154, 95.24804657,   3.7
122, 170, 28.81594580, 95.23308974,   3.6
123, 170, 28.81247179, 95.21793041,   3.6
124, 170, 28.80894881, 95.20256587,   3.6
125, 170, 28.80537615, 95.18699335,   3.6
126, 170, 28.80175307, 95.17121005,   3.5
127, 170, 28.79807885, 95.15521314,   3.5
128, 170, 28.79435274, 95.13899974,   3.5
129, 170, 28.79057399, 95.12256694,   3.5
130, 170, 28.78674182, 95.10591179,   3.5
131, 170, 28.78285545, 95.08903129,   3.4
132, 170, 28.77891409, 95.07192243,   3.4
133, 170, 28.77491693, 95.05458211,   3.4
134, 170, 28.77086316, 95.03700725,   3.4
135, 170, 28.76675194, 95.01919467,   3.3
136, 170, 28.76258244, 95.00114119,   3.3
137, 170, 28.75835380, 94.98284358,   3.3
138, 170, 28.75406513, 94.96429855,   3.3
139, 170, 28.74971557, 94.94550277,   3.2
140, 170, 28.74530422, 94.92645289,   3.2
141, 170, 28.74083016, 94.90714549,   3.2
142, 170, 28.73629246, 94.88757712,   3.2
143, 170, 28.73169019, 94.86774426,   3.2
144, 170, 28.72702240, 94.84764338,   3.1
145, 170, 28.72228810, 94.82727088,   3.1
146, 170, 28.71748632, 94.80662312,   3.1
147, 170, 28.71261605, 94.78569640,   3.1
148, 170, 28.70767629, 94.76448699,   3.1
149, 170, 28.70266599, 94.74299110,   3.1
150, 170, 28.69758410, 94.72120488,   3.0
151, 170, 28.69242956, 94.69912445,   3.0
152, 170, 28.68720129, 94.67674588,   3.0
153, 170, 28.68189819, 94.65406516,   3.0
154, 170, 28.67651913, 94.63107826,   3.0
155, 170, 28.67106298, 94.60778107,   2.9
156, 170, 28.66552860, 94.58416945,   2.9
157, 170, 28.65991480, 94.56023918,   2.9
158, 170, 28.65422039, 94.53598601,   2.9
159, 170, 28.64844417, 94.51140563,   2.9
160, 170, 28.64258491, 94.48649365,   2.9
161, 170, 28.63664135, 94.46124565,   2.8
162, 170, 28.63061222, 94.43565714,   2.8
163, 170, 28.62449624, 94.40972357,   2.8
164, 170, 28.61829208, 94.38344034,   2.8
165, 170, 28.61199843, 94.35680277,   2.8
166, 170, 28.60561393, 94.32980615,   2.8
167, 170, 28.59913719, 94.30244568,   2.7
168, 170, 28.59256683, 94.27471651,   2.7
169, 170, 28.58590141, 94.24661373,   2.7
170, 170, 28.57913949, 94.21813236,   2.7
171, 170, 28.57227961, 94.18926735,   2.7
172, 170, 28.56532027, 94.16001360,   2.7
173, 170, 28.55825996, 94.13036593,   2.7
174, 170, 28.55109712, 94.10031911,   2.6
175, 170, 28.54383020, 94.06986781,   2.6
176, 170, 28.53645760, 94.03900666,   2.6
177, 170, 28.52897770, 94.00773022,   2.6
178, 170, 28.52138886, 93.97603297,   2.6
179, 170, 28.51368939, 93.94390931,   2.6
180, 170, 28.50587760, 93.91135358,   2.6
181, 170, 28.49795175, 93.87836006,   2.6
182, 170, 28.48991009, 93.84492292,   2.6
183, 170, 28.48175083, 93.81103630,   2.6
184, 170, 28.47347215, 93.77669422,   2.6
185, 170, 28.46507219, 93.74189066,   2.6
186, 170, 28.45654909, 93.70661950,   2.6
187, 170, 28.44790092, 93.67087455,   2.6
188, 170, 28.43912575, 93.63464955,   2.6
189, 170, 28.43022159, 93.59793813,   2.6
190, 170, 28.42118644, 93.56073387,   2.6
191, 170, 28.41201824, 93.52303026,   2.7
  1, 171, 29.02111087, 96.13116441,  99.9
  2, 171, 29.02048861, 96.12818823,  99.9
  3, 171, 29.01985782, 96.12517158,  99.9
  4, 171, 29.01921838, 96.12211393,  99.9
  5, 171, 29.01857016, 96.11901472,  99.9
  6, 171, 29.01791306, 96.11587337,  99.9
  7, 171, 29.01724694, 96.11268933,  99.9
  8, 171, 29.01657169, 96.10946200,  99.9
  9, 171, 29.01588716, 96.10619080,  99.9
 10, 171, 29.01519325, 96.10287514,  99.9
 11, 171, 29.01448981, 96.09951441,  99.9
 12, 171, 29.01377671, 96.09610800,  99.9
 13, 171, 29.01305383, 96.09265529,  99.9
 14, 171, 29.01232102, 96.08915566,  99.9
 15, 171, 29.01157814, 96.08560845,  99.9
 16, 171, 29.01082507, 96.08201303,  99.9
 17, 171, 29.01006165, 96.07836875,  99.9
 18, 171, 29.00928775, 96.07467493,  99.9
 19, 171, 29.00850321, 96.07093092,  99.9
 20, 171, 29.00770790, 96.06713602,  99.9
 21, 171, 29.00690166, 96.06328954,  99.9
 22, 171, 29.00608433, 96.05939079,  99.9
 23, 171, 29.00525577, 96.05543905,  99.9
 24, 171, 29.00441583, 96.05143361,  99.9
 25, 171, 29.00356433, 96.04737374,  99.9
 26, 171, 29.00270112, 96.04325870,  99.9
 27, 171, 29.00182605, 96.03908774,  99.9
 28, 171, 29.00093894, 96.03486009,  99.9
 29, 171, 29.00003962, 96.03057500,  99.9
 30, 171, 28.99912793, 96.02623168,  99.9
 31, 171, 28.99820369, 96.02182934,  99.9
 32, 171, 28.99726674, 96.01736719,  99.9
 33, 171, 28.99631688, 96.01284440,  99.9
 34, 171, 28.99535395, 96.00826016,  99.9
 35, 171, 28.99437776, 96.00361363,   2.5
 36, 171, 28.99338813, 95.99890397,   2.5
 37, 171, 28.99238487, 95.99413032,  99.9
 38, 171, 28.99136778, 95.98929181,  99.9
 39, 171, 28.99033669, 95.98438757,  99.9
 40, 171, 28.98929138, 95.97941670,  99.9
 41, 171, 28.98823167, 95.97437829,  99.9
 42, 171, 28.98715735, 95.96927144,  99.9
 43, 171, 28.98606821, 95.96409521,  99.9
 44, 171, 28.98496406, 95.95884866,  99.9
 45, 171, 28.98384468, 95.95353084,  99.9
 46, 171, 28.98270985, 95.94814078,  99.9
 47, 171, 28.98155937, 95.94267751,  99.9
 48, 171, 28.98039302, 95.93714002,  99.9
 49, 171, 28.97921056, 95.93152732,  99.9
 50, 171, 28.97801178, 95.92583838,  99.9
 51, 171, 28.97679645, 95.92007216,  99.9
 52, 171, 28.97556433, 95.91422763,  99.9
 53, 171, 28.97431519, 95.90830372,  99.9
 54, 171, 28.97304880, 95.90229936,  99.9
 55, 171, 28.97176491, 95.89621344,  99.9
 56, 171, 28.97046327, 95.89004488,  99.9
 57, 171, 28.96914363, 95.88379254,  99.9
 58, 171, 28.96780575, 95.87745529,  99.9
 59, 171, 28.96644937, 95.87103199,  99.9
 60, 171, 28.96507422, 95.86452146,  99.9
 61, 171, 28.96368005, 95.85792252,  99.9
 62, 171, 28.96226658, 95.85123398,  99.9
 63, 171, 28.96083354, 95.84445461,  99.9
 64, 171, 28.95938067, 95.83758320,  99.9
 65, 171, 28.95790767, 95.83061849,  99.9
 66, 171, 28.95641428, 95.82355922,  99.9
 67, 171, 28.95490019, 95.81640411,  99.9
 68, 171, 28.95336511, 95.80915185,  99.9
 69, 171, 28.95180876, 95.80180114,  99.9
 70, 171, 28.95023083, 95.79435064,  99.9
 71, 171, 28.94863101, 95.78679900,  99.9
 72, 171, 28.94700901, 95.77914485,  99.9
 73, 171, 28.94536449, 95.77138680,  99.9
 74, 171, 28.94369716, 95.76352344,  99.9
 75, 171, 28.94200667, 95.75555335,  99.9
 76, 171, 28.94029271, 95.74747509,  99.9
 77, 171, 28.93855494, 95.73928718,  99.9
 78, 171, 28.93679303, 95.73098815,  99.9
 79, 171, 28.93500664, 95.72257649,  99.9
 80, 171, 28.93319541, 95.71405067,  99.9
 81, 171, 28.93135899, 95.70540915,  99.9
 82, 171, 28.92949703, 95.69665037,   3.2
 83, 171, 28.92760916, 95.68777274,   3.3
 84, 171, 28.92569502, 95.67877465,  99.9
 85, 171, 28.92375424, 95.66965446,  99.9
 86, 171, 28.92178642, 95.66041054,  99.9
 87, 171, 28.91979120, 95.65104120,  99.9
 88, 171, 28.91776817, 95.64154475,  99.9
 89, 171, 28.91571695, 95.63191947,  99.9
 90, 171, 28.91363713, 95.62216361,  99.9
 91, 171, 28.91152830, 95.61227542,  99.9
 92, 171, 28.90939004, 95.60225310,  99.9
 93, 171, 28.90722195, 95.59209483,  99.9
 94, 171, 28.90502359, 95.58179879,  99.9
 95, 171, 28.90279453, 95.57136310,  99.9
 96, 171, 28.90053433, 95.56078588,  99.9
 97, 171, 28.89824254, 95.55006523,  99.9
 98, 171, 28.89591872, 95.53919919,   4.0
 99, 171, 28.89356239, 95.52818580,   4.0
100, 171, 28.89117311, 95.51702308,   4.0
101, 171, 28.88875039, 95.50570900,   3.5
102, 171, 28.88629375, 95.49424153,  99.9
103, 171, 28.88380271, 95.48261858,   3.0
104, 171, 28.88127677, 95.47083806,   3.1
105, 171, 28.87871542, 95.45889785,   3.2
106, 171, 28.87611817, 95.44679578,   3.3
107, 171, 28.87348449, 95.43452967,   3.4
108, 171, 28.87081386, 95.42209731,   3.7
109, 171, 28.86810574, 95.40949645,   4.0
110, 171, 28.86535959, 95.39672481,   4.1
111, 171, 28.86257487, 95.38378010,   4.1
112, 171, 28.85975101, 95.37065997,   4.1
113, 171, 28.85688745, 95.35736207,   4.0
114, 171, 28.85398361, 95.34388399,   3.9
115, 171, 28.85103891, 95.33022330,   3.9
116, 171, 28.84805276, 95.31637754,   3.8
117, 171, 28.84502456, 95.30234421,   3.8
118, 171, 28.84195369, 95.28812079,   3.8
119, 171, 28.83883953, 95.27370471,   3.7
120, 171, 28.83568146, 95.25909338,   3.7
121, 171, 28.83247884, 95.24428415,   3.7
122, 171, 28.82923101, 95.22927438,   3.7
123, 171, 28.82593732, 95.21406135,   3.6
124, 171, 28.82259709, 95.19864233,   3.6
125, 171, 28.81920966, 95.18301453,   3.6
126, 171, 28.81577432, 95.16717516,   3.6
127, 171, 28.81229038, 95.15112136,   3.5
128, 171, 28.80875712, 95.13485024,   3.5
129, 171, 28.80517382, 95.11835888,   3.5
130, 171, 28.80153976, 95.10164432,   3.5
131, 171, 28.79785417, 95.08470354,   3.5
132, 171, 28.79411631, 95.06753351,   3.4
133, 171, 28.79032541, 95.05013115,   3.4
134, 171, 28.78648068, 95.03249332,   3.4
135, 171, 28.78258134, 95.01461687,   3.4
136, 171, 28.77862657, 94.99649857,   3.3
137, 171, 28.77461556, 94.97813519,   3.3
138, 171, 28.77054748, 94.95952343,   3.3
139, 171, 28.76642148, 94.94065994,   3.3
140, 171, 28.76223671, 94.92154135,   3.3
141, 171, 28.75799229, 94.90216424,   3.2
142, 171, 28.75368734, 94.88252512,   3.2
143, 171, 28.74932097, 94.86262048,   3.2
144, 171, 28.74489225, 94.84244675,   3.2
145, 171, 28.74040027, 94.82200033,   3.2
146, 171, 28.73584407, 94.80127756,   3.1
147, 171, 28.73122270, 94.78027472,   3.1
148, 171, 28.72653520, 94.75898806,   3.1
149, 171, 28.72178056, 94.73741377,   3.1
150, 171, 28.71695779, 94.71554800,   3.1
151, 171, 28.71206587, 94.69338684,   3.0
152, 171, 28.70710376, 94.67092633,   3.0
153, 171, 28.70207041, 94.64816246,   3.0
154, 171, 28.69696474, 94.62509117,   3.0
155, 171, 28.69178568, 94.60170833,   3.0
156, 171, 28.68653211, 94.57800978,   2.9
157, 171, 28.68120292, 94.55399129,   2.9
158, 171, 28.67579696, 94.52964858,   2.9
159, 171, 28.67031307, 94.50497732,   2.9
160, 171, 28.66475008, 94.47997310,   2.9
161, 171, 28.65910679, 94.45463147,   2.9
162, 171, 28.65338198, 94.42894793,   2.8
163, 171, 28.64757441, 94.40291790,   2.8
164, 171, 28.64168284, 94.37653676,   2.8
165, 171, 28.63570597, 94.34979982,   2.8
166, 171, 28.62964251, 94.32270231,   2.8
167, 171, 28.62349115, 94.29523944,   2.8
168, 171, 28.61725054, 94.26740633,   2.7
169, 171, 28.61091932, 94.23919803,   2.7
170, 171, 28.60449610, 94.21060954,   2.7
171, 171, 28.59797947, 94.18163579,   2.7
172, 171, 28.59136800, 94.15227165,   2.7
173, 171, 28.58466023, 94.12251192,   2.7
174, 171, 28.57785469, 94.09235132,   2.7
175, 171, 28.57094987, 94.06178453,   2.6
176, 171, 28.56394423, 94.03080612,   2.6
177, 171, 28.55683623, 93.99941063,   2.6
178, 171, 28.54962428, 93.96759251,   2.6
179, 171, 28.54230678, 93.93534614,   2.6
180, 171, 28.53488208, 93.90266582,   2.6
181, 171, 28.52734852, 93.86954580,   2.6
182, 171, 28.51970442, 93.83598022,   2.6
183, 171, 28.51194805, 93.80196318,   2.6
184, 171, 28.50407768, 93.76748868,   2.6
185, 171, 28.49609150, 93.73255066,   2.6
186, 171, 28.48798774, 93.69714297,   2.6
187, 171, 28.47976453, 93.66125938,   2.6
188, 171, 28.47142001, 93.62489359,   2.6
189, 171, 28.46295228, 93.58803922,   2.6
190, 171, 28.45435941, 93.55068978,   2.6
191, 171, 28.44563943, 93.51283875,   2.7
  1, 172, 29.02371345, 96.13048130,  99.9
  2, 172, 29.02312659, 96.12749575,  99.9
  3, 172, 29.02253168, 96.12446961,  99.9
  4, 172, 29.02192860, 96.12140233,  99.9
  5, 172, 29.02131725, 96.11829336,  99.9
  6, 172, 29.02069751, 96.11514212,  99.9
  7, 172, 29.02006926, 96.11194804,  99.9
  8, 172, 29.01943238, 96.10871055,  99.9
  9, 172, 29.01878676, 96.10542904,  99.9
 10, 172, 29.01813228, 96.10210293,  99.9
 11, 172, 29.01746881, 96.09873160,  99.9
 12, 172, 29.01679623, 96.09531445,  99.9
 13, 172, 29.01611441, 96.09185085,  99.9
 14, 172, 29.01542322, 96.08834017,  99.9
 15, 172, 29.01472254, 96.08478177,  99.9
 16, 172, 29.01401222, 96.08117500,  99.9
 17, 172, 29.01329215, 96.07751921,  99.9
 18, 172, 29.01256218, 96.07381372,  99.9
 19, 172, 29.01182217, 96.07005788,  99.9
 20, 172, 29.01107199, 96.06625098,  99.9
 21, 172, 29.01031149, 96.06239235,  99.9
 22, 172, 29.00954054, 96.05848127,  99.9
 23, 172, 29.00875898, 96.05451704,  99.9
 24, 172, 29.00796667, 96.05049892,  99.9
 25, 172, 29.00716346, 96.04642620,  99.9
 26, 172, 29.00634919, 96.04229813,  99.9
 27, 172, 29.00552372, 96.03811396,  99.9
 28, 172, 29.00468689, 96.03387293,  99.9
 29, 172, 29.00383854, 96.02957426,  99.9
 30, 172, 29.00297850, 96.02521717,  99.9
 31, 172, 29.00210663, 96.02080088,  99.9
 32, 172, 29.00122274, 96.01632457,  99.9
 33, 172, 29.00032668, 96.01178743,  99.9
 34, 172, 28.99941827, 96.00718864,  99.9
 35, 172, 28.99849734, 96.00252737,   2.5
 36, 172, 28.99756373, 95.99780275,  99.9
 37, 172, 28.99661724, 95.99301393,  99.9
 38, 172, 28.99565770, 95.98816005,  99.9
 39, 172, 28.99468493, 95.98324022,  99.9
 40, 172, 28.99369874, 95.97825354,  99.9
 41, 172, 28.99269895, 95.97319911,  99.9
 42, 172, 28.99168537, 95.96807600,  99.9
 43, 172, 28.99065780, 95.96288329,  99.9
 44, 172, 28.98961605, 95.95762004,  99.9
 45, 172, 28.98855991, 95.95228528,  99.9
 46, 172, 28.98748919, 95.94687804,  99.9
 47, 172, 28.98640369, 95.94139735,  99.9
 48, 172, 28.98530319, 95.93584220,  99.9
 49, 172, 28.98418749, 95.93021159,  99.9
 50, 172, 28.98305637, 95.92450449,  99.9
 51, 172, 28.98190962, 95.91871986,  99.9
 52, 172, 28.98074701, 95.91285666,  99.9
 53, 172, 28.97956833, 95.90691382,  99.9
 54, 172, 28.97837335, 95.90089025,  99.9
 55, 172, 28.97716184, 95.89478487,  99.9
 56, 172, 28.97593357, 95.88859657,  99.9
 57, 172, 28.97468830, 95.88232422,  99.9
 58, 172, 28.97342579, 95.87596667,  99.9
 59, 172, 28.97214580, 95.86952279,  99.9
 60, 172, 28.97084809, 95.86299138,  99.9
 61, 172, 28.96953240, 95.85637128,  99.9
 62, 172, 28.96819848, 95.84966128,  99.9
 63, 172, 28.96684608, 95.84286015,  99.9
 64, 172, 28.96547493, 95.83596667,  99.9
 65, 172, 28.96408477, 95.82897958,  99.9
 66, 172, 28.96267533, 95.82189762,  99.9
 67, 172, 28.96124634, 95.81471949,  99.9
 68, 172, 28.95979752, 95.80744390,  99.9
 69, 172, 28.95832859, 95.80006952,  99.9
 70, 172, 28.95683928, 95.79259502,  99.9
 71, 172, 28.95532928, 95.78501904,  99.9
 72, 172, 28.95379830, 95.77734021,  99.9
 73, 172, 28.95224606, 95.76955713,  99.9
 74, 172, 28.95067225, 95.76166838,  99.9
 75, 172, 28.94907656, 95.75367255,  99.9
 76, 172, 28.94745868, 95.74556818,  99.9
 77, 172, 28.94581829, 95.73735380,  99.9
 78, 172, 28.94415509, 95.72902791,  99.9
 79, 172, 28.94246874, 95.72058902,  99.9
 80, 172, 28.94075891, 95.71203559,  99.9
 81, 172, 28.93902527, 95.70336606,  99.9
 82, 172, 28.93726749, 95.69457887,   3.4
 83, 172, 28.93548521, 95.68567243,  99.9
 84, 172, 28.93367809, 95.67664512,  99.9
 85, 172, 28.93184577, 95.66749531,  99.9
 86, 172, 28.92998790, 95.65822133,  99.9
 87, 172, 28.92810411, 95.64882151,  99.9
 88, 172, 28.92619404, 95.63929415,  99.9
 89, 172, 28.92425729, 95.62963751,  99.9
 90, 172, 28.92229350, 95.61984985,  99.9
 91, 172, 28.92030228, 95.60992941,  99.9
 92, 172, 28.91828323, 95.59987437,  99.9
 93, 172, 28.91623596, 95.58968293,  99.9
 94, 172, 28.91416005, 95.57935323,  99.9
 95, 172, 28.91205511, 95.56888341,  99.9
 96, 172, 28.90992071, 95.55827157,  99.9
 97, 172, 28.90775643, 95.54751579,  99.9
 98, 172, 28.90556184, 95.53661413,   2.3
 99, 172, 28.90333651, 95.52556461,   2.4
100, 172, 28.90107999, 95.51436524,   2.4
101, 172, 28.89879184, 95.50301400,   2.4
102, 172, 28.89647159, 95.49150881,   2.7
103, 172, 28.89411879, 95.47984762,   2.8
104, 172, 28.89173296, 95.46802831,  99.9
105, 172, 28.88931363, 95.45604874,   2.9
106, 172, 28.88686031, 95.44390675,   3.5
107, 172, 28.88437252, 95.43160015,   3.6
108, 172, 28.88184976, 95.41912671,   3.6
109, 172, 28.87929151, 95.40648418,   3.8
110, 172, 28.87669726, 95.39367027,   4.1
111, 172, 28.87406649, 95.38068268,   4.1
112, 172, 28.87139868, 95.36751906,   4.1
113, 172, 28.86869328, 95.35417703,   4.1
114, 172, 28.86594974, 95.34065418,   4.0
115, 172, 28.86316752, 95.32694808,   3.9
116, 172, 28.86034605, 95.31305624,   3.9
117, 172, 28.85748475, 95.29897618,   3.8
118, 172, 28.85458304, 95.28470534,   3.8
119, 172, 28.85164035, 95.27024115,   3.8
120, 172, 28.84865606, 95.25558102,   3.7
121, 172, 28.84562957, 95.24072228,   3.7
122, 172, 28.84256025, 95.22566227,   3.7
123, 172, 28.83944750, 95.21039828,   3.7
124, 172, 28.83629066, 95.19492755,   3.6
125, 172, 28.83308909, 95.17924729,   3.6
126, 172, 28.82984214, 95.16335469,   3.6
127, 172, 28.82654913, 95.14724689,   3.6
128, 172, 28.82320939, 95.13092098,   3.6
129, 172, 28.81982223, 95.11437402,   3.5
130, 172, 28.81638695, 95.09760305,   3.5
131, 172, 28.81290285, 95.08060504,   3.5
132, 172, 28.80936920, 95.06337693,   3.5
133, 172, 28.80578526, 95.04591564,   3.4
134, 172, 28.80215031, 95.02821802,   3.4
135, 172, 28.79846357, 95.01028089,   3.4
136, 172, 28.79472428, 94.99210103,   3.4
137, 172, 28.79093167, 94.97367518,   3.3
138, 172, 28.78708494, 94.95500002,   3.3
139, 172, 28.78318328, 94.93607220,   3.3
140, 172, 28.77922589, 94.91688834,   3.3
141, 172, 28.77521192, 94.89744497,   3.3
142, 172, 28.77114053, 94.87773863,   3.2
143, 172, 28.76701088, 94.85776577,   3.2
144, 172, 28.76282208, 94.83752281,   3.2
145, 172, 28.75857326, 94.81700613,   3.2
146, 172, 28.75426351, 94.79621205,   3.2
147, 172, 28.74989192, 94.77513685,   3.1
148, 172, 28.74545757, 94.75377675,   3.1
149, 172, 28.74095950, 94.73212793,   3.1
150, 172, 28.73639677, 94.71018651,   3.1
151, 172, 28.73176840, 94.68794857,   3.1
152, 172, 28.72707339, 94.66541014,   3.0
153, 172, 28.72231075, 94.64256718,   3.0
154, 172, 28.71747945, 94.61941561,   3.0
155, 172, 28.71257846, 94.59595130,   3.0
156, 172, 28.70760671, 94.57217005,   3.0
157, 172, 28.70256314, 94.54806762,   3.0
158, 172, 28.69744666, 94.52363970,   2.9
159, 172, 28.69225615, 94.49888195,   2.9
160, 172, 28.68699050, 94.47378994,   2.9
161, 172, 28.68164856, 94.44835920,   2.9
162, 172, 28.67622916, 94.42258520,   2.9
163, 172, 28.67073112, 94.39646334,   2.8
164, 172, 28.66515325, 94.36998898,   2.8
165, 172, 28.65949431, 94.34315740,   2.8
166, 172, 28.65375307, 94.31596384,   2.8
167, 172, 28.64792826, 94.28840344,   2.8
168, 172, 28.64201860, 94.26047131,   2.8
169, 172, 28.63602279, 94.23216250,   2.7
170, 172, 28.62993950, 94.20347196,   2.7
171, 172, 28.62376737, 94.17439461,   2.7
172, 172, 28.61750505, 94.14492529,   2.7
173, 172, 28.61115112, 94.11505876,   2.7
174, 172, 28.60470418, 94.08478973,   2.7
175, 172, 28.59816279, 94.05411284,   2.6
176, 172, 28.59152547, 94.02302265,   2.6
177, 172, 28.58479074, 93.99151366,   2.6
178, 172, 28.57795708, 93.95958030,   2.6
179, 172, 28.57102294, 93.92721690,   2.6
180, 172, 28.56398677, 93.89441776,   2.6
181, 172, 28.55684697, 93.86117707,   2.6
182, 172, 28.54960190, 93.82748897,   2.6
183, 172, 28.54224994, 93.79334750,   2.6
184, 172, 28.53478939, 93.75874665,   2.6
185, 172, 28.52721855, 93.72368032,   2.6
186, 172, 28.51953568, 93.68814232,   2.6
187, 172, 28.51173903, 93.65212640,   2.6
188, 172, 28.50382679, 93.61562621,   2.6
189, 172, 28.49579714, 93.57863534,   2.6
190, 172, 28.48764822, 93.54114729,   2.6
191, 172, 28.47937814, 93.50315546,   2.7
  1, 173, 29.02632391, 96.12983823,  99.9
  2, 173, 29.02577256, 96.12684386,  99.9
  3, 173, 29.02521363, 96.12380877,  99.9
  4, 173, 29.02464703, 96.12073243,  99.9
  5, 173, 29.02407265, 96.11761426,  99.9
  6, 173, 29.02349038, 96.11445371,  99.9
  7, 173, 29.02290011, 96.11125018,  99.9
  8, 173, 29.02230174, 96.10800311,  99.9
  9, 173, 29.02169514, 96.10471189,  99.9
 10, 173, 29.02108022, 96.10137593,  99.9
 11, 173, 29.02045684, 96.09799462,  99.9
 12, 173, 29.01982489, 96.09456735,  99.9
 13, 173, 29.01918426, 96.09109348,  99.9
 14, 173, 29.01853482, 96.08757240,  99.9
 15, 173, 29.01787645, 96.08400345,  99.9
 16, 173, 29.01720903, 96.08038599,  99.9
 17, 173, 29.01653243, 96.07671935,  99.9
 18, 173, 29.01584653, 96.07300288,  99.9
 19, 173, 29.01515119, 96.06923589,  99.9
 20, 173, 29.01444628, 96.06541769,  99.9
 21, 173, 29.01373167, 96.06154760,  99.9
 22, 173, 29.01300722, 96.05762490,  99.9
 23, 173, 29.01227281, 96.05364889,  99.9
 24, 173, 29.01152828, 96.04961884,  99.9
 25, 173, 29.01077350, 96.04553401,  99.9
 26, 173, 29.01000833, 96.04139367,  99.9
 27, 173, 29.00923262, 96.03719705,  99.9
 28, 173, 29.00844622, 96.03294339,  99.9
 29, 173, 29.00764899, 96.02863193,  99.9
 30, 173, 29.00684077, 96.02426187,  99.9
 31, 173, 29.00602141, 96.01983242,  99.9
 32, 173, 29.00519076, 96.01534278,  99.9
 33, 173, 29.00434865, 96.01079212,  99.9
 34, 173, 29.00349493, 96.00617962,  99.9
 35, 173, 29.00262944, 96.00150444,   2.5
 36, 173, 29.00175201, 95.99676572,  99.9
 37, 173, 29.00086247, 95.99196261,  99.9
 38, 173, 28.99996066, 95.98709424,  99.9
 39, 173, 28.99904639, 95.98215971,  99.9
 40, 173, 28.99811951, 95.97715813,  99.9
 41, 173, 28.99717983, 95.97208859,  99.9
 42, 173, 28.99622717, 95.96695017,  99.9
 43, 173, 28.99526135, 95.96174192,  99.9
 44, 173, 28.99428219, 95.95646292,  99.9
 45, 173, 28.99328950, 95.95111218,  99.9
 46, 173, 28.99228309, 95.94568875,  99.9
 47, 173, 28.99126276, 95.94019164,  99.9
 48, 173, 28.99022833, 95.93461984,  99.9
 49, 173, 28.98917958, 95.92897234,  99.9
 50, 173, 28.98811634, 95.92324812,  99.9
 51, 173, 28.98703838, 95.91744613,  99.9
 52, 173, 28.98594550, 95.91156533,  99.9
 53, 173, 28.98483749, 95.90560463,  99.9
 54, 173, 28.98371414, 95.89956296,  99.9
 55, 173, 28.98257524, 95.89343923,  99.9
 56, 173, 28.98142056, 95.88723231,  99.9
 57, 173, 28.98024988, 95.88094108,  99.9
 58, 173, 28.97906298, 95.87456439,  99.9
 59, 173, 28.97785962, 95.86810109,  99.9
 60, 173, 28.97663958, 95.86155001,  99.9
 61, 173, 28.97540262, 95.85490995,  99.9
 62, 173, 28.97414850, 95.84817970,  99.9
 63, 173, 28.97287698, 95.84135805,  99.9
 64, 173, 28.97158781, 95.83444375,  99.9
 65, 173, 28.97028074, 95.82743555,  99.9
 66, 173, 28.96895553, 95.82033217,  99.9
 67, 173, 28.96761190, 95.81313234,  99.9
 68, 173, 28.96624961, 95.80583473,  99.9
 69, 173, 28.96486838, 95.79843802,  99.9
 70, 173, 28.96346795, 95.79094088,  99.9
 71, 173, 28.96204805, 95.78334193,  99.9
 72, 173, 28.96060840, 95.77563981,  99.9
 73, 173, 28.95914872, 95.76783311,  99.9
 74, 173, 28.95766872, 95.75992041,  99.9
 75, 173, 28.95616812, 95.75190029,  99.9
 76, 173, 28.95464662, 95.74377128,  99.9
 77, 173, 28.95310392, 95.73553191,  99.9
 78, 173, 28.95153973, 95.72718068,  99.9
 79, 173, 28.94995374, 95.71871609,  99.9
 80, 173, 28.94834563, 95.71013659,   3.5
 81, 173, 28.94671510, 95.70144063,   3.5
 82, 173, 28.94506181, 95.69262663,   3.6
 83, 173, 28.94338545, 95.68369299,  99.9
 84, 173, 28.94168569, 95.67463810,  99.9
 85, 173, 28.93996219, 95.66546031,  99.9
 86, 173, 28.93821461, 95.65615796,  99.9
 87, 173, 28.93644261, 95.64672936,  99.9
 88, 173, 28.93464583, 95.63717281,  99.9
 89, 173, 28.93282393, 95.62748657,  99.9
 90, 173, 28.93097654, 95.61766888,  99.9
 91, 173, 28.92910330, 95.60771798,  99.9
 92, 173, 28.92720383, 95.59763205,  99.9
 93, 173, 28.92527775, 95.58740927,  99.9
 94, 173, 28.92332470, 95.57704778,  99.9
 95, 173, 28.92134426, 95.56654572,  99.9
 96, 173, 28.91933607, 95.55590118,  99.9
 97, 173, 28.91729970, 95.54511223,  99.9
 98, 173, 28.91523476, 95.53417693,   2.3
 99, 173, 28.91314083, 95.52309328,  99.9
100, 173, 28.91101750, 95.51185929,   2.3
101, 173, 28.90886434, 95.50047292,   2.4
102, 173, 28.90668092, 95.48893211,   2.6
103, 173, 28.90446679, 95.47723478,  99.9
104, 173, 28.90222153, 95.46537881,  99.9
105, 173, 28.89994466, 95.45336205,   3.0
106, 173, 28.89763575, 95.44118233,   3.5
107, 173, 28.89529431, 95.42883746,   3.6
108, 173, 28.89291988, 95.41632520,   3.6
109, 173, 28.89051198, 95.40364328,   3.6
110, 173, 28.88807012, 95.39078942,   3.5
111, 173, 28.88559381, 95.37776129,   3.8
112, 173, 28.88308254, 95.36455654,   4.2
113, 173, 28.88053581, 95.35117279,   4.1
114, 173, 28.87795310, 95.33760762,   4.1
115, 173, 28.87533387, 95.32385857,   4.0
116, 173, 28.87267760, 95.30992318,   3.9
117, 173, 28.86998375, 95.29579891,   3.9
118, 173, 28.86725176, 95.28148323,   3.8
119, 173, 28.86448107, 95.26697355,   3.8
120, 173, 28.86167112, 95.25226725,   3.8
121, 173, 28.85882133, 95.23736168,   3.7
122, 173, 28.85593112, 95.22225415,   3.7
123, 173, 28.85299989, 95.20694194,   3.7
124, 173, 28.85002703, 95.19142228,   3.7
125, 173, 28.84701193, 95.17569239,   3.6
126, 173, 28.84395397, 95.15974943,   3.6
127, 173, 28.84085252, 95.14359052,   3.6
128, 173, 28.83770693, 95.12721275,   3.6
129, 173, 28.83451655, 95.11061318,   3.6
130, 173, 28.83128071, 95.09378881,   3.5
131, 173, 28.82799875, 95.07673662,   3.5
132, 173, 28.82466997, 95.05945354,   3.5
133, 173, 28.82129369, 95.04193645,   3.5
134, 173, 28.81786919, 95.02418222,   3.4
135, 173, 28.81439576, 95.00618764,   3.4
136, 173, 28.81087266, 94.98794948,   3.4
137, 173, 28.80729916, 94.96946446,   3.4
138, 173, 28.80367451, 94.95072926,   3.4
139, 173, 28.79999794, 94.93174051,   3.3
140, 173, 28.79626867, 94.91249481,   3.3
141, 173, 28.79248592, 94.89298869,   3.3
142, 173, 28.78864887, 94.87321865,   3.3
143, 173, 28.78475673, 94.85318115,   3.2
144, 173, 28.78080865, 94.83287259,   3.2
145, 173, 28.77680379, 94.81228932,   3.2
146, 173, 28.77274131, 94.79142766,   3.2
147, 173, 28.76862034, 94.77028387,   3.2
148, 173, 28.76443998, 94.74885415,   3.2
149, 173, 28.76019934, 94.72713467,   3.1
150, 173, 28.75589752, 94.70512153,   3.1
151, 173, 28.75153357, 94.68281079,   3.1
152, 173, 28.74710657, 94.66019846,   3.1
153, 173, 28.74261555, 94.63728050,   3.1
154, 173, 28.73805954, 94.61405279,   3.0
155, 173, 28.73343756, 94.59051119,   3.0
156, 173, 28.72874858, 94.56665149,   3.0
157, 173, 28.72399160, 94.54246942,   3.0
158, 173, 28.71916558, 94.51796066,   3.0
159, 173, 28.71426945, 94.49312083,   2.9
160, 173, 28.70930215, 94.46794550,   2.9
161, 173, 28.70426258, 94.44243018,   2.9
162, 173, 28.69914963, 94.41657031,   2.9
163, 173, 28.69396218, 94.39036127,   2.9
164, 173, 28.68869908, 94.36379841,   2.9
165, 173, 28.68335916, 94.33687697,   2.8
166, 173, 28.67794124, 94.30959218,   2.8
167, 173, 28.67244411, 94.28193915,   2.8
168, 173, 28.66686655, 94.25391298,   2.8
169, 173, 28.66120730, 94.22550868,   2.8
170, 173, 28.65546511, 94.19672119,   2.7
171, 173, 28.64963868, 94.16754540,   2.7
172, 173, 28.64372671, 94.13797611,   2.7
173, 173, 28.63772786, 94.10800808,   2.7
174, 173, 28.63164077, 94.07763599,   2.7
175, 173, 28.62546407, 94.04685444,   2.7
176, 173, 28.61919635, 94.01565798,   2.6
177, 173, 28.61283619, 93.98404106,   2.6
178, 173, 28.60638215, 93.95199810,   2.6
179, 173, 28.59983273, 93.91952340,   2.6
180, 173, 28.59318646, 93.88661123,   2.6
181, 173, 28.58644179, 93.85325575,   2.6
182, 173, 28.57959717, 93.81945106,   2.6
183, 173, 28.57265103, 93.78519120,   2.6
184, 173, 28.56560177, 93.75047010,   2.6
185, 173, 28.55844773, 93.71528163,   2.6
186, 173, 28.55118727, 93.67961958,   2.6
187, 173, 28.54381870, 93.64347766,   2.6
188, 173, 28.53634028, 93.60684950,   2.6
189, 173, 28.52875028, 93.56972864,   2.6
190, 173, 28.52104690, 93.53210855,   2.6
191, 173, 28.51322834, 93.49398260,   2.7
  1, 174, 29.02894177, 96.12923532,  99.9
  2, 174, 29.02842602, 96.12623267,  99.9
  3, 174, 29.02790318, 96.12318920,  99.9
  4, 174, 29.02737316, 96.12010435,  99.9
  5, 174, 29.02683585, 96.11697756,  99.9
  6, 174, 29.02629117, 96.11380826,  99.9
  7, 174, 29.02573899, 96.11059587,  99.9
  8, 174, 29.02517923, 96.10733980,  99.9
  9, 174, 29.02461177, 96.10403947,  99.9
 10, 174, 29.02403651, 96.10069428,  99.9
 11, 174, 29.02345334, 96.09730360,  99.9
 12, 174, 29.02286215, 96.09386683,  99.9
 13, 174, 29.02226282, 96.09038334,  99.9
 14, 174, 29.02165525, 96.08685249,  99.9
 15, 174, 29.02103932, 96.08327365,  99.9
 16, 174, 29.02041492, 96.07964615,  99.9
 17, 174, 29.01978192, 96.07596934,  99.9
 18, 174, 29.01914020, 96.07224255,  99.9
 19, 174, 29.01848965, 96.06846510,  99.9
 20, 174, 29.01783015, 96.06463630,  99.9
 21, 174, 29.01716156, 96.06075545,  99.9
 22, 174, 29.01648376, 96.05682186,  99.9
 23, 174, 29.01579662, 96.05283479,  99.9
 24, 174, 29.01510001, 96.04879353,  99.9
 25, 174, 29.01439381, 96.04469734,  99.9
 26, 174, 29.01367787, 96.04054547,  99.9
 27, 174, 29.01295206, 96.03633717,  99.9
 28, 174, 29.01221624, 96.03207167,  99.9
 29, 174, 29.01147028, 96.02774820,  99.9
 30, 174, 29.01071402, 96.02336596,  99.9
 31, 174, 29.00994733, 96.01892416,  99.9
 32, 174, 29.00917007, 96.01442200,  99.9
 33, 174, 29.00838207, 96.00985864,  99.9
 34, 174, 29.00758320, 96.00523327,   2.4
 35, 174, 29.00677330, 96.00054503,   2.4
 36, 174, 29.00595222, 95.99579309,  99.9
 37, 174, 29.00511979, 95.99097656,  99.9
 38, 174, 29.00427587, 95.98609458,  99.9
 39, 174, 29.00342028, 95.98114625,  99.9
 40, 174, 29.00255287, 95.97613068,  99.9
 41, 174, 29.00167348, 95.97104695,  99.9
 42, 174, 29.00078192, 95.96589414,  99.9
 43, 174, 28.99987803, 95.96067132,  99.9
 44, 174, 28.99896164, 95.95537752,  99.9
 45, 174, 28.99803258, 95.95001179,  99.9
 46, 174, 28.99709065, 95.94457315,  99.9
 47, 174, 28.99613569, 95.93906061,  99.9
 48, 174, 28.99516752, 95.93347317,  99.9
 49, 174, 28.99418593, 95.92780981,  99.9
 50, 174, 28.99319075, 95.92206951,  99.9
 51, 174, 28.99218178, 95.91625122,  99.9
 52, 174, 28.99115883, 95.91035388,  99.9
 53, 174, 28.99012170, 95.90437641,  99.9
 54, 174, 28.98907020, 95.89831774,  99.9
 55, 174, 28.98800411, 95.89217676,  99.9
 56, 174, 28.98692324, 95.88595235,  99.9
 57, 174, 28.98582737, 95.87964339,  99.9
 58, 174, 28.98471630, 95.87324872,  99.9
 59, 174, 28.98358980, 95.86676719,  99.9
 60, 174, 28.98244766, 95.86019761,  99.9
 61, 174, 28.98128965, 95.85353879,  99.9
 62, 174, 28.98011556, 95.84678952,  99.9
 63, 174, 28.97892516, 95.83994858,  99.9
 64, 174, 28.97771821, 95.83301472,  99.9
 65, 174, 28.97649448, 95.82598668,  99.9
 66, 174, 28.97525373, 95.81886319,  99.9
 67, 174, 28.97399572, 95.81164295,  99.9
 68, 174, 28.97272020, 95.80432465,  99.9
 69, 174, 28.97142693, 95.79690696,  99.9
 70, 174, 28.97011565, 95.78938853,  99.9
 71, 174, 28.96878611, 95.78176800,  99.9
 72, 174, 28.96743805, 95.77404398,  99.9
 73, 174, 28.96607120, 95.76621508,  99.9
 74, 174, 28.96468529, 95.75827987,  99.9
 75, 174, 28.96328006, 95.75023691,  99.9
 76, 174, 28.96185522, 95.74208473,  99.9
 77, 174, 28.96041050, 95.73382187,  99.9
 78, 174, 28.95894562, 95.72544682,  99.9
 79, 174, 28.95746028, 95.71695806,  99.9
 80, 174, 28.95595420, 95.70835405,  99.9
 81, 174, 28.95442707, 95.69963323,  99.9
 82, 174, 28.95287859, 95.69079401,  99.9
 83, 174, 28.95130846, 95.68183480,  99.9
 84, 174, 28.94971638, 95.67275397,  99.9
 85, 174, 28.94810201, 95.66354987,  99.9
 86, 174, 28.94646505, 95.65422083,  99.9
 87, 174, 28.94480516, 95.64476517,  99.9
 88, 174, 28.94312203, 95.63518116,  99.9
 89, 174, 28.94141531, 95.62546706,  99.9
 90, 174, 28.93968466, 95.61562113,  99.9
 91, 174, 28.93792975, 95.60564157,  99.9
 92, 174, 28.93615021, 95.59552657,  99.9
 93, 174, 28.93434570, 95.58527431,  99.9
 94, 174, 28.93251585, 95.57488292,  99.9
 95, 174, 28.93066030, 95.56435052,  99.9
 96, 174, 28.92877868, 95.55367520,  99.9
 97, 174, 28.92687061, 95.54285503,   2.5
 98, 174, 28.92493570, 95.53188806,   2.3
 99, 174, 28.92297358, 95.52077228,  99.9
100, 174, 28.92098383, 95.50950570,   2.2
101, 174, 28.91896607, 95.49808627,  99.9
102, 174, 28.91691988, 95.48651193,  99.9
103, 174, 28.91484485, 95.47478057,  99.9
104, 174, 28.91274057, 95.46289008,  99.9
105, 174, 28.91060660, 95.45083831,   2.9
106, 174, 28.90844251, 95.43862307,  99.9
107, 174, 28.90624787, 95.42624216,   3.6
108, 174, 28.90402223, 95.41369333,   3.6
109, 174, 28.90176513, 95.40097432,   3.5
110, 174, 28.89947612, 95.38808282,   3.5
111, 174, 28.89715473, 95.37501651,   3.5
112, 174, 28.89480048, 95.36177303,   4.2
113, 174, 28.89241289, 95.34834997,   4.2
114, 174, 28.88999148, 95.33474492,   4.1
115, 174, 28.88753575, 95.32095542,   4.1
116, 174, 28.88504519, 95.30697897,   4.0
117, 174, 28.88251928, 95.29281306,   3.9
118, 174, 28.87995752, 95.27845511,   3.9
119, 174, 28.87735937, 95.26390255,   3.8
120, 174, 28.87472430, 95.24915274,   3.8
121, 174, 28.87205175, 95.23420302,   3.8
122, 174, 28.86934118, 95.21905070,   3.7
123, 174, 28.86659202, 95.20369303,   3.7
124, 174, 28.86380371, 95.18812726,   3.7
125, 174, 28.86097565, 95.17235056,   3.7
126, 174, 28.85810727, 95.15636010,   3.7
127, 174, 28.85519796, 95.14015300,   3.6
128, 174, 28.85224712, 95.12372632,   3.6
129, 174, 28.84925412, 95.10707712,   3.6
130, 174, 28.84621834, 95.09020239,   3.6
131, 174, 28.84313914, 95.07309908,   3.5
132, 174, 28.84001587, 95.05576413,   3.5
133, 174, 28.83684787, 95.03819441,   3.5
134, 174, 28.83363448, 95.02038676,   3.5
135, 174, 28.83037501, 95.00233796,   3.5
136, 174, 28.82706878, 94.98404478,   3.4
137, 174, 28.82371508, 94.96550392,   3.4
138, 174, 28.82031320, 94.94671204,   3.4
139, 174, 28.81686241, 94.92766577,   3.4
140, 174, 28.81336198, 94.90836168,   3.3
141, 174, 28.80981116, 94.88879631,   3.3
142, 174, 28.80620919, 94.86896613,   3.3
143, 174, 28.80255529, 94.84886758,   3.3
144, 174, 28.79884868, 94.82849706,   3.3
145, 174, 28.79508857, 94.80785090,   3.2
146, 174, 28.79127413, 94.78692540,   3.2
147, 174, 28.78740456, 94.76571681,   3.2
148, 174, 28.78347899, 94.74422131,   3.2
149, 174, 28.77949660, 94.72243506,   3.2
150, 174, 28.77545650, 94.70035414,   3.1
151, 174, 28.77135783, 94.67797459,   3.1
152, 174, 28.76719968, 94.65529242,   3.1
153, 174, 28.76298114, 94.63230354,   3.1
154, 174, 28.75870130, 94.60900385,   3.1
155, 174, 28.75435921, 94.58538918,   3.0
156, 174, 28.74995391, 94.56145528,   3.0
157, 174, 28.74548443, 94.53719789,   3.0
158, 174, 28.74094980, 94.51261266,   3.0
159, 174, 28.73634899, 94.48769520,   3.0
160, 174, 28.73168099, 94.46244105,   3.0
161, 174, 28.72694477, 94.43684570,   2.9
162, 174, 28.72213927, 94.41090457,   2.9
163, 174, 28.71726340, 94.38461303,   2.9
164, 174, 28.71231609, 94.35796639,   2.9
165, 174, 28.70729622, 94.33095990,   2.9
166, 174, 28.70220267, 94.30358873,   2.8
167, 174, 28.69703428, 94.27584800,   2.8
168, 174, 28.69178989, 94.24773278,   2.8
169, 174, 28.68646831, 94.21923804,   2.8
170, 174, 28.68106834, 94.19035871,   2.8
171, 174, 28.67558874, 94.16108966,   2.7
172, 174, 28.67002826, 94.13142567,   2.7
173, 174, 28.66438564, 94.10136146,   2.7
174, 174, 28.65865959, 94.07089169,   2.7
175, 174, 28.65284879, 94.04001095,   2.7
176, 174, 28.64695189, 94.00871373,   2.7
177, 174, 28.64096755, 93.97699450,   2.6
178, 174, 28.63489438, 93.94484761,   2.6
179, 174, 28.62873096, 93.91226737,   2.6
180, 174, 28.62247588, 93.87924798,   2.6
181, 174, 28.61612766, 93.84578361,   2.6
182, 174, 28.60968483, 93.81186833,   2.6
183, 174, 28.60314588, 93.77749611,   2.6
184, 174, 28.59650927, 93.74266089,   2.6
185, 174, 28.58977345, 93.70735650,   2.6
186, 174, 28.58293682, 93.67157670,   2.6
187, 174, 28.57599777, 93.63531516,   2.6
188, 174, 28.56895464, 93.59856548,   2.6
189, 174, 28.56180578, 93.56132116,   2.6
190, 174, 28.55454946, 93.52357566,   2.6
191, 174, 28.54718396, 93.48532229,   2.7
  1, 175, 29.03156654, 96.12867268,  99.9
  2, 175, 29.03108649, 96.12566231,  99.9
  3, 175, 29.03059984, 96.12261100,  99.9
  4, 175, 29.03010649, 96.11951821,  99.9
  5, 175, 29.02960637, 96.11638336,  99.9
  6, 175, 29.02909936, 96.11320589,  99.9
  7, 175, 29.02858538, 96.10998522,  99.9
  8, 175, 29.02806433, 96.10672077,  99.9
  9, 175, 29.02753611, 96.10341193,  99.9
 10, 175, 29.02700063, 96.10005810,  99.9
 11, 175, 29.02645777, 96.09665868,  99.9
 12, 175, 29.02590744, 96.09321303,  99.9
 13, 175, 29.02534953, 96.08972055,  99.9
 14, 175, 29.02478394, 96.08618058,  99.9
 15, 175, 29.02421057, 96.08259249,  99.9
 16, 175, 29.02362929, 96.07895562,  99.9
 17, 175, 29.02304001, 96.07526930,  99.9
 18, 175, 29.02244260, 96.07153288,  99.9
 19, 175, 29.02183697, 96.06774565,  99.9
 20, 175, 29.02122298, 96.06390695,  99.9
 21, 175, 29.02060054, 96.06001606,  99.9
 22, 175, 29.01996951, 96.05607227,  99.9
 23, 175, 29.01932977, 96.05207488,  99.9
 24, 175, 29.01868122, 96.04802315,  99.9
 25, 175, 29.01802372, 96.04391634,  99.9
 26, 175, 29.01735714, 96.03975370,  99.9
 27, 175, 29.01668137, 96.03553449,  99.9
 28, 175, 29.01599627, 96.03125792,  99.9
 29, 175, 29.01530171, 96.02692322,  99.9
 30, 175, 29.01459756, 96.02252960,  99.9
 31, 175, 29.01388368, 96.01807627,  99.9
 32, 175, 29.01315994, 96.01356240,  99.9
 33, 175, 29.01242621, 96.00898718,   2.4
 34, 175, 29.01168233, 96.00434978,   2.4
 35, 175, 29.01092817, 95.99964935,  99.9
 36, 175, 29.01016359, 95.99488503,  99.9
 37, 175, 29.00938843, 95.99005596,  99.9
 38, 175, 29.00860255, 95.98516126,  99.9
 39, 175, 29.00780580, 95.98020003,  99.9
 40, 175, 29.00699803, 95.97517139,  99.9
 41, 175, 29.00617907, 95.97007440,  99.9
 42, 175, 29.00534878, 95.96490814,  99.9
 43, 175, 29.00450700, 95.95967168,  99.9
 44, 175, 29.00365355, 95.95436405,  99.9
 45, 175, 29.00278828, 95.94898430,  99.9
 46, 175, 29.00191102, 95.94353144,  99.9
 47, 175, 29.00102161, 95.93800448,  99.9
 48, 175, 29.00011986, 95.93240242,  99.9
 49, 175, 28.99920561, 95.92672423,  99.9
 50, 175, 28.99827868, 95.92096889,  99.9
 51, 175, 28.99733890, 95.91513535,  99.9
 52, 175, 28.99638607, 95.90922255,  99.9
 53, 175, 28.99542001, 95.90322940,  99.9
 54, 175, 28.99444054, 95.89715483,  99.9
 55, 175, 28.99344747, 95.89099772,  99.9
 56, 175, 28.99244061, 95.88475696,  99.9
 57, 175, 28.99141975, 95.87843141,  99.9
 58, 175, 28.99038471, 95.87201992,  99.9
 59, 175, 28.98933528, 95.86552132,  99.9
 60, 175, 28.98827125, 95.85893444,  99.9
 61, 175, 28.98719242, 95.85225808,  99.9
 62, 175, 28.98609858, 95.84549102,  99.9
 63, 175, 28.98498951, 95.83863203,  99.9
 64, 175, 28.98386501, 95.83167987,  99.9
 65, 175, 28.98272484, 95.82463327,  99.9
 66, 175, 28.98156879, 95.81749095,  99.9
 67, 175, 28.98039662, 95.81025162,  99.9
 68, 175, 28.97920812, 95.80291395,  99.9
 69, 175, 28.97800305, 95.79547662,  99.9
 70, 175, 28.97678117, 95.78793828,  99.9
 71, 175, 28.97554223, 95.78029755,  99.9
 72, 175, 28.97428601, 95.77255305,  99.9
 73, 175, 28.97301224, 95.76470336,  99.9
 74, 175, 28.97172069, 95.75674707,  99.9
 75, 175, 28.97041108, 95.74868273,  99.9
 76, 175, 28.96908318, 95.74050888,  99.9
 77, 175, 28.96773671, 95.73222402,  99.9
 78, 175, 28.96637140, 95.72382666,  99.9
 79, 175, 28.96498700, 95.71531528,  99.9
 80, 175, 28.96358321, 95.70668832,  99.9
 81, 175, 28.96215977, 95.69794422,  99.9
 82, 175, 28.96071640, 95.68908139,  99.9
 83, 175, 28.95925280, 95.68009823,  99.9
 84, 175, 28.95776868, 95.67099311,  99.9
 85, 175, 28.95626375, 95.66176437,  99.9
 86, 175, 28.95473771, 95.65241033,  99.9
 87, 175, 28.95319026, 95.64292931,  99.9
 88, 175, 28.95162108, 95.63331958,  99.9
 89, 175, 28.95002986, 95.62357940,  99.9
 90, 175, 28.94841628, 95.61370700,  99.9
 91, 175, 28.94678002, 95.60370059,  99.9
 92, 175, 28.94512075, 95.59355836,  99.9
 93, 175, 28.94343814, 95.58327847,  99.9
 94, 175, 28.94173185, 95.57285905,  99.9
 95, 175, 28.94000153, 95.56229822,  99.9
 96, 175, 28.93824684, 95.55159407,   2.5
 97, 175, 28.93646742, 95.54074464,   2.5
 98, 175, 28.93466291, 95.52974798,  99.9
 99, 175, 28.93283295, 95.51860209,  99.9
100, 175, 28.93097717, 95.50730496,  99.9
101, 175, 28.92909518, 95.49585454,  99.9
102, 175, 28.92718661, 95.48424875,  99.9
103, 175, 28.92525107, 95.47248549,  99.9
104, 175, 28.92328816, 95.46056264,  99.9
105, 175, 28.92129749, 95.44847803,  99.9
106, 175, 28.91927864, 95.43622948,  99.9
107, 175, 28.91723121, 95.42381476,   3.4
108, 175, 28.91515477, 95.41123164,   3.4
109, 175, 28.91304891, 95.39847783,   3.5
110, 175, 28.91091317, 95.38555104,   3.4
111, 175, 28.90874714, 95.37244891,   3.5
112, 175, 28.90655036, 95.35916908,   3.5
113, 175, 28.90432237, 95.34570914,   4.2
114, 175, 28.90206272, 95.33206668,   4.2
115, 175, 28.89977094, 95.31823920,   4.1
116, 175, 28.89744656, 95.30422423,   4.0
117, 175, 28.89508909, 95.29001922,   4.0
118, 175, 28.89269804, 95.27562161,   3.9
119, 175, 28.89027292, 95.26102879,   3.9
120, 175, 28.88781321, 95.24623814,   3.8
121, 175, 28.88531841, 95.23124697,   3.8
122, 175, 28.88278800, 95.21605258,   3.8
123, 175, 28.88022144, 95.20065223,   3.8
124, 175, 28.87761820, 95.18504314,   3.7
125, 175, 28.87497772, 95.16922248,   3.7
126, 175, 28.87229946, 95.15318741,   3.7
127, 175, 28.86958285, 95.13693504,   3.7
128, 175, 28.86682731, 95.12046241,   3.6
129, 175, 28.86403226, 95.10376658,   3.6
130, 175, 28.86119711, 95.08684452,   3.6
131, 175, 28.85832126, 95.06969319,   3.6
132, 175, 28.85540410, 95.05230950,   3.6
133, 175, 28.85244500, 95.03469030,   3.5
134, 175, 28.84944333, 95.01683243,   3.5
135, 175, 28.84639845, 94.99873266,   3.5
136, 175, 28.84330971, 94.98038775,   3.5
137, 175, 28.84017644, 94.96179438,   3.4
138, 175, 28.83699798, 94.94294921,   3.4
139, 175, 28.83377364, 94.92384884,   3.4
140, 175, 28.83050272, 94.90448984,   3.4
141, 175, 28.82718451, 94.88486872,   3.4
142, 175, 28.82381830, 94.86498196,   3.3
143, 175, 28.82040335, 94.84482598,   3.3
144, 175, 28.81693893, 94.82439715,   3.3
145, 175, 28.81342427, 94.80369181,   3.3
146, 175, 28.80985861, 94.78270623,   3.2
147, 175, 28.80624118, 94.76143664,   3.2
148, 175, 28.80257117, 94.73987922,   3.2
149, 175, 28.79884778, 94.71803010,   3.2
150, 175, 28.79507019, 94.69588536,   3.2
151, 175, 28.79123758, 94.67344102,   3.2
152, 175, 28.78734908, 94.65069306,   3.1
153, 175, 28.78340384, 94.62763740,   3.1
154, 175, 28.77940099, 94.60426990,   3.1
155, 175, 28.77533963, 94.58058637,   3.1
156, 175, 28.77121886, 94.55658257,   3.1
157, 175, 28.76703775, 94.53225420,   3.0
158, 175, 28.76279538, 94.50759690,   3.0
159, 175, 28.75849078, 94.48260625,   3.0
160, 175, 28.75412300, 94.45727779,   3.0
161, 175, 28.74969104, 94.43160698,   3.0
162, 175, 28.74519390, 94.40558923,   2.9
163, 175, 28.74063057, 94.37921988,   2.9
164, 175, 28.73600002, 94.35249422,   2.9
165, 175, 28.73130117, 94.32540749,   2.9
166, 175, 28.72653298, 94.29795483,   2.9
167, 175, 28.72169433, 94.27013134,   2.8
168, 175, 28.71678414, 94.24193207,   2.8
169, 175, 28.71180126, 94.21335197,   2.8
170, 175, 28.70674455, 94.18438595,   2.8
171, 175, 28.70161285, 94.15502885,   2.8
172, 175, 28.69640496, 94.12527543,   2.7
173, 175, 28.69111968, 94.09512039,   2.7
174, 175, 28.68575578, 94.06455836,   2.7
175, 175, 28.68031201, 94.03358390,   2.7
176, 175, 28.67478710, 94.00219150,   2.7
177, 175, 28.66917974, 93.97037558,   2.7
178, 175, 28.66348863, 93.93813047,   2.6
179, 175, 28.65771242, 93.90545045,   2.6
180, 175, 28.65184976, 93.87232972,   2.6
181, 175, 28.64589924, 93.83876239,   2.6
182, 175, 28.63985947, 93.80474250,   2.6
183, 175, 28.63372899, 93.77026403,   2.6
184, 175, 28.62750636, 93.73532085,   2.6
185, 175, 28.62119007, 93.69990678,   2.6
186, 175, 28.61477862, 93.66401554,   2.6
187, 175, 28.60827046, 93.62764078,   2.6
188, 175, 28.60166401, 93.59077606,   2.6
189, 175, 28.59495770, 93.55341487,   2.6
190, 175, 28.58814988, 93.51555060,   2.6
191, 175, 28.58123889, 93.47717656,   2.7
  1, 176, 29.03419775, 96.12815043,  99.9
  2, 176, 29.03375349, 96.12513288,  99.9
  3, 176, 29.03330311, 96.12207429,  99.9
  4, 176, 29.03284654, 96.11897411,  99.9
  5, 176, 29.03238368, 96.11583179,  99.9
  6, 176, 29.03191445, 96.11264673,  99.9
  7, 176, 29.03143876, 96.10941837,  99.9
  8, 176, 29.03095652, 96.10614611,  99.9
  9, 176, 29.03046764, 96.10282936,  99.9
 10, 176, 29.02997202, 96.09946752,  99.9
 11, 176, 29.02946958, 96.09605997,  99.9
 12, 176, 29.02896021, 96.09260608,  99.9
 13, 176, 29.02844383, 96.08910524,  99.9
 14, 176, 29.02792032, 96.08555680,  99.9
 15, 176, 29.02738960, 96.08196011,  99.9
 16, 176, 29.02685157, 96.07831453,  99.9
 17, 176, 29.02630611, 96.07461938,  99.9
 18, 176, 29.02575312, 96.07087400,  99.9
 19, 176, 29.02519251, 96.06707769,  99.9
 20, 176, 29.02462417, 96.06322978,  99.9
 21, 176, 29.02404798, 96.05932955,  99.9
 22, 176, 29.02346383, 96.05537630,  99.9
 23, 176, 29.02287163, 96.05136931,  99.9
 24, 176, 29.02227124, 96.04730784,  99.9
 25, 176, 29.02166256, 96.04319116,  99.9
 26, 176, 29.02104547, 96.03901852,  99.9
 27, 176, 29.02041986, 96.03478915,  99.9
 28, 176, 29.01978560, 96.03050230,  99.9
 29, 176, 29.01914258, 96.02615716,  99.9
 30, 176, 29.01849066, 96.02175297,   2.4
 31, 176, 29.01782973, 96.01728890,   2.4
 32, 176, 29.01715966, 96.01276416,   2.4
 33, 176, 29.01648031, 96.00817791,   2.4
 34, 176, 29.01579157, 96.00352932,  99.9
 35, 176, 29.01509329, 95.99881754,  99.9
 36, 176, 29.01438535, 95.99404172,  99.9
 37, 176, 29.01366761, 95.98920099,  99.9
 38, 176, 29.01293992, 95.98429446,  99.9
 39, 176, 29.01220215, 95.97932124,  99.9
 40, 176, 29.01145416, 95.97428043,  99.9
 41, 176, 29.01069580, 95.96917111,  99.9
 42, 176, 29.00992693, 95.96399234,  99.9
 43, 176, 29.00914740, 95.95874319,  99.9
 44, 176, 29.00835706, 95.95342271,  99.9
 45, 176, 29.00755575, 95.94802991,  99.9
 46, 176, 29.00674332, 95.94256382,  99.9
 47, 176, 29.00591961, 95.93702345,  99.9
 48, 176, 29.00508447, 95.93140779,  99.9
 49, 176, 29.00423772, 95.92571581,  99.9
 50, 176, 29.00337922, 95.91994648,  99.9
 51, 176, 29.00250878, 95.91409875,  99.9
 52, 176, 29.00162625, 95.90817155,  99.9
 53, 176, 29.00073145, 95.90216382,  99.9
 54, 176, 28.99982420, 95.89607444,  99.9
 55, 176, 28.99890433, 95.88990233,  99.9
 56, 176, 28.99797166, 95.88364634,  99.9
 57, 176, 28.99702601, 95.87730536,  99.9
 58, 176, 28.99606719, 95.87087821,  99.9
 59, 176, 28.99509501, 95.86436374,  99.9
 60, 176, 28.99410930, 95.85776076,  99.9
 61, 176, 28.99310984, 95.85106806,  99.9
 62, 176, 28.99209645, 95.84428444,  99.9
 63, 176, 28.99106893, 95.83740865,  99.9
 64, 176, 28.99002708, 95.83043945,  99.9
 65, 176, 28.98897069, 95.82337557,  99.9
 66, 176, 28.98789955, 95.81621573,  99.9
 67, 176, 28.98681346, 95.80895862,  99.9
 68, 176, 28.98571219, 95.80160292,  99.9
 69, 176, 28.98459554, 95.79414731,  99.9
 70, 176, 28.98346328, 95.78659041,  99.9
 71, 176, 28.98231518, 95.77893087,  99.9
 72, 176, 28.98115103, 95.77116728,  99.9
 73, 176, 28.97997059, 95.76329824,  99.9
 74, 176, 28.97877363, 95.75532232,  99.9
 75, 176, 28.97755990, 95.74723807,  99.9
 76, 176, 28.97632917, 95.73904401,  99.9
 77, 176, 28.97508120, 95.73073867,  99.9
 78, 176, 28.97381573, 95.72232053,  99.9
 79, 176, 28.97253251, 95.71378806,  99.9
 80, 176, 28.97123130, 95.70513972,  99.9
 81, 176, 28.96991181, 95.69637393,  99.9
 82, 176, 28.96857381, 95.68748910,  99.9
 83, 176, 28.96721701, 95.67848362,  99.9
 84, 176, 28.96584114, 95.66935586,  99.9
 85, 176, 28.96444593, 95.66010415,  99.9
 86, 176, 28.96303110, 95.65072682,  99.9
 87, 176, 28.96159636, 95.64122216,  99.9
 88, 176, 28.96014143, 95.63158845,  99.9
 89, 176, 28.95866601, 95.62182395,  99.9
 90, 176, 28.95716981, 95.61192687,  99.9
 91, 176, 28.95565251, 95.60189543,  99.9
 92, 176, 28.95411383, 95.59172781,  99.9
 93, 176, 28.95255343, 95.58142215,  99.9
 94, 176, 28.95097101, 95.57097660,  99.9
 95, 176, 28.94936625, 95.56038925,   2.6
 96, 176, 28.94773882, 95.54965819,   2.5
 97, 176, 28.94608839, 95.53878147,  99.9
 98, 176, 28.94441462, 95.52775712,  99.9
 99, 176, 28.94271717, 95.51658314,  99.9
100, 176, 28.94099569, 95.50525751,  99.9
101, 176, 28.93924984, 95.49377817,  99.9
102, 176, 28.93747925, 95.48214304,  99.9
103, 176, 28.93568356, 95.47035001,  99.9
104, 176, 28.93386240, 95.45839695,  99.9
105, 176, 28.93201540, 95.44628169,  99.9
106, 176, 28.93014217, 95.43400204,  99.9
107, 176, 28.92824234, 95.42155577,   3.3
108, 176, 28.92631550, 95.40894063,   3.3
109, 176, 28.92436126, 95.39615434,  99.9
110, 176, 28.92237921, 95.38319458,   3.3
111, 176, 28.92036894, 95.37005900,  99.9
112, 176, 28.91833004, 95.35674522,   3.6
113, 176, 28.91626207, 95.34325085,   3.6
114, 176, 28.91416461, 95.32957343,   4.2
115, 176, 28.91203722, 95.31571049,   4.2
116, 176, 28.90987946, 95.30165952,   4.1
117, 176, 28.90769087, 95.28741798,   4.0
118, 176, 28.90547099, 95.27298331,   4.0
119, 176, 28.90321935, 95.25835287,   3.9
120, 176, 28.90093549, 95.24352404,   3.9
121, 176, 28.89861891, 95.22849413,   3.8
122, 176, 28.89626914, 95.21326042,   3.8
123, 176, 28.89388567, 95.19782017,   3.8
124, 176, 28.89146799, 95.18217058,   3.8
125, 176, 28.88901560, 95.16630882,   3.7
126, 176, 28.88652797, 95.15023203,   3.7
127, 176, 28.88400457, 95.13393731,   3.7
128, 176, 28.88144486, 95.11742171,   3.7
129, 176, 28.87884830, 95.10068226,   3.7
130, 176, 28.87621433, 95.08371593,   3.6
131, 176, 28.87354238, 95.06651966,   3.6
132, 176, 28.87083187, 95.04909035,   3.6
133, 176, 28.86808223, 95.03142485,   3.6
134, 176, 28.86529286, 95.01351998,   3.5
135, 176, 28.86246315, 94.99537251,   3.5
136, 176, 28.85959250, 94.97697917,   3.5
137, 176, 28.85668027, 94.95833664,   3.5
138, 176, 28.85372584, 94.93944156,   3.5
139, 176, 28.85072856, 94.92029053,   3.4
140, 176, 28.84768777, 94.90088010,   3.4
141, 176, 28.84460282, 94.88120678,   3.4
142, 176, 28.84147301, 94.86126701,   3.4
143, 176, 28.83829767, 94.84105722,   3.3
144, 176, 28.83507610, 94.82057376,   3.3
145, 176, 28.83180758, 94.79981295,   3.3
146, 176, 28.82849139, 94.77877105,   3.3
147, 176, 28.82512679, 94.75744429,   3.3
148, 176, 28.82171304, 94.73582882,   3.2
149, 176, 28.81824938, 94.71392076,   3.2
150, 176, 28.81473504, 94.69171617,   3.2
151, 176, 28.81116922, 94.66921106,   3.2
152, 176, 28.80755112, 94.64640140,   3.2
153, 176, 28.80387995, 94.62328308,   3.1
154, 176, 28.80015486, 94.59985196,   3.1
155, 176, 28.79637502, 94.57610382,   3.1
156, 176, 28.79253957, 94.55203442,   3.1
157, 176, 28.78864765, 94.52763942,   3.1
158, 176, 28.78469836, 94.50291446,   3.0
159, 176, 28.78069082, 94.47785511,   3.0
160, 176, 28.77662409, 94.45245687,   3.0
161, 176, 28.77249726, 94.42671519,   3.0
162, 176, 28.76830938, 94.40062547,   3.0
163, 176, 28.76405947, 94.37418302,   2.9
164, 176, 28.75974657, 94.34738313,   2.9
165, 176, 28.75536967, 94.32022099,   2.9
166, 176, 28.75092777, 94.29269174,   2.9
167, 176, 28.74641982, 94.26479046,   2.9
168, 176, 28.74184478, 94.23651217,   2.8
169, 176, 28.73720158, 94.20785181,   2.8
170, 176, 28.73248913, 94.17880427,   2.8
171, 176, 28.72770633, 94.14936435,   2.8
172, 176, 28.72285205, 94.11952680,   2.8
173, 176, 28.71792515, 94.08928630,   2.7
174, 176, 28.71292446, 94.05863745,   2.7
175, 176, 28.70784879, 94.02757479,   2.7
176, 176, 28.70269694, 93.99609279,   2.7
177, 176, 28.69746768, 93.96418583,   2.7
178, 176, 28.69215976, 93.93184823,   2.7
179, 176, 28.68677190, 93.89907425,   2.6
180, 176, 28.68130281, 93.86585804,   2.6
181, 176, 28.67575117, 93.83219370,   2.6
182, 176, 28.67011565, 93.79807525,   2.6
183, 176, 28.66439486, 93.76349663,   2.6
184, 176, 28.65858743, 93.72845168,   2.6
185, 176, 28.65269194, 93.69293420,   2.6
186, 176, 28.64670693, 93.65693789,   2.6
187, 176, 28.64063096, 93.62045634,   2.6
188, 176, 28.63446252, 93.58348311,   2.6
189, 176, 28.62820009, 93.54601164,   2.6
190, 176, 28.62184212, 93.50803530,   2.6
191, 176, 28.61538703, 93.46954736,   2.7
  1, 177, 29.03683492, 96.12766866,  99.9
  2, 177, 29.03642653, 96.12464447,  99.9
  3, 177, 29.03601251, 96.12157916,  99.9
  4, 177, 29.03559279, 96.11847217,  99.9
  5, 177, 29.03516729, 96.11532294,  99.9
  6, 177, 29.03473592, 96.11213087,  99.9
  7, 177, 29.03429861, 96.10889541,  99.9
  8, 177, 29.03385527, 96.10561595,  99.9
  9, 177, 29.03340581, 96.10229190,  99.9
 10, 177, 29.03295016, 96.09892265,  99.9
 11, 177, 29.03248822, 96.09550758,  99.9
 12, 177, 29.03201992, 96.09204609,  99.9
 13, 177, 29.03154515, 96.08853752,  99.9
 14, 177, 29.03106382, 96.08498126,  99.9
 15, 177, 29.03057586, 96.08137663,  99.9
 16, 177, 29.03008116, 96.07772300,  99.9
 17, 177, 29.02957962, 96.07401969,  99.9
 18, 177, 29.02907116, 96.07026604,  99.9
 19, 177, 29.02855568, 96.06646134,  99.9
 20, 177, 29.02803308, 96.06260492,  99.9
 21, 177, 29.02750325, 96.05869606,  99.9
 22, 177, 29.02696610, 96.05473407,  99.9
 23, 177, 29.02642153, 96.05071820,  99.9
 24, 177, 29.02586942, 96.04664774,  99.9
 25, 177, 29.02530968, 96.04252194,  99.9
 26, 177, 29.02474220, 96.03834005,  99.9
 27, 177, 29.02416686, 96.03410131,  99.9
 28, 177, 29.02358356, 96.02980495,  99.9
 29, 177, 29.02299219, 96.02545017,  99.9
 30, 177, 29.02239263, 96.02103620,   2.4
 31, 177, 29.02178476, 96.01656222,   2.4
 32, 177, 29.02116848, 96.01202741,  99.9
 33, 177, 29.02054365, 96.00743097,  99.9
 34, 177, 29.01991017, 96.00277204,  99.9
 35, 177, 29.01926791, 95.99804978,  99.9
 36, 177, 29.01861674, 95.99326333,  99.9
 37, 177, 29.01795654, 95.98841181,  99.9
 38, 177, 29.01728718, 95.98349435,  99.9
 39, 177, 29.01660853, 95.97851004,  99.9
 40, 177, 29.01592046, 95.97345798,  99.9
 41, 177, 29.01522284, 95.96833726,  99.9
 42, 177, 29.01451553, 95.96314693,  99.9
 43, 177, 29.01379840, 95.95788605,  99.9
 44, 177, 29.01307130, 95.95255367,  99.9
 45, 177, 29.01233410, 95.94714881,  99.9
 46, 177, 29.01158665, 95.94167049,  99.9
 47, 177, 29.01082880, 95.93611771,  99.9
 48, 177, 29.01006042, 95.93048947,  99.9
 49, 177, 29.00928134, 95.92478473,  99.9
 50, 177, 29.00849142, 95.91900246,  99.9
 51, 177, 29.00769050, 95.91314160,  99.9
 52, 177, 29.00687843, 95.90720110,  99.9
 53, 177, 29.00605504, 95.90117986,  99.9
 54, 177, 29.00522018, 95.89507680,  99.9
 55, 177, 29.00437368, 95.88889080,  99.9
 56, 177, 29.00351538, 95.88262073,  99.9
 57, 177, 29.00264511, 95.87626546,  99.9
 58, 177, 29.00176269, 95.86982383,  99.9
 59, 177, 29.00086796, 95.86329467,  99.9
 60, 177, 28.99996074, 95.85667678,  99.9
 61, 177, 28.99904085, 95.84996897,  99.9
 62, 177, 28.99810810, 95.84317002,  99.9
 63, 177, 28.99716232, 95.83627868,  99.9
 64, 177, 28.99620331, 95.82929371,  99.9
 65, 177, 28.99523089, 95.82221383,  99.9
 66, 177, 28.99424487, 95.81503777,  99.9
 67, 177, 28.99324504, 95.80776420,  99.9
 68, 177, 28.99223122, 95.80039181,  99.9
 69, 177, 28.99120320, 95.79291926,  99.9
 70, 177, 28.99016077, 95.78534519,  99.9
 71, 177, 28.98910373, 95.77766823,  99.9
 72, 177, 28.98803187, 95.76988697,  99.9
 73, 177, 28.98694497, 95.76200001,  99.9
 74, 177, 28.98584283, 95.75400590,  99.9
 75, 177, 28.98472520, 95.74590320,  99.9
 76, 177, 28.98359188, 95.73769044,  99.9
 77, 177, 28.98244264, 95.72936612,  99.9
 78, 177, 28.98127725, 95.72092872,  99.9
 79, 177, 28.98009546, 95.71237672,  99.9
 80, 177, 28.97889705, 95.70370857,  99.9
 81, 177, 28.97768178, 95.69492268,  99.9
 82, 177, 28.97644939, 95.68601746,  99.9
 83, 177, 28.97519964, 95.67699130,  99.9
 84, 177, 28.97393228, 95.66784255,  99.9
 85, 177, 28.97264706, 95.65856955,  99.9
 86, 177, 28.97134370, 95.64917062,  99.9
 87, 177, 28.97002195, 95.63964405,  99.9
 88, 177, 28.96868154, 95.62998812,  99.9
 89, 177, 28.96732220, 95.62020106,  99.9
 90, 177, 28.96594365, 95.61028111,  99.9
 91, 177, 28.96454561, 95.60022646,  99.9
 92, 177, 28.96312779, 95.59003528,  99.9
 93, 177, 28.96168991, 95.57970573,  99.9
 94, 177, 28.96023166, 95.56923594,  99.9
 95, 177, 28.95875276, 95.55862399,   2.6
 96, 177, 28.95725290, 95.54786797,  99.9
 97, 177, 28.95573176, 95.53696593,  99.9
 98, 177, 28.95418905, 95.52591589,  99.9
 99, 177, 28.95262443, 95.51471584,  99.9
100, 177, 28.95103759, 95.50336376,  99.9
101, 177, 28.94942820, 95.49185758,  99.9
102, 177, 28.94779592, 95.48019521,  99.9
103, 177, 28.94614042, 95.46837455,  99.9
104, 177, 28.94446136, 95.45639345,  99.9
105, 177, 28.94275838, 95.44424974,  99.9
106, 177, 28.94103113, 95.43194121,  99.9
107, 177, 28.93927924, 95.41946565,  99.9
108, 177, 28.93750237, 95.40682077,  99.9
109, 177, 28.93570012, 95.39400431,  99.9
110, 177, 28.93387214, 95.38101392,   3.1
111, 177, 28.93201802, 95.36784727,   3.5
112, 177, 28.93013738, 95.35450197,   3.6
113, 177, 28.92822983, 95.34097559,   3.6
114, 177, 28.92629496, 95.32726569,   3.5
115, 177, 28.92433237, 95.31336979,   4.2
116, 177, 28.92234163, 95.29928537,   4.1
117, 177, 28.92032234, 95.28500988,   4.1
118, 177, 28.91827405, 95.27054075,   4.0
119, 177, 28.91619633, 95.25587534,   4.0
120, 177, 28.91408874, 95.24101102,   3.9
121, 177, 28.91195083, 95.22594508,   3.9
122, 177, 28.90978215, 95.21067481,   3.9
123, 177, 28.90758222, 95.19519744,   3.8
124, 177, 28.90535057, 95.17951017,   3.8
125, 177, 28.90308673, 95.16361018,   3.8
126, 177, 28.90079021, 95.14749457,   3.8
127, 177, 28.89846051, 95.13116045,   3.7
128, 177, 28.89609712, 95.11460486,   3.7
129, 177, 28.89369954, 95.09782481,   3.7
130, 177, 28.89126725, 95.08081727,   3.7
131, 177, 28.88879971, 95.06357916,   3.6
132, 177, 28.88629639, 95.04610738,   3.6
133, 177, 28.88375673, 95.02839877,   3.6
134, 177, 28.88118019, 95.01045013,   3.6
135, 177, 28.87856620, 94.99225822,   3.6
136, 177, 28.87591419, 94.97381977,   3.5
137, 177, 28.87322356, 94.95513144,   3.5
138, 177, 28.87049373, 94.93618986,   3.5
139, 177, 28.86772409, 94.91699162,   3.5
140, 177, 28.86491403, 94.89753326,   3.4
141, 177, 28.86206292, 94.87781126,   3.4
142, 177, 28.85917013, 94.85782208,   3.4
143, 177, 28.85623501, 94.83756211,   3.4
144, 177, 28.85325691, 94.81702771,   3.4
145, 177, 28.85023516, 94.79621517,   3.3
146, 177, 28.84716908, 94.77512074,   3.3
147, 177, 28.84405798, 94.75374063,   3.3
148, 177, 28.84090115, 94.73207100,   3.3
149, 177, 28.83769789, 94.71010793,   3.3
150, 177, 28.83444746, 94.68784748,   3.2
151, 177, 28.83114914, 94.66528565,   3.2
152, 177, 28.82780215, 94.64241838,   3.2
153, 177, 28.82440576, 94.61924156,   3.2
154, 177, 28.82095916, 94.59575102,   3.2
155, 177, 28.81746158, 94.57194254,   3.1
156, 177, 28.81391221, 94.54781184,   3.1
157, 177, 28.81031022, 94.52335460,   3.1
158, 177, 28.80665480, 94.49856642,   3.1
159, 177, 28.80294509, 94.47344284,   3.0
160, 177, 28.79918022, 94.44797938,   3.0
161, 177, 28.79535932, 94.42217144,   3.0
162, 177, 28.79148151, 94.39601442,   3.0
163, 177, 28.78754586, 94.36950361,   3.0
164, 177, 28.78355146, 94.34263427,   3.0
165, 177, 28.77949737, 94.31540158,   2.9
166, 177, 28.77538263, 94.28780067,   2.9
167, 177, 28.77120626, 94.25982659,   2.9
168, 177, 28.76696728, 94.23147433,   2.9
169, 177, 28.76266467, 94.20273883,   2.9
170, 177, 28.75829741, 94.17361494,   2.8
171, 177, 28.75386446, 94.14409746,   2.8
172, 177, 28.74936475, 94.11418111,   2.8
173, 177, 28.74479720, 94.08386054,   2.8
174, 177, 28.74016071, 94.05313033,   2.8
175, 177, 28.73545416, 94.02198501,   2.7
176, 177, 28.73067639, 93.99041901,   2.7
177, 177, 28.72582626, 93.95842670,   2.7
178, 177, 28.72090258, 93.92600237,   2.7
179, 177, 28.71590415, 93.89314025,   2.7
180, 177, 28.71082973, 93.85983448,   2.6
181, 177, 28.70567807, 93.82607912,   2.6
182, 177, 28.70044792, 93.79186817,   2.6
183, 177, 28.69513797, 93.75719553,   2.6
184, 177, 28.68974690, 93.72205504,   2.6
185, 177, 28.68427337, 93.68644046,   2.6
186, 177, 28.67871602, 93.65034544,   2.6
187, 177, 28.67307345, 93.61376358,   2.6
188, 177, 28.66734424, 93.57668839,   2.6
189, 177, 28.66152696, 93.53911327,   2.6
190, 177, 28.65562012, 93.50103158,   2.6
191, 177, 28.64962223, 93.46243655,   2.7
  1, 178, 29.03947757, 96.12722745,  99.9
  2, 178, 29.03910512, 96.12419719,  99.9
  3, 178, 29.03872754, 96.12112572,  99.9
  4, 178, 29.03834475, 96.11801248,  99.9
  5, 178, 29.03795668, 96.11485691,  99.9
  6, 178, 29.03756325, 96.11165842,  99.9
  7, 178, 29.03716440, 96.10841644,  99.9
  8, 178, 29.03676004, 96.10513037,  99.9
  9, 178, 29.03635009, 96.10179963,  99.9
 10, 178, 29.03593449, 96.09842358,  99.9
 11, 178, 29.03551315, 96.09500163,  99.9
 12, 178, 29.03508598, 96.09153316,  99.9
 13, 178, 29.03465292, 96.08801751,  99.9
 14, 178, 29.03421387, 96.08445406,  99.9
 15, 178, 29.03376875, 96.08084216,  99.9
 16, 178, 29.03331747, 96.07718115,  99.9
 17, 178, 29.03285996, 96.07347036,  99.9
 18, 178, 29.03239612, 96.06970911,  99.9
 19, 178, 29.03192586, 96.06589672,  99.9
 20, 178, 29.03144909, 96.06203249,  99.9
 21, 178, 29.03096573, 96.05811572,  99.9
 22, 178, 29.03047567, 96.05414570,  99.9
 23, 178, 29.02997883, 96.05012170,  99.9
 24, 178, 29.02947511, 96.04604299,  99.9
 25, 178, 29.02896441, 96.04190882,  99.9
 26, 178, 29.02844663, 96.03771844,  99.9
 27, 178, 29.02792168, 96.03347109,  99.9
 28, 178, 29.02738945, 96.02916600,  99.9
 29, 178, 29.02684984, 96.02480238,  99.9
 30, 178, 29.02630274, 96.02037943,  99.9
 31, 178, 29.02574806, 96.01589635,   2.3
 32, 178, 29.02518568, 96.01135232,  99.9
 33, 178, 29.02461549, 96.00674651,  99.9
 34, 178, 29.02403738, 96.00207809,  99.9
 35, 178, 29.02345125, 95.99734621,  99.9
 36, 178, 29.02285697, 95.99254999,  99.9
 37, 178, 29.02225444, 95.98768858,  99.9
 38, 178, 29.02164353, 95.98276107,  99.9
 39, 178, 29.02102413, 95.97776659,  99.9
 40, 178, 29.02039611, 95.97270421,  99.9
 41, 178, 29.01975936, 95.96757301,  99.9
 42, 178, 29.01911375, 95.96237206,  99.9
 43, 178, 29.01845915, 95.95710041,  99.9
 44, 178, 29.01779543, 95.95175711,  99.9
 45, 178, 29.01712248, 95.94634117,  99.9
 46, 178, 29.01644014, 95.94085161,  99.9
 47, 178, 29.01574830, 95.93528744,  99.9
 48, 178, 29.01504681, 95.92964764,  99.9
 49, 178, 29.01433554, 95.92393118,  99.9
 50, 178, 29.01361435, 95.91813702,  99.9
 51, 178, 29.01288310, 95.91226411,  99.9
 52, 178, 29.01214164, 95.90631138,  99.9
 53, 178, 29.01138982, 95.90027774,  99.9
 54, 178, 29.01062751, 95.89416209,  99.9
 55, 178, 29.00985454, 95.88796333,  99.9
 56, 178, 29.00907077, 95.88168032,  99.9
 57, 178, 29.00827604, 95.87531193,  99.9
 58, 178, 29.00747019, 95.86885698,  99.9
 59, 178, 29.00665307, 95.86231431,  99.9
 60, 178, 29.00582451, 95.85568273,  99.9
 61, 178, 29.00498435, 95.84896103,  99.9
 62, 178, 29.00413242, 95.84214798,  99.9
 63, 178, 29.00326855, 95.83524235,  99.9
 64, 178, 29.00239257, 95.82824287,  99.9
 65, 178, 29.00150431, 95.82114829,  99.9
 66, 178, 29.00060358, 95.81395730,  99.9
 67, 178, 28.99969021, 95.80666860,  99.9
 68, 178, 28.99876402, 95.79928086,  99.9
 69, 178, 28.99782482, 95.79179273,  99.9
 70, 178, 28.99687243, 95.78420287,  99.9
 71, 178, 28.99590664, 95.77650988,  99.9
 72, 178, 28.99492727, 95.76871236,  99.9
 73, 178, 28.99393412, 95.76080890,  99.9
 74, 178, 28.99292700, 95.75279807,  99.9
 75, 178, 28.99190569, 95.74467840,  99.9
 76, 178, 28.99086999, 95.73644842,  99.9
 77, 178, 28.98981969, 95.72810663,  99.9
 78, 178, 28.98875459, 95.71965151,  99.9
 79, 178, 28.98767446, 95.71108154,  99.9
 80, 178, 28.98657908, 95.70239514,  99.9
 81, 178, 28.98546824, 95.69359075,  99.9
 82, 178, 28.98434171, 95.68466676,  99.9
 83, 178, 28.98319925, 95.67562155,  99.9
 84, 178, 28.98204064, 95.66645348,  99.9
 85, 178, 28.98086564, 95.65716088,  99.9
 86, 178, 28.97967400, 95.64774206,  99.9
 87, 178, 28.97846549, 95.63819531,  99.9
 88, 178, 28.97723986, 95.62851890,  99.9
 89, 178, 28.97599685, 95.61871107,  99.9
 90, 178, 28.97473621, 95.60877004,  99.9
 91, 178, 28.97345768, 95.59869400,  99.9
 92, 178, 28.97216100, 95.58848112,  99.9
 93, 178, 28.97084590, 95.57812955,  99.9
 94, 178, 28.96951211, 95.56763741,   2.5
 95, 178, 28.96815934, 95.55700280,   2.5
 96, 178, 28.96678733, 95.54622378,  99.9
 97, 178, 28.96539578, 95.53529839,  99.9
 98, 178, 28.96398441, 95.52422466,  99.9
 99, 178, 28.96255293, 95.51300058,  99.9
100, 178, 28.96110102, 95.50162410,  99.9
101, 178, 28.95962840, 95.49009316,  99.9
102, 178, 28.95813475, 95.47840568,  99.9
103, 178, 28.95661975, 95.46655953,  99.9
104, 178, 28.95508310, 95.45455256,  99.9
105, 178, 28.95352446, 95.44238259,  99.9
106, 178, 28.95194352, 95.43004743,  99.9
107, 178, 28.95033993, 95.41754482,  99.9
108, 178, 28.94871335, 95.40487251,  99.9
109, 178, 28.94706345, 95.39202819,  99.9
110, 178, 28.94538987, 95.37900954,   3.2
111, 178, 28.94369225, 95.36581420,   3.5
112, 178, 28.94197024, 95.35243977,   3.6
113, 178, 28.94022347, 95.33888384,   3.6
114, 178, 28.93845156, 95.32514395,   3.5
115, 178, 28.93665414, 95.31121760,   3.6
116, 178, 28.93483082, 95.29710228,   4.1
117, 178, 28.93298120, 95.28279543,   4.1
118, 178, 28.93110489, 95.26829445,   4.1
119, 178, 28.92920149, 95.25359673,   4.0
120, 178, 28.92727058, 95.23869960,   4.0
121, 178, 28.92531175, 95.22360036,   3.9
122, 178, 28.92332456, 95.20829628,   3.9
123, 178, 28.92130860, 95.19278460,   3.9
124, 178, 28.91926341, 95.17706250,   3.8
125, 178, 28.91718856, 95.16112713,   3.8
126, 178, 28.91508359, 95.14497563,   3.8
127, 178, 28.91294803, 95.12860506,   3.8
128, 178, 28.91078143, 95.11201247,   3.7
129, 178, 28.90858329, 95.09519485,   3.7
130, 178, 28.90635315, 95.07814917,   3.7
131, 178, 28.90409050, 95.06087234,   3.7
132, 178, 28.90179484, 95.04336124,   3.7
133, 178, 28.89946566, 95.02561271,   3.6
134, 178, 28.89710246, 95.00762354,   3.6
135, 178, 28.89470469, 94.98939048,   3.6
136, 178, 28.89227182, 94.97091023,   3.6
137, 178, 28.88980331, 94.95217947,   3.6
138, 178, 28.88729861, 94.93319481,   3.5
139, 178, 28.88475715, 94.91395282,   3.5
140, 178, 28.88217836, 94.89445003,   3.5
141, 178, 28.87956165, 94.87468292,   3.5
142, 178, 28.87690644, 94.85464793,   3.4
143, 178, 28.87421212, 94.83434144,   3.4
144, 178, 28.87147807, 94.81375978,   3.4
145, 178, 28.86870367, 94.79289926,   3.4
146, 178, 28.86588830, 94.77175610,   3.4
147, 178, 28.86303130, 94.75032650,   3.3
148, 178, 28.86013201, 94.72860660,   3.3
149, 178, 28.85718977, 94.70659248,   3.3
150, 178, 28.85420391, 94.68428018,   3.3
151, 178, 28.85117372, 94.66166568,   3.2
152, 178, 28.84809850, 94.63874491,   3.2
153, 178, 28.84497754, 94.61551375,   3.2
154, 178, 28.84181012, 94.59196801,   3.2
155, 178, 28.83859548, 94.56810346,   3.2
156, 178, 28.83533288, 94.54391581,   3.1
157, 178, 28.83202155, 94.51940071,   3.1
158, 178, 28.82866070, 94.49455375,   3.1
159, 178, 28.82524955, 94.46937047,   3.1
160, 178, 28.82178729, 94.44384634,   3.1
161, 178, 28.81827308, 94.41797678,   3.0
162, 178, 28.81470610, 94.39175714,   3.0
163, 178, 28.81108549, 94.36518272,   3.0
164, 178, 28.80741039, 94.33824875,   3.0
165, 178, 28.80367990, 94.31095039,   3.0
166, 178, 28.79989314, 94.28328275,   2.9
167, 178, 28.79604918, 94.25524087,   2.9
168, 178, 28.79214710, 94.22681973,   2.9
169, 178, 28.78818594, 94.19801423,   2.9
170, 178, 28.78416474, 94.16881920,   2.9
171, 178, 28.78008252, 94.13922943,   2.8
172, 178, 28.77593828, 94.10923962,   2.8
173, 178, 28.77173099, 94.07884440,   2.8
174, 178, 28.76745962, 94.04803832,   2.8
175, 178, 28.76312312, 94.01681590,   2.8
176, 178, 28.75872040, 93.98517153,   2.7
177, 178, 28.75425037, 93.95309957,   2.7
178, 178, 28.74971192, 93.92059430,   2.7
179, 178, 28.74510391, 93.88764989,   2.7
180, 178, 28.74042517, 93.85426049,   2.6
181, 178, 28.73567454, 93.82042012,   2.6
182, 178, 28.73085081, 93.78612275,   2.6
183, 178, 28.72595276, 93.75136227,   2.6
184, 178, 28.72097915, 93.71613249,   2.6
185, 178, 28.71592870, 93.68042713,   2.6
186, 178, 28.71080011, 93.64423982,   2.6
187, 178, 28.70559209, 93.60756415,   2.6
188, 178, 28.70030328, 93.57039357,   2.6
189, 178, 28.69493231, 93.53272147,   2.6
190, 178, 28.68947780, 93.49454118,   2.6
191, 178, 28.68393833, 93.45584590,   2.7
  1, 179, 29.04212521, 96.12682691,  99.9
  2, 179, 29.04178878, 96.12379112,  99.9
  3, 179, 29.04144770, 96.12071404,  99.9
  4, 179, 29.04110191, 96.11759512,  99.9
  5, 179, 29.04075135, 96.11443379,  99.9
  6, 179, 29.04039594, 96.11122946,  99.9
  7, 179, 29.04003561, 96.10798156,  99.9
  8, 179, 29.03967031, 96.10468948,  99.9
  9, 179, 29.03929995, 96.10135264,  99.9
 10, 179, 29.03892447, 96.09797043,  99.9
 11, 179, 29.03854380, 96.09454222,  99.9
 12, 179, 29.03815786, 96.09106739,  99.9
 13, 179, 29.03776658, 96.08754530,  99.9
 14, 179, 29.03736988, 96.08397533,  99.9
 15, 179, 29.03696769, 96.08035680,  99.9
 16, 179, 29.03655993, 96.07668908,  99.9
 17, 179, 29.03614651, 96.07297147,  99.9
 18, 179, 29.03572738, 96.06920332,  99.9
 19, 179, 29.03530243, 96.06538393,  99.9
 20, 179, 29.03487159, 96.06151260,  99.9
 21, 179, 29.03443478, 96.05758863,  99.9
 22, 179, 29.03399191, 96.05361131,  99.9
 23, 179, 29.03354289, 96.04957990,  99.9
 24, 179, 29.03308765, 96.04549368,  99.9
 25, 179, 29.03262608, 96.04135190,  99.9
 26, 179, 29.03215811, 96.03715380,  99.9
 27, 179, 29.03168364, 96.03289862,  99.9
 28, 179, 29.03120257, 96.02858558,  99.9
 29, 179, 29.03071482, 96.02421391,  99.9
 30, 179, 29.03022030, 96.01978279,  99.9
 31, 179, 29.02971889, 96.01529142,   2.3
 32, 179, 29.02921052, 96.01073899,  99.9
 33, 179, 29.02869507, 96.00612467,  99.9
 34, 179, 29.02817245, 96.00144761,  99.9
 35, 179, 29.02764256, 95.99670696,  99.9
 36, 179, 29.02710529, 95.99190186,  99.9
 37, 179, 29.02656053, 95.98703143,  99.9
 38, 179, 29.02600819, 95.98209478,  99.9
 39, 179, 29.02544815, 95.97709103,  99.9
 40, 179, 29.02488030, 95.97201924,  99.9
 41, 179, 29.02430453, 95.96687851,  99.9
 42, 179, 29.02372073, 95.96166788,  99.9
 43, 179, 29.02312879, 95.95638643,  99.9
 44, 179, 29.02252858, 95.95103317,  99.9
 45, 179, 29.02192000, 95.94560714,  99.9
 46, 179, 29.02130291, 95.94010735,  99.9
 47, 179, 29.02067720, 95.93453280,  99.9
 48, 179, 29.02004274, 95.92888247,  99.9
 49, 179, 29.01939941, 95.92315533,  99.9
 50, 179, 29.01874709, 95.91735034,  99.9
 51, 179, 29.01808564, 95.91146644,  99.9
 52, 179, 29.01741493, 95.90550256,  99.9
 53, 179, 29.01673482, 95.89945761,  99.9
 54, 179, 29.01604519, 95.89333050,  99.9
 55, 179, 29.01534590, 95.88712011,  99.9
 56, 179, 29.01463680, 95.88082530,  99.9
 57, 179, 29.01391776, 95.87444494,  99.9
 58, 179, 29.01318864, 95.86797785,  99.9
 59, 179, 29.01244928, 95.86142287,  99.9
 60, 179, 29.01169954, 95.85477879,  99.9
 61, 179, 29.01093926, 95.84804442,  99.9
 62, 179, 29.01016831, 95.84121852,  99.9
 63, 179, 29.00938652, 95.83429985,  99.9
 64, 179, 29.00859373, 95.82728715,  99.9
 65, 179, 29.00778979, 95.82017914,  99.9
 66, 179, 29.00697453, 95.81297454,  99.9
 67, 179, 29.00614779, 95.80567203,  99.9
 68, 179, 29.00530941, 95.79827028,  99.9
 69, 179, 29.00445921, 95.79076795,  99.9
 70, 179, 29.00359702, 95.78316366,  99.9
 71, 179, 29.00272267, 95.77545604,  99.9
 72, 179, 29.00183597, 95.76764369,  99.9
 73, 179, 29.00093676, 95.75972518,  99.9
 74, 179, 29.00002485, 95.75169907,  99.9
 75, 179, 28.99910004, 95.74356390,  99.9
 76, 179, 28.99816216, 95.73531820,  99.9
 77, 179, 28.99721101, 95.72696046,  99.9
 78, 179, 28.99624640, 95.71848916,  99.9
 79, 179, 28.99526813, 95.70990277,  99.9
 80, 179, 28.99427599, 95.70119971,  99.9
 81, 179, 28.99326979, 95.69237842,  99.9
 82, 179, 28.99224933, 95.68343728,  99.9
 83, 179, 28.99121437, 95.67437467,  99.9
 84, 179, 28.99016473, 95.66518894,  99.9
 85, 179, 28.98910017, 95.65587842,  99.9
 86, 179, 28.98802048, 95.64644142,  99.9
 87, 179, 28.98692544, 95.63687623,  99.9
 88, 179, 28.98581481, 95.62718110,  99.9
 89, 179, 28.98468838, 95.61735428,  99.9
 90, 179, 28.98354589, 95.60739397,  99.9
 91, 179, 28.98238712, 95.59729837,  99.9
 92, 179, 28.98121182, 95.58706565,  99.9
 93, 179, 28.98001975, 95.57669394,  99.9
 94, 179, 28.97881066, 95.56618136,   2.5
 95, 179, 28.97758429, 95.55552601,  99.9
 96, 179, 28.97634039, 95.54472594,  99.9
 97, 179, 28.97507870, 95.53377919,  99.9
 98, 179, 28.97379894, 95.52268378,  99.9
 99, 179, 28.97250086, 95.51143770,  99.9
100, 179, 28.97118416, 95.50003889,  99.9
101, 179, 28.96984859, 95.48848530,  99.9
102, 179, 28.96849384, 95.47677481,  99.9
103, 179, 28.96711964, 95.46490532,  99.9
104, 179, 28.96572570, 95.45287466,  99.9
105, 179, 28.96431170, 95.44068065,  99.9
106, 179, 28.96287736, 95.42832107,  99.9
107, 179, 28.96142237, 95.41579369,  99.9
108, 179, 28.95994641, 95.40309624,  99.9
109, 179, 28.95844916, 95.39022640,  99.9
110, 179, 28.95693031, 95.37718184,   3.3
111, 179, 28.95538952, 95.36396020,   3.6
112, 179, 28.95382647, 95.35055908,   3.6
113, 179, 28.95224081, 95.33697606,   3.6
114, 179, 28.95063220, 95.32320866,   3.5
115, 179, 28.94900029, 95.30925439,   3.5
116, 179, 28.94734473, 95.29511072,   3.9
117, 179, 28.94566515, 95.28077509,   4.2
118, 179, 28.94396119, 95.26624490,   4.1
119, 179, 28.94223247, 95.25151752,   4.1
120, 179, 28.94047861, 95.23659028,   4.0
121, 179, 28.93869923, 95.22146047,   4.0
122, 179, 28.93689393, 95.20612536,   4.0
123, 179, 28.93506232, 95.19058216,   3.9
124, 179, 28.93320399, 95.17482807,   3.9
125, 179, 28.93131853, 95.15886023,   3.9
126, 179, 28.92940551, 95.14267574,   3.8
127, 179, 28.92746452, 95.12627168,   3.8
128, 179, 28.92549511, 95.10964509,   3.8
129, 179, 28.92349684, 95.09279294,   3.8
130, 179, 28.92146928, 95.07571220,   3.7
131, 179, 28.91941196, 95.05839977,   3.7
132, 179, 28.91732441, 95.04085252,   3.7
133, 179, 28.91520617, 95.02306728,   3.7
134, 179, 28.91305675, 95.00504082,   3.6
135, 179, 28.91087567, 94.98676990,   3.6
136, 179, 28.90866243, 94.96825121,   3.6
137, 179, 28.90641652, 94.94948140,   3.6
138, 179, 28.90413744, 94.93045708,   3.6
139, 179, 28.90182465, 94.91117482,   3.5
140, 179, 28.89947763, 94.89163112,   3.5
141, 179, 28.89709584, 94.87182246,   3.5
142, 179, 28.89467872, 94.85174527,   3.5
143, 179, 28.89222572, 94.83139591,   3.5
144, 179, 28.88973626, 94.81077072,   3.4
145, 179, 28.88720977, 94.78986597,   3.4
146, 179, 28.88464565, 94.76867789,   3.4
147, 179, 28.88204331, 94.74720266,   3.4
148, 179, 28.87940214, 94.72543641,   3.3
149, 179, 28.87672150, 94.70337520,   3.3
150, 179, 28.87400078, 94.68101506,   3.3
151, 179, 28.87123933, 94.65835196,   3.3
152, 179, 28.86843648, 94.63538182,   3.3
153, 179, 28.86559159, 94.61210050,   3.2
154, 179, 28.86270395, 94.58850380,   3.2
155, 179, 28.85977290, 94.56458747,   3.2
156, 179, 28.85679772, 94.54034722,   3.2
157, 179, 28.85377769, 94.51577866,   3.2
158, 179, 28.85071209, 94.49087739,   3.1
159, 179, 28.84760018, 94.46563893,   3.1
160, 179, 28.84444120, 94.44005872,   3.1
161, 179, 28.84123439, 94.41413218,   3.1
162, 179, 28.83797895, 94.38785463,   3.0
163, 179, 28.83467410, 94.36122137,   3.0
164, 179, 28.83131902, 94.33422760,   3.0
165, 179, 28.82791289, 94.30686847,   3.0
166, 179, 28.82445486, 94.27913907,   3.0
167, 179, 28.82094408, 94.25103442,   2.9
168, 179, 28.81737968, 94.22254948,   2.9
169, 179, 28.81376076, 94.19367913,   2.9
170, 179, 28.81008643, 94.16441820,   2.9
171, 179, 28.80635576, 94.13476144,   2.9
172, 179, 28.80256782, 94.10470353,   2.8
173, 179, 28.79872164, 94.07423909,   2.8
174, 179, 28.79481626, 94.04336266,   2.8
175, 179, 28.79085068, 94.01206871,   2.8
176, 179, 28.78682390, 93.98035163,   2.8
177, 179, 28.78273487, 93.94820576,   2.7
178, 179, 28.77858257, 93.91562533,   2.7
179, 179, 28.77436591, 93.88260453,   2.7
180, 179, 28.77008381, 93.84913744,   2.7
181, 179, 28.76573517, 93.81521810,   2.6
182, 179, 28.76131884, 93.78084043,   2.6
183, 179, 28.75683369, 93.74599831,   2.6
184, 179, 28.75227854, 93.71068550,   2.6
185, 179, 28.74765219, 93.67489572,   2.6
186, 179, 28.74295343, 93.63862257,   2.6
187, 179, 28.73818101, 93.60185960,   2.6
188, 179, 28.73333367, 93.56460024,   2.6
189, 179, 28.72841013, 93.52683787,   2.6
190, 179, 28.72340907, 93.48856575,   2.6
191, 179, 28.71832914, 93.44977709,   2.7
  1, 180, 29.04477737, 96.12646709,  99.9
  2, 180, 29.04447701, 96.12342633,  99.9
  3, 180, 29.04417250, 96.12034421,  99.9
  4, 180, 29.04386378, 96.11722018,  99.9
  5, 180, 29.04355078, 96.11405366,  99.9
  6, 180, 29.04323345, 96.11084407,  99.9
  7, 180, 29.04291173, 96.10759084,  99.9
  8, 180, 29.04258555, 96.10429336,  99.9
  9, 180, 29.04225484, 96.10095104,  99.9
 10, 180, 29.04191956, 96.09756326,  99.9
 11, 180, 29.04157963, 96.09412941,  99.9
 12, 180, 29.04123498, 96.09064887,  99.9
 13, 180, 29.04088556, 96.08712099,  99.9
 14, 180, 29.04053128, 96.08354513,  99.9
 15, 180, 29.04017210, 96.07992065,  99.9
 16, 180, 29.03980792, 96.07624687,  99.9
 17, 180, 29.03943869, 96.07252314,  99.9
 18, 180, 29.03906433, 96.06874877,  99.9
 19, 180, 29.03868478, 96.06492307,  99.9
 20, 180, 29.03829994, 96.06104535,  99.9
 21, 180, 29.03790976, 96.05711490,  99.9
 22, 180, 29.03751416, 96.05313099,  99.9
 23, 180, 29.03711306, 96.04909292,  99.9
 24, 180, 29.03670637, 96.04499993,  99.9
 25, 180, 29.03629403, 96.04085129,  99.9
 26, 180, 29.03587594, 96.03664624,  99.9
 27, 180, 29.03545204, 96.03238400,  99.9
 28, 180, 29.03502223, 96.02806381,  99.9
 29, 180, 29.03458644, 96.02368487,   2.3
 30, 180, 29.03414457, 96.01924639,   2.3
 31, 180, 29.03369655, 96.01474756,   2.3
 32, 180, 29.03324227, 96.01018756,  99.9
 33, 180, 29.03278166, 96.00556556,  99.9
 34, 180, 29.03231463, 96.00088071,  99.9
 35, 180, 29.03184107, 95.99613216,  99.9
 36, 180, 29.03136090, 95.99131905,  99.9
 37, 180, 29.03087403, 95.98644049,  99.9
 38, 180, 29.03038035, 95.98149561,  99.9
 39, 180, 29.02987978, 95.97648349,  99.9
 40, 180, 29.02937220, 95.97140322,  99.9
 41, 180, 29.02885753, 95.96625389,  99.9
 42, 180, 29.02833566, 95.96103455,  99.9
 43, 180, 29.02780648, 95.95574424,  99.9
 44, 180, 29.02726989, 95.95038201,  99.9
 45, 180, 29.02672579, 95.94494688,  99.9
 46, 180, 29.02617406, 95.93943785,  99.9
 47, 180, 29.02561460, 95.93385393,  99.9
 48, 180, 29.02504729, 95.92819410,  99.9
 49, 180, 29.02447203, 95.92245732,  99.9
 50, 180, 29.02388869, 95.91664255,  99.9
 51, 180, 29.02329716, 95.91074874,  99.9
 52, 180, 29.02269733, 95.90477480,  99.9
 53, 180, 29.02208906, 95.89871965,  99.9
 54, 180, 29.02147225, 95.89258219,  99.9
 55, 180, 29.02084676, 95.88636130,  99.9
 56, 180, 29.02021248, 95.88005584,  99.9
 57, 180, 29.01956926, 95.87366467,  99.9
 58, 180, 29.01891699, 95.86718662,  99.9
 59, 180, 29.01825553, 95.86062051,  99.9
 60, 180, 29.01758475, 95.85396516,  99.9
 61, 180, 29.01690451, 95.84721934,  99.9
 62, 180, 29.01621468, 95.84038182,  99.9
 63, 180, 29.01551511, 95.83345137,  99.9
 64, 180, 29.01480566, 95.82642672,  99.9
 65, 180, 29.01408619, 95.81930659,  99.9
 66, 180, 29.01335656, 95.81208969,  99.9
 67, 180, 29.01261660, 95.80477470,  99.9
 68, 180, 29.01186618, 95.79736029,  99.9
 69, 180, 29.01110514, 95.78984511,  99.9
 70, 180, 29.01033332, 95.78222779,  99.9
 71, 180, 29.00955057, 95.77450694,  99.9
 72, 180, 29.00875672, 95.76668117,  99.9
 73, 180, 29.00795161, 95.75874905,  99.9
 74, 180, 29.00713508, 95.75070912,  99.9
 75, 180, 29.00630696, 95.74255994,  99.9
 76, 180, 29.00546707, 95.73430002,  99.9
 77, 180, 29.00461525, 95.72592785,  99.9
 78, 180, 29.00375131, 95.71744191,  99.9
 79, 180, 29.00287508, 95.70884065,  99.9
 80, 180, 29.00198638, 95.70012252,  99.9
 81, 180, 29.00108501, 95.69128593,  99.9
 82, 180, 29.00017080, 95.68232926,  99.9
 83, 180, 28.99924355, 95.67325090,  99.9
 84, 180, 28.99830307, 95.66404918,  99.9
 85, 180, 28.99734916, 95.65472244,  99.9
 86, 180, 28.99638163, 95.64526898,  99.9
 87, 180, 28.99540026, 95.63568708,  99.9
 88, 180, 28.99440485, 95.62597499,  99.9
 89, 180, 28.99339520, 95.61613096,  99.9
 90, 180, 28.99237108, 95.60615319,  99.9
 91, 180, 28.99133229, 95.59603987,  99.9
 92, 180, 28.99027860, 95.58578916,   2.6
 93, 180, 28.98920979, 95.57539919,   2.5
 94, 180, 28.98812563, 95.56486809,   2.4
 95, 180, 28.98702589, 95.55419393,  99.9
 96, 180, 28.98591034, 95.54337477,  99.9
 97, 180, 28.98477874, 95.53240865,  99.9
 98, 180, 28.98363084, 95.52129358,  99.9
 99, 180, 28.98246640, 95.51002753,  99.9
100, 180, 28.98128518, 95.49860847,  99.9
101, 180, 28.98008690, 95.48703431,  99.9
102, 180, 28.97887133, 95.47530295,  99.9
103, 180, 28.97763819, 95.46341227,  99.9
104, 180, 28.97638721, 95.45136010,  99.9
105, 180, 28.97511814, 95.43914426,  99.9
106, 180, 28.97383068, 95.42676252,  99.9
107, 180, 28.97252456, 95.41421264,  99.9
108, 180, 28.97119949, 95.40149234,  99.9
109, 180, 28.96985519, 95.38859931,  99.9
110, 180, 28.96849136, 95.37553122,   3.4
111, 180, 28.96710770, 95.36228568,  99.9
112, 180, 28.96570390, 95.34886030,   3.7
113, 180, 28.96427966, 95.33525264,   3.6
114, 180, 28.96283466, 95.32146023,   3.6
115, 180, 28.96136859, 95.30748056,   3.6
116, 180, 28.95988110, 95.29331111,   3.9
117, 180, 28.95837189, 95.27894931,   4.2
118, 180, 28.95684060, 95.26439254,   4.2
119, 180, 28.95528689, 95.24963817,   4.2
120, 180, 28.95371043, 95.23468352,   4.1
121, 180, 28.95211084, 95.21952589,   4.1
122, 180, 28.95048779, 95.20416251,   4.0
123, 180, 28.94884089, 95.18859062,   4.0
124, 180, 28.94716977, 95.17280739,   3.9
125, 180, 28.94547406, 95.15680995,   3.9
126, 180, 28.94375337, 95.14059542,   3.9
127, 180, 28.94200731, 95.12416084,   3.8
128, 180, 28.94023549, 95.10750325,   3.8
129, 180, 28.93843749, 95.09061963,   3.8
130, 180, 28.93661290, 95.07350692,   3.8
131, 180, 28.93476130, 95.05616202,   3.7
132, 180, 28.93288228, 95.03858179,   3.7
133, 180, 28.93097538, 95.02076305,   3.7
134, 180, 28.92904017, 95.00270257,   3.7
135, 180, 28.92707621, 94.98439710,   3.7
136, 180, 28.92508303, 94.96584330,   3.6
137, 180, 28.92306017, 94.94703784,   3.6
138, 180, 28.92100715, 94.92797730,   3.6
139, 180, 28.91892349, 94.90865824,   3.6
140, 180, 28.91680871, 94.88907716,   3.6
141, 180, 28.91466230, 94.86923053,   3.5
142, 180, 28.91248375, 94.84911477,   3.5
143, 180, 28.91027255, 94.82872622,   3.5
144, 180, 28.90802817, 94.80806121,   3.5
145, 180, 28.90575008, 94.78711601,   3.4
146, 180, 28.90343773, 94.76588683,   3.4
147, 180, 28.90109057, 94.74436984,   3.4
148, 180, 28.89870803, 94.72256116,   3.4
149, 180, 28.89628953, 94.70045684,   3.4
150, 180, 28.89383450, 94.67805289,   3.3
151, 180, 28.89134232, 94.65534528,   3.3
152, 180, 28.88881241, 94.63232991,   3.3
153, 180, 28.88624414, 94.60900262,   3.3
154, 180, 28.88363688, 94.58535921,   3.3
155, 180, 28.88098999, 94.56139541,   3.2
156, 180, 28.87830282, 94.53710691,   3.2
157, 180, 28.87557470, 94.51248933,   3.2
158, 180, 28.87280497, 94.48753823,   3.2
159, 180, 28.86999292, 94.46224911,   3.1
160, 180, 28.86713786, 94.43661743,   3.1
161, 180, 28.86423908, 94.41063856,   3.1
162, 180, 28.86129584, 94.38430784,   3.1
163, 180, 28.85830741, 94.35762052,   3.1
164, 180, 28.85527304, 94.33057179,   3.0
165, 180, 28.85219194, 94.30315680,   3.0
166, 180, 28.84906335, 94.27537062,   3.0
167, 180, 28.84588646, 94.24720824,   3.0
168, 180, 28.84266046, 94.21866461,   3.0
169, 180, 28.83938452, 94.18973460,   2.9
170, 180, 28.83605780, 94.16041301,   2.9
171, 180, 28.83267943, 94.13069458,   2.9
172, 180, 28.82924856, 94.10057397,   2.9
173, 180, 28.82576427, 94.07004577,   2.8
174, 180, 28.82222567, 94.03910450,   2.8
175, 180, 28.81863183, 94.00774463,   2.8
176, 180, 28.81498179, 93.97596052,   2.8
177, 180, 28.81127461, 93.94374648,   2.7
178, 180, 28.80750930, 93.91109673,   2.7
179, 180, 28.80368487, 93.87800543,   2.7
180, 180, 28.79980028, 93.84446665,   2.7
181, 180, 28.79585451, 93.81047439,   2.7
182, 180, 28.79184650, 93.77602256,   2.6
183, 180, 28.78777517, 93.74110501,   2.6
184, 180, 28.78363942, 93.70571548,   2.6
185, 180, 28.77943812, 93.66984766,   2.6
186, 180, 28.77517015, 93.63349513,   2.6
187, 180, 28.77083433, 93.59665141,   2.6
188, 180, 28.76642947, 93.55930992,   2.6
189, 180, 28.76195437, 93.52146398,   2.6
190, 180, 28.75740779, 93.48310686,   2.6
191, 180, 28.75278847, 93.44423171,   2.7
  1, 181, 29.04743355, 96.12614807,  99.9
  2, 181, 29.04716933, 96.12310289,  99.9
  3, 181, 29.04690145, 96.12001629,  99.9
  4, 181, 29.04662984, 96.11688772,  99.9
  5, 181, 29.04635448, 96.11371659,  99.9
  6, 181, 29.04607528, 96.11050234,  99.9
  7, 181, 29.04579222, 96.10724436,  99.9
  8, 181, 29.04550522, 96.10394208,  99.9
  9, 181, 29.04521423, 96.10059489,  99.9
 10, 181, 29.04491921, 96.09720217,  99.9
 11, 181, 29.04462008, 96.09376331,  99.9
 12, 181, 29.04431679, 96.09027768,  99.9
 13, 181, 29.04400929, 96.08674465,  99.9
 14, 181, 29.04369751, 96.08316357,  99.9
 15, 181, 29.04338139, 96.07953378,  99.9
 16, 181, 29.04306087, 96.07585463,  99.9
 17, 181, 29.04273589, 96.07212544,  99.9
 18, 181, 29.04240638, 96.06834554,  99.9
 19, 181, 29.04207228, 96.06451424,  99.9
 20, 181, 29.04173353, 96.06063083,  99.9
 21, 181, 29.04139006, 96.05669461,  99.9
 22, 181, 29.04104179, 96.05270486,  99.9
 23, 181, 29.04068867, 96.04866085,  99.9
 24, 181, 29.04033062, 96.04456184,  99.9
 25, 181, 29.03996758, 96.04040710,  99.9
 26, 181, 29.03959946, 96.03619585,  99.9
 27, 181, 29.03922621, 96.03192734,  99.9
 28, 181, 29.03884774, 96.02760078,  99.9
 29, 181, 29.03846398, 96.02321538,   2.3
 30, 181, 29.03807486, 96.01877035,  99.9
 31, 181, 29.03768029, 96.01426488,  99.9
 32, 181, 29.03728020, 96.00969813,  99.9
 33, 181, 29.03687452, 96.00506929,  99.9
 34, 181, 29.03646315, 96.00037751,  99.9
 35, 181, 29.03604602, 95.99562193,  99.9
 36, 181, 29.03562305, 95.99080168,  99.9
 37, 181, 29.03519415, 95.98591589,  99.9
 38, 181, 29.03475923, 95.98096366,  99.9
 39, 181, 29.03431821, 95.97594410,  99.9
 40, 181, 29.03387101, 95.97085628,  99.9
 41, 181, 29.03341752, 95.96569928,  99.9
 42, 181, 29.03295767, 95.96047216,  99.9
 43, 181, 29.03249136, 95.95517397,  99.9
 44, 181, 29.03201849, 95.94980375,  99.9
 45, 181, 29.03153897, 95.94436050,  99.9
 46, 181, 29.03105271, 95.93884325,  99.9
 47, 181, 29.03055960, 95.93325098,  99.9
 48, 181, 29.03005955, 95.92758267,  99.9
 49, 181, 29.02955246, 95.92183730,  99.9
 50, 181, 29.02903822, 95.91601382,  99.9
 51, 181, 29.02851673, 95.91011116,  99.9
 52, 181, 29.02798788, 95.90412825,  99.9
 53, 181, 29.02745157, 95.89806400,  99.9
 54, 181, 29.02690769, 95.89191731,  99.9
 55, 181, 29.02635612, 95.88568704,  99.9
 56, 181, 29.02579677, 95.87937208,  99.9
 57, 181, 29.02522950, 95.87297127,  99.9
 58, 181, 29.02465421, 95.86648344,  99.9
 59, 181, 29.02407077, 95.85990741,  99.9
 60, 181, 29.02347908, 95.85324198,  99.9
 61, 181, 29.02287900, 95.84648594,  99.9
 62, 181, 29.02227042, 95.83963806,  99.9
 63, 181, 29.02165320, 95.83269709,  99.9
 64, 181, 29.02102723, 95.82566177,  99.9
 65, 181, 29.02039237, 95.81853082,  99.9
 66, 181, 29.01974849, 95.81130292,  99.9
 67, 181, 29.01909546, 95.80397678,  99.9
 68, 181, 29.01843315, 95.79655106,  99.9
 69, 181, 29.01776141, 95.78902440,  99.9
 70, 181, 29.01708011, 95.78139543,  99.9
 71, 181, 29.01638911, 95.77366277,  99.9
 72, 181, 29.01568825, 95.76582501,  99.9
 73, 181, 29.01497740, 95.75788071,  99.9
 74, 181, 29.01425641, 95.74982844,  99.9
 75, 181, 29.01352513, 95.74166672,  99.9
 76, 181, 29.01278339, 95.73339408,  99.9
 77, 181, 29.01203105, 95.72500900,  99.9
 78, 181, 29.01126796, 95.71650996,  99.9
 79, 181, 29.01049393, 95.70789541,  99.9
 80, 181, 29.00970883, 95.69916379,  99.9
 81, 181, 29.00891247, 95.69031350,  99.9
 82, 181, 29.00810469, 95.68134294,  99.9
 83, 181, 29.00728532, 95.67225047,  99.9
 84, 181, 29.00645419, 95.66303444,  99.9
 85, 181, 29.00561111, 95.65369318,  99.9
 86, 181, 29.00475591, 95.64422497,  99.9
 87, 181, 29.00388840, 95.63462810,  99.9
 88, 181, 29.00300840, 95.62490083,  99.9
 89, 181, 29.00211572, 95.61504138,  99.9
 90, 181, 29.00121017, 95.60504796,  99.9
 91, 181, 29.00029156, 95.59491875,  99.9
 92, 181, 28.99935968, 95.58465192,   2.5
 93, 181, 28.99841433, 95.57424558,  99.9
 94, 181, 28.99745531, 95.56369786,  99.9
 95, 181, 28.99648242, 95.55300684,  99.9
 96, 181, 28.99549543, 95.54217056,  99.9
 97, 181, 28.99449414, 95.53118706,  99.9
 98, 181, 28.99347832, 95.52005434,  99.9
 99, 181, 28.99244776, 95.50877039,  99.9
100, 181, 28.99140222, 95.49733314,  99.9
101, 181, 28.99034148, 95.48574052,  99.9
102, 181, 28.98926531, 95.47399042,  99.9
103, 181, 28.98817347, 95.46208071,  99.9
104, 181, 28.98706571, 95.45000922,  99.9
105, 181, 28.98594179, 95.43777376,  99.9
106, 181, 28.98480146, 95.42537210,   2.8
107, 181, 28.98364447, 95.41280200,   2.9
108, 181, 28.98247055, 95.40006117,   3.0
109, 181, 28.98127946, 95.38714730,   3.2
110, 181, 28.98007091, 95.37405803,   3.3
111, 181, 28.97884465, 95.36079100,   3.8
112, 181, 28.97760038, 95.34734379,   3.7
113, 181, 28.97633784, 95.33371396,   3.7
114, 181, 28.97505673, 95.31989904,   3.7
115, 181, 28.97375677, 95.30589652,   3.6
116, 181, 28.97243765, 95.29170386,   3.7
117, 181, 28.97109909, 95.27731848,   3.7
118, 181, 28.96974078, 95.26273777,   4.2
119, 181, 28.96836239, 95.24795908,   4.2
120, 181, 28.96696362, 95.23297974,   4.2
121, 181, 28.96554415, 95.21779703,   4.1
122, 181, 28.96410365, 95.20240818,   4.1
123, 181, 28.96264178, 95.18681042,   4.0
124, 181, 28.96115821, 95.17100091,   4.0
125, 181, 28.95965258, 95.15497678,   4.0
126, 181, 28.95812456, 95.13873513,   3.9
127, 181, 28.95657379, 95.12227301,   3.9
128, 181, 28.95499989, 95.10558744,   3.9
129, 181, 28.95340250, 95.08867540,   3.8
130, 181, 28.95178125, 95.07153381,   3.8
131, 181, 28.95013575, 95.05415958,   3.8
132, 181, 28.94846561, 95.03654956,   3.8
133, 181, 28.94677044, 95.01870055,   3.7
134, 181, 28.94504983, 95.00060932,   3.7
135, 181, 28.94330337, 94.98227260,   3.7
136, 181, 28.94153064, 94.96368706,   3.7
137, 181, 28.93973122, 94.94484933,   3.7
138, 181, 28.93790467, 94.92575602,   3.6
139, 181, 28.93605056, 94.90640366,   3.6
140, 181, 28.93416843, 94.88678875,   3.6
141, 181, 28.93225783, 94.86690774,   3.6
142, 181, 28.93031829, 94.84675703,   3.6
143, 181, 28.92834934, 94.82633298,   3.5
144, 181, 28.92635049, 94.80563189,   3.5
145, 181, 28.92432125, 94.78465002,   3.5
146, 181, 28.92226113, 94.76338357,   3.5
147, 181, 28.92016961, 94.74182871,   3.4
148, 181, 28.91804618, 94.71998153,   3.4
149, 181, 28.91589031, 94.69783809,   3.4
150, 181, 28.91370145, 94.67539438,   3.4
151, 181, 28.91147906, 94.65264635,   3.4
152, 181, 28.90922259, 94.62958990,   3.3
153, 181, 28.90693146, 94.60622085,   3.3
154, 181, 28.90460509, 94.58253499,   3.3
155, 181, 28.90224290, 94.55852804,   3.3
156, 181, 28.89984429, 94.53419568,   3.2
157, 181, 28.89740863, 94.50953350,   3.2
158, 181, 28.89493532, 94.48453706,   3.2
159, 181, 28.89242370, 94.45920186,   3.2
160, 181, 28.88987315, 94.43352331,   3.1
161, 181, 28.88728298, 94.40749680,   3.1
162, 181, 28.88465255, 94.38111763,   3.1
163, 181, 28.88198115, 94.35438105,   3.1
164, 181, 28.87926809, 94.32728224,   3.1
165, 181, 28.87651266, 94.29981633,   3.0
166, 181, 28.87371414, 94.27197835,   3.0
167, 181, 28.87087179, 94.24376331,   3.0
168, 181, 28.86798485, 94.21516612,   3.0
169, 181, 28.86505255, 94.18618164,   3.0
170, 181, 28.86207413, 94.15680466,   2.9
171, 181, 28.85904877, 94.12702989,   2.9
172, 181, 28.85597566, 94.09685197,   2.9
173, 181, 28.85285399, 94.06626549,   2.9
174, 181, 28.84968290, 94.03526495,   2.8
175, 181, 28.84646153, 94.00384478,   2.8
176, 181, 28.84318900, 93.97199933,   2.8
177, 181, 28.83986443, 93.93972289,   2.8
178, 181, 28.83648690, 93.90700967,   2.7
179, 181, 28.83305547, 93.87385380,   2.7
180, 181, 28.82956920, 93.84024932,   2.7
181, 181, 28.82602713, 93.80619023,   2.7
182, 181, 28.82242827, 93.77167040,   2.6
183, 181, 28.81877160, 93.73668366,   2.6
184, 181, 28.81505612, 93.70122374,   2.6
185, 181, 28.81128076, 93.66528429,   2.6
186, 181, 28.80744447, 93.62885888,   2.6
187, 181, 28.80354615, 93.59194099,   2.6
188, 181, 28.79958470, 93.55452402,   2.6
189, 181, 28.79555898, 93.51660127,   2.6
190, 181, 28.79146784, 93.47816598,   2.6
191, 181, 28.78731010, 93.43921128,   2.7
  1, 182, 29.05009328, 96.12586991,  99.9
  2, 182, 29.04986524, 96.12282087,  99.9
  3, 182, 29.04963403, 96.11973036,  99.9
  4, 182, 29.04939960, 96.11659781,  99.9
  5, 182, 29.04916191, 96.11342265,  99.9
  6, 182, 29.04892091, 96.11020431,  99.9
  7, 182, 29.04867655, 96.10694220,  99.9
  8, 182, 29.04842879, 96.10363571,  99.9
  9, 182, 29.04817758, 96.10028426,  99.9
 10, 182, 29.04792286, 96.09688722,  99.9
 11, 182, 29.04766459, 96.09344397,  99.9
 12, 182, 29.04740272, 96.08995390,  99.9
 13, 182, 29.04713720, 96.08641636,  99.9
 14, 182, 29.04686797, 96.08283070,  99.9
 15, 182, 29.04659498, 96.07919628,  99.9
 16, 182, 29.04631817, 96.07551242,  99.9
 17, 182, 29.04603750, 96.07177846,  99.9
 18, 182, 29.04575291, 96.06799372,  99.9
 19, 182, 29.04546433, 96.06415751,  99.9
 20, 182, 29.04517172, 96.06026912,  99.9
 21, 182, 29.04487502, 96.05632785,  99.9
 22, 182, 29.04457416, 96.05233297,  99.9
 23, 182, 29.04426909, 96.04828377,  99.9
 24, 182, 29.04395974, 96.04417949,  99.9
 25, 182, 29.04364606, 96.04001940,  99.9
 26, 182, 29.04332799, 96.03580273,  99.9
 27, 182, 29.04300545, 96.03152872,  99.9
 28, 182, 29.04267839, 96.02719658,  99.9
 29, 182, 29.04234674, 96.02280552,   2.3
 30, 182, 29.04201043, 96.01835475,  99.9
 31, 182, 29.04166939, 96.01384345,  99.9
 32, 182, 29.04132357, 96.00927080,  99.9
 33, 182, 29.04097288, 96.00463597,  99.9
 34, 182, 29.04061726, 95.99993811,  99.9
 35, 182, 29.04025664, 95.99517636,  99.9
 36, 182, 29.03989094, 95.99034985,  99.9
 37, 182, 29.03952009, 95.98545771,  99.9
 38, 182, 29.03914402, 95.98049905,  99.9
 39, 182, 29.03876264, 95.97547295,  99.9
 40, 182, 29.03837589, 95.97037851,  99.9
 41, 182, 29.03798368, 95.96521479,  99.9
 42, 182, 29.03758594, 95.95998085,  99.9
 43, 182, 29.03718257, 95.95467575,  99.9
 44, 182, 29.03677352, 95.94929850,  99.9
 45, 182, 29.03635867, 95.94384813,  99.9
 46, 182, 29.03593797, 95.93832365,  99.9
 47, 182, 29.03551131, 95.93272405,  99.9
 48, 182, 29.03507861, 95.92704831,  99.9
 49, 182, 29.03463978, 95.92129540,  99.9
 50, 182, 29.03419473, 95.91546426,  99.9
 51, 182, 29.03374338, 95.90955383,  99.9
 52, 182, 29.03328562, 95.90356304,  99.9
 53, 182, 29.03282136, 95.89749079,  99.9
 54, 182, 29.03235052, 95.89133599,  99.9
 55, 182, 29.03187298, 95.88509749,  99.9
 56, 182, 29.03138866, 95.87877418,  99.9
 57, 182, 29.03089744, 95.87236489,  99.9
 58, 182, 29.03039924, 95.86586845,  99.9
 59, 182, 29.02989394, 95.85928370,  99.9
 60, 182, 29.02938144, 95.85260941,  99.9
 61, 182, 29.02886164, 95.84584439,  99.9
 62, 182, 29.02833442, 95.83898739,  99.9
 63, 182, 29.02779968, 95.83203717,  99.9
 64, 182, 29.02725730, 95.82499245,  99.9
 65, 182, 29.02670717, 95.81785197,  99.9
 66, 182, 29.02614918, 95.81061441,  99.9
 67, 182, 29.02558320, 95.80327845,  99.9
 68, 182, 29.02500911, 95.79584277,  99.9
 69, 182, 29.02442681, 95.78830600,  99.9
 70, 182, 29.02383615, 95.78066677,  99.9
 71, 182, 29.02323703, 95.77292370,  99.9
 72, 182, 29.02262930, 95.76507537,  99.9
 73, 182, 29.02201285, 95.75712035,  99.9
 74, 182, 29.02138753, 95.74905719,  99.9
 75, 182, 29.02075322, 95.74088442,  99.9
 76, 182, 29.02010978, 95.73260057,  99.9
 77, 182, 29.01945708, 95.72420411,  99.9
 78, 182, 29.01879496, 95.71569351,  99.9
 79, 182, 29.01812330, 95.70706724,  99.9
 80, 182, 29.01744194, 95.69832372,  99.9
 81, 182, 29.01675074, 95.68946135,  99.9
 82, 182, 29.01604955, 95.68047853,  99.9
 83, 182, 29.01533822, 95.67137361,  99.9
 84, 182, 29.01461658, 95.66214494,  99.9
 85, 182, 29.01388450, 95.65279085,  99.9
 86, 182, 29.01314180, 95.64330962,  99.9
 87, 182, 29.01238832, 95.63369953,  99.9
 88, 182, 29.01162390, 95.62395883,  99.9
 89, 182, 29.01084837, 95.61408576,  99.9
 90, 182, 29.01006156, 95.60407851,  99.9
 91, 182, 29.00926330, 95.59393526,  99.9
 92, 182, 29.00845341, 95.58365416,   2.5
 93, 182, 29.00763171, 95.57323336,  99.9
 94, 182, 29.00679802, 95.56267094,  99.9
 95, 182, 29.00595215, 95.55196499,  99.9
 96, 182, 29.00509392, 95.54111356,  99.9
 97, 182, 29.00422313, 95.53011468,  99.9
 98, 182, 29.00333959, 95.51896634,  99.9
 99, 182, 29.00244310, 95.50766653,  99.9
100, 182, 29.00153346, 95.49621317,  99.9
101, 182, 29.00061046, 95.48460420,  99.9
102, 182, 28.99967390, 95.47283749,  99.9
103, 182, 28.99872356, 95.46091091,  99.9
104, 182, 28.99775923, 95.44882230,  99.9
105, 182, 28.99678069, 95.43656945,   2.8
106, 182, 28.99578771, 95.42415013,   2.8
107, 182, 28.99478007, 95.41156209,  99.9
108, 182, 28.99375754, 95.39880304,  99.9
109, 182, 28.99271989, 95.38587066,   4.0
110, 182, 28.99166686, 95.37276260,   3.9
111, 182, 28.99059823, 95.35947649,   3.8
112, 182, 28.98951374, 95.34600989,  99.9
113, 182, 28.98841313, 95.33236037,  99.9
114, 182, 28.98729617, 95.31852545,  99.9
115, 182, 28.98616258, 95.30450262,   3.2
116, 182, 28.98501209, 95.29028932,   3.7
117, 182, 28.98384445, 95.27588297,   3.7
118, 182, 28.98265937, 95.26128097,   3.7
119, 182, 28.98145658, 95.24648065,   4.3
120, 182, 28.98023579, 95.23147933,   4.2
121, 182, 28.97899671, 95.21627429,   4.2
122, 182, 28.97773904, 95.20086277,   4.1
123, 182, 28.97646249, 95.18524196,   4.1
124, 182, 28.97516676, 95.16940903,   4.0
125, 182, 28.97385152, 95.15336111,   4.0
126, 182, 28.97251647, 95.13709529,   4.0
127, 182, 28.97116128, 95.12060862,   3.9
128, 182, 28.96978562, 95.10389810,   3.9
129, 182, 28.96838917, 95.08696070,   3.9
130, 182, 28.96697157, 95.06979335,   3.8
131, 182, 28.96553249, 95.05239294,   3.8
132, 182, 28.96407158, 95.03475631,   3.8
133, 182, 28.96258847, 95.01688026,   3.8
134, 182, 28.96108279, 94.99876155,   3.8
135, 182, 28.95955419, 94.98039690,   3.7
136, 182, 28.95800227, 94.96178298,   3.7
137, 182, 28.95642665, 94.94291642,   3.7
138, 182, 28.95482694, 94.92379379,   3.7
139, 182, 28.95320275, 94.90441163,   3.7
140, 182, 28.95155365, 94.88476643,   3.6
141, 182, 28.94987924, 94.86485463,   3.6
142, 182, 28.94817910, 94.84467263,   3.6
143, 182, 28.94645279, 94.82421676,   3.6
144, 182, 28.94469987, 94.80348334,   3.5
145, 182, 28.94291990, 94.78246859,   3.5
146, 182, 28.94111242, 94.76116873,   3.5
147, 182, 28.93927698, 94.73957989,   3.5
148, 182, 28.93741308, 94.71769816,   3.5
149, 182, 28.93552027, 94.69551960,   3.4
150, 182, 28.93359803, 94.67304018,   3.4
151, 182, 28.93164588, 94.65025585,   3.4
152, 182, 28.92966331, 94.62716247,   3.4
153, 182, 28.92764978, 94.60375588,   3.3
154, 182, 28.92560479, 94.58003185,   3.3
155, 182, 28.92352778, 94.55598609,   3.3
156, 182, 28.92141821, 94.53161424,   3.3
157, 182, 28.91927552, 94.50691192,   3.3
158, 182, 28.91709913, 94.48187466,   3.2
159, 182, 28.91488846, 94.45649793,   3.2
160, 182, 28.91264293, 94.43077715,   3.2
161, 182, 28.91036192, 94.40470769,   3.2
162, 182, 28.90804482, 94.37828483,   3.1
163, 182, 28.90569101, 94.35150381,   3.1
164, 182, 28.90329983, 94.32435980,   3.1
165, 182, 28.90087064, 94.29684789,   3.1
166, 182, 28.89840277, 94.26896314,   3.1
167, 182, 28.89589554, 94.24070051,   3.0
168, 182, 28.89334826, 94.21205491,   3.0
169, 182, 28.89076023, 94.18302118,   3.0
170, 182, 28.88813071, 94.15359408,   3.0
171, 182, 28.88545898, 94.12376833,   2.9
172, 182, 28.88274429, 94.09353853,   2.9
173, 182, 28.87998588, 94.06289927,   2.9
174, 182, 28.87718296, 94.03184501,   2.9
175, 182, 28.87433474, 94.00037018,   2.8
176, 182, 28.87144041, 93.96846912,   2.8
177, 182, 28.86849915, 93.93613608,   2.8
178, 182, 28.86551010, 93.90336525,   2.8
179, 182, 28.86247241, 93.87015075,   2.7
180, 182, 28.85938520, 93.83648661,   2.7
181, 182, 28.85624757, 93.80236678,   2.7
182, 182, 28.85305861, 93.76778514,   2.7
183, 182, 28.84981739, 93.73273548,   2.6
184, 182, 28.84652296, 93.69721152,   2.6
185, 182, 28.84317434, 93.66120687,   2.6
186, 182, 28.83977054, 93.62471509,   2.6
187, 182, 28.83631056, 93.58772963,   2.6
188, 182, 28.83279335, 93.55024387,   2.6
189, 182, 28.82921788, 93.51225110,   2.6
190, 182, 28.82558305, 93.47374450,   2.6
191, 182, 28.82188778, 93.43471720,   2.7
  1, 183, 29.05275606, 96.12563267,  99.9
  2, 183, 29.05256425, 96.12258032,  99.9
  3, 183, 29.05236976, 96.11948645,  99.9
  4, 183, 29.05217254, 96.11635051,  99.9
  5, 183, 29.05197258, 96.11317190,  99.9
  6, 183, 29.05176981, 96.10995006,  99.9
  7, 183, 29.05156421, 96.10668440,  99.9
  8, 183, 29.05135573, 96.10337431,  99.9
  9, 183, 29.05114434, 96.10001921,  99.9
 10, 183, 29.05092998, 96.09661847,  99.9
 11, 183, 29.05071262, 96.09317147,  99.9
 12, 183, 29.05049221, 96.08967758,  99.9
 13, 183, 29.05026872, 96.08613618,  99.9
 14, 183, 29.05004209, 96.08254660,  99.9
 15, 183, 29.04981228, 96.07890820,  99.9
 16, 183, 29.04957924, 96.07522031,  99.9
 17, 183, 29.04934293, 96.07148226,  99.9
 18, 183, 29.04910330, 96.06769337,  99.9
 19, 183, 29.04886030, 96.06385295,  99.9
 20, 183, 29.04861389, 96.05996029,  99.9
 21, 183, 29.04836401, 96.05601468,  99.9
 22, 183, 29.04811061, 96.05201542,  99.9
 23, 183, 29.04785365, 96.04796175,  99.9
 24, 183, 29.04759307, 96.04385296,  99.9
 25, 183, 29.04732881, 96.03968828,  99.9
 26, 183, 29.04706084, 96.03546696,  99.9
 27, 183, 29.04678908, 96.03118822,  99.9
 28, 183, 29.04651348, 96.02685129,  99.9
 29, 183, 29.04623400, 96.02245538,   2.3
 30, 183, 29.04595057, 96.01799968,   2.3
 31, 183, 29.04566313, 96.01348338,  99.9
 32, 183, 29.04537163, 96.00890565,  99.9
 33, 183, 29.04507601, 96.00426567,  99.9
 34, 183, 29.04477621, 95.99956259,  99.9
 35, 183, 29.04447216, 95.99479554,  99.9
 36, 183, 29.04416380, 95.98996366,  99.9
 37, 183, 29.04385107, 95.98506606,  99.9
 38, 183, 29.04353391, 95.98010187,  99.9
 39, 183, 29.04321225, 95.97507015,  99.9
 40, 183, 29.04288603, 95.96997001,  99.9
 41, 183, 29.04255517, 95.96480051,  99.9
 42, 183, 29.04221961, 95.95956071,  99.9
 43, 183, 29.04187927, 95.95424965,  99.9
 44, 183, 29.04153410, 95.94886637,  99.9
 45, 183, 29.04118401, 95.94340987,  99.9
 46, 183, 29.04082894, 95.93787918,  99.9
 47, 183, 29.04046881, 95.93227327,  99.9
 48, 183, 29.04010354, 95.92659112,  99.9
 49, 183, 29.03973306, 95.92083171,  99.9
 50, 183, 29.03935729, 95.91499398,  99.9
 51, 183, 29.03897616, 95.90907686,  99.9
 52, 183, 29.03858958, 95.90307928,  99.9
 53, 183, 29.03819746, 95.89700015,  99.9
 54, 183, 29.03779974, 95.89083835,  99.9
 55, 183, 29.03739632, 95.88459276,  99.9
 56, 183, 29.03698712, 95.87826224,  99.9
 57, 183, 29.03657206, 95.87184564,  99.9
 58, 183, 29.03615104, 95.86534179,  99.9
 59, 183, 29.03572397, 95.85874951,  99.9
 60, 183, 29.03529077, 95.85206759,  99.9
 61, 183, 29.03485134, 95.84529481,  99.9
 62, 183, 29.03440559, 95.83842994,  99.9
 63, 183, 29.03395342, 95.83147173,  99.9
 64, 183, 29.03349474, 95.82441891,  99.9
 65, 183, 29.03302945, 95.81727019,  99.9
 66, 183, 29.03255744, 95.81002428,  99.9
 67, 183, 29.03207862, 95.80267984,  99.9
 68, 183, 29.03159288, 95.79523555,  99.9
 69, 183, 29.03110011, 95.78769005,  99.9
 70, 183, 29.03060022, 95.78004196,  99.9
 71, 183, 29.03009309, 95.77228988,  99.9
 72, 183, 29.02957860, 95.76443241,  99.9
 73, 183, 29.02905666, 95.75646811,  99.9
 74, 183, 29.02852714, 95.74839554,  99.9
 75, 183, 29.02798993, 95.74021322,  99.9
 76, 183, 29.02744491, 95.73191966,  99.9
 77, 183, 29.02689196, 95.72351334,  99.9
 78, 183, 29.02633096, 95.71499275,  99.9
 79, 183, 29.02576178, 95.70635632,  99.9
 80, 183, 29.02518431, 95.69760249,  99.9
 81, 183, 29.02459840, 95.68872965,  99.9
 82, 183, 29.02400393, 95.67973620,  99.9
 83, 183, 29.02340077, 95.67062049,  99.9
 84, 183, 29.02278878, 95.66138087,  99.9
 85, 183, 29.02216783, 95.65201564,  99.9
 86, 183, 29.02153777, 95.64252312,  99.9
 87, 183, 29.02089847, 95.63290156,  99.9
 88, 183, 29.02024977, 95.62314922,  99.9
 89, 183, 29.01959154, 95.61326431,  99.9
 90, 183, 29.01892363, 95.60324505,  99.9
 91, 183, 29.01824587, 95.59308960,   2.6
 92, 183, 29.01755813, 95.58279612,   2.6
 93, 183, 29.01686024, 95.57236274,  99.9
 94, 183, 29.01615203, 95.56178755,  99.9
 95, 183, 29.01543336, 95.55106862,  99.9
 96, 183, 29.01470405, 95.54020402,  99.9
 97, 183, 29.01396393, 95.52919175,  99.9
 98, 183, 29.01321284, 95.51802982,  99.9
 99, 183, 29.01245060, 95.50671620,  99.9
100, 183, 29.01167703, 95.49524882,  99.9
101, 183, 29.01089196, 95.48362560,  99.9
102, 183, 29.01009519, 95.47184443,  99.9
103, 183, 29.00928655, 95.45990315,  99.9
104, 183, 29.00846584, 95.44779961,   2.7
105, 183, 29.00763287, 95.43553159,   2.7
106, 183, 29.00678744, 95.42309687,  99.9
107, 183, 29.00592935, 95.41049318,  99.9
108, 183, 29.00505840, 95.39771823,  99.9
109, 183, 29.00417439, 95.38476970,  99.9
110, 183, 29.00327709, 95.37164524,  99.9
111, 183, 29.00236630, 95.35834244,  99.9
112, 183, 29.00144180, 95.34485891,  99.9
113, 183, 29.00050336, 95.33119218,  99.9
114, 183, 28.99955076, 95.31733977,   3.3
115, 183, 28.99858376, 95.30329917,   3.5
116, 183, 28.99760214, 95.28906781,   3.6
117, 183, 28.99660564, 95.27464312,   3.6
118, 183, 28.99559404, 95.26002248,   3.7
119, 183, 28.99456708, 95.24520321,   3.7
120, 183, 28.99352450, 95.23018264,   4.3
121, 183, 28.99246606, 95.21495803,   4.2
122, 183, 28.99139148, 95.19952662,   4.2
123, 183, 28.99030051, 95.18388561,   4.1
124, 183, 28.98919287, 95.16803214,   4.1
125, 183, 28.98806828, 95.15196335,   4.1
126, 183, 28.98692647, 95.13567631,   4.0
127, 183, 28.98576714, 95.11916807,   4.0
128, 183, 28.98459000, 95.10243563,   4.0
129, 183, 28.98339476, 95.08547594,   3.9
130, 183, 28.98218111, 95.06828594,   3.9
131, 183, 28.98094874, 95.05086251,   3.9
132, 183, 28.97969734, 95.03320247,   3.8
133, 183, 28.97842659, 95.01530262,   3.8
134, 183, 28.97713616, 94.99715972,   3.8
135, 183, 28.97582571, 94.97877048,   3.8
136, 183, 28.97449492, 94.96013155,   3.7
137, 183, 28.97314342, 94.94123956,   3.7
138, 183, 28.97177088, 94.92209107,   3.7
139, 183, 28.97037693, 94.90268263,   3.7
140, 183, 28.96896120, 94.88301070,   3.7
141, 183, 28.96752333, 94.86307172,   3.6
142, 183, 28.96606293, 94.84286207,   3.6
143, 183, 28.96457961, 94.82237810,   3.6
144, 183, 28.96307298, 94.80161609,   3.6
145, 183, 28.96154264, 94.78057228,   3.6
146, 183, 28.95998818, 94.75924284,   3.5
147, 183, 28.95840918, 94.73762393,   3.5
148, 183, 28.95680521, 94.71571163,   3.5
149, 183, 28.95517584, 94.69350195,   3.5
150, 183, 28.95352063, 94.67099089,   3.5
151, 183, 28.95183912, 94.64817437,   3.4
152, 183, 28.95013085, 94.62504825,   3.4
153, 183, 28.94839535, 94.60160835,   3.4
154, 183, 28.94663215, 94.57785044,   3.4
155, 183, 28.94484076, 94.55377020,   3.3
156, 183, 28.94302067, 94.52936328,   3.3
157, 183, 28.94117138, 94.50462528,   3.3
158, 183, 28.93929237, 94.47955170,   3.3
159, 183, 28.93738312, 94.45413803,   3.3
160, 183, 28.93544308, 94.42837967,   3.2
161, 183, 28.93347170, 94.40227196,   3.2
162, 183, 28.93146843, 94.37581017,   3.2
163, 183, 28.92943269, 94.34898955,   3.2
164, 183, 28.92736389, 94.32180522,   3.1
165, 183, 28.92526145, 94.29425230,   3.1
166, 183, 28.92312475, 94.26632580,   3.1
167, 183, 28.92095318, 94.23802067,   3.1
168, 183, 28.91874610, 94.20933182,   3.0
169, 183, 28.91650286, 94.18025407,   3.0
170, 183, 28.91422282, 94.15078216,   3.0
171, 183, 28.91190529, 94.12091079,   3.0
172, 183, 28.90954959, 94.09063456,   2.9
173, 183, 28.90715503, 94.05994802,   2.9
174, 183, 28.90472088, 94.02884564,   2.9
175, 183, 28.90224642, 93.99732181,   2.9
176, 183, 28.89973090, 93.96537086,   2.8
177, 183, 28.89717357, 93.93298703,   2.8
178, 183, 28.89457365, 93.90016449,   2.8
179, 183, 28.89193035, 93.86689733,   2.8
180, 183, 28.88924285, 93.83317957,   2.7
181, 183, 28.88651035, 93.79900514,   2.7
182, 183, 28.88373199, 93.76436789,   2.7
183, 183, 28.88090691, 93.72926160,   2.7
184, 183, 28.87803424, 93.69367996,   2.6
185, 183, 28.87511308, 93.65761657,   2.6
186, 183, 28.87214252, 93.62106496,   2.6
187, 183, 28.86912163, 93.58401856,   2.6
188, 183, 28.86604944, 93.54647073,   2.6
189, 183, 28.86292498, 93.50841472,   2.6
190, 183, 28.85974727, 93.46984372,   2.6
191, 183, 28.85651527, 93.43075079,   2.7
  1, 184, 29.05542142, 96.12543638,  99.9
  2, 184, 29.05526587, 96.12238129,  99.9
  3, 184, 29.05510813, 96.11928463,  99.9
  4, 184, 29.05494817, 96.11614586,  99.9
  5, 184, 29.05478596, 96.11296438,  99.9
  6, 184, 29.05462147, 96.10973963,  99.9
  7, 184, 29.05445467, 96.10647102,  99.9
  8, 184, 29.05428551, 96.10315794,  99.9
  9, 184, 29.05411397, 96.09979979,  99.9
 10, 184, 29.05394001, 96.09639597,  99.9
 11, 184, 29.05376360, 96.09294584,  99.9
 12, 184, 29.05358470, 96.08944879,  99.9
 13, 184, 29.05340328, 96.08590416,  99.9
 14, 184, 29.05321929, 96.08231132,  99.9
 15, 184, 29.05303270, 96.07866961,  99.9
 16, 184, 29.05284347, 96.07497836,  99.9
 17, 184, 29.05265157, 96.07123690,  99.9
 18, 184, 29.05245695, 96.06744456,  99.9
 19, 184, 29.05225958, 96.06360062,  99.9
 20, 184, 29.05205941, 96.05970440,  99.9
 21, 184, 29.05185640, 96.05575519,  99.9
 22, 184, 29.05165051, 96.05175225,  99.9
 23, 184, 29.05144171, 96.04769487,  99.9
 24, 184, 29.05122994, 96.04358230,  99.9
 25, 184, 29.05101516, 96.03941380,  99.9
 26, 184, 29.05079732, 96.03518859,  99.9
 27, 184, 29.05057640, 96.03090591,  99.9
 28, 184, 29.05035232, 96.02656499,  99.9
 29, 184, 29.05012506, 96.02216502,  99.9
 30, 184, 29.04989456, 96.01770520,   2.3
 31, 184, 29.04966078, 96.01318472,   2.3
 32, 184, 29.04942366, 96.00860276,  99.9
 33, 184, 29.04918316, 96.00395848,  99.9
 34, 184, 29.04893923, 95.99925103,  99.9
 35, 184, 29.04869181, 95.99447955,  99.9
 36, 184, 29.04844085, 95.98964317,  99.9
 37, 184, 29.04818631, 95.98474102,  99.9
 38, 184, 29.04792812, 95.97977219,  99.9
 39, 184, 29.04766623, 95.97473578,  99.9
 40, 184, 29.04740060, 95.96963088,  99.9
 41, 184, 29.04713115, 95.96445654,  99.9
 42, 184, 29.04685783, 95.95921183,  99.9
 43, 184, 29.04658059, 95.95389578,  99.9
 44, 184, 29.04629937, 95.94850744,  99.9
 45, 184, 29.04601411, 95.94304581,  99.9
 46, 184, 29.04572474, 95.93750991,  99.9
 47, 184, 29.04543120, 95.93189871,  99.9
 48, 184, 29.04513344, 95.92621120,  99.9
 49, 184, 29.04483138, 95.92044635,  99.9
 50, 184, 29.04452496, 95.91460308,  99.9
 51, 184, 29.04421412, 95.90868036,  99.9
 52, 184, 29.04389878, 95.90267708,  99.9
 53, 184, 29.04357889, 95.89659216,  99.9
 54, 184, 29.04325437, 95.89042449,  99.9
 55, 184, 29.04292515, 95.88417295,  99.9
 56, 184, 29.04259115, 95.87783638,  99.9
 57, 184, 29.04225231, 95.87141365,  99.9
 58, 184, 29.04190856, 95.86490357,  99.9
 59, 184, 29.04155980, 95.85830496,  99.9
 60, 184, 29.04120598, 95.85161661,  99.9
 61, 184, 29.04084701, 95.84483731,  99.9
 62, 184, 29.04048281, 95.83796583,  99.9
 63, 184, 29.04011331, 95.83100090,  99.9
 64, 184, 29.03973841, 95.82394125,  99.9
 65, 184, 29.03935804, 95.81678561,  99.9
 66, 184, 29.03897211, 95.80953266,  99.9
 67, 184, 29.03858054, 95.80218109,  99.9
 68, 184, 29.03818323, 95.79472955,  99.9
 69, 184, 29.03778011, 95.78717669,  99.9
 70, 184, 29.03737107, 95.77952112,  99.9
 71, 184, 29.03695603, 95.77176146,  99.9
 72, 184, 29.03653489, 95.76389628,  99.9
 73, 184, 29.03610756, 95.75592416,  99.9
 74, 184, 29.03567394, 95.74784364,  99.9
 75, 184, 29.03523394, 95.73965325,  99.9
 76, 184, 29.03478744, 95.73135149,  99.9
 77, 184, 29.03433435, 95.72293686,  99.9
 78, 184, 29.03387457, 95.71440781,  99.9
 79, 184, 29.03340800, 95.70576280,  99.9
 80, 184, 29.03293451, 95.69700025,  99.9
 81, 184, 29.03245401, 95.68811857,  99.9
 82, 184, 29.03196638, 95.67911612,  99.9
 83, 184, 29.03147151, 95.66999128,  99.9
 84, 184, 29.03096928, 95.66074239,  99.9
 85, 184, 29.03045958, 95.65136774,  99.9
 86, 184, 29.02994229, 95.64186565,  99.9
 87, 184, 29.02941729, 95.63223437,  99.9
 88, 184, 29.02888445, 95.62247216,  99.9
 89, 184, 29.02834365, 95.61257723,  99.9
 90, 184, 29.02779476, 95.60254778,   2.8
 91, 184, 29.02723765, 95.59238198,   2.7
 92, 184, 29.02667218, 95.58207799,  99.9
 93, 184, 29.02609823, 95.57163392,  99.9
 94, 184, 29.02551566, 95.56104788,  99.9
 95, 184, 29.02492432, 95.55031793,  99.9
 96, 184, 29.02432407, 95.53944212,  99.9
 97, 184, 29.02371478, 95.52841848,  99.9
 98, 184, 29.02309629, 95.51724499,  99.9
 99, 184, 29.02246844, 95.50591962,  99.9
100, 184, 29.02183110, 95.49444030,  99.9
101, 184, 29.02118410, 95.48280496,  99.9
102, 184, 29.02052729, 95.47101146,   2.6
103, 184, 29.01986050, 95.45905766,   2.7
104, 184, 29.01918357, 95.44694139,   2.8
105, 184, 29.01849634, 95.43466044,  99.9
106, 184, 29.01779863, 95.42221257,  99.9
107, 184, 29.01709026, 95.40959553,  99.9
108, 184, 29.01637107, 95.39680700,  99.9
109, 184, 29.01564088, 95.38384468,  99.9
110, 184, 29.01489949, 95.37070618,  99.9
111, 184, 29.01414673, 95.35738914,  99.9
112, 184, 29.01338240, 95.34389112,   2.9
113, 184, 29.01260631, 95.33020966,   3.1
114, 184, 29.01181826, 95.31634229,   3.2
115, 184, 29.01101805, 95.30228646,  99.9
116, 184, 29.01020548, 95.28803964,  99.9
117, 184, 29.00938034, 95.27359923,   3.6
118, 184, 29.00854242, 95.25896259,   3.6
119, 184, 29.00769149, 95.24412708,   3.7
120, 184, 29.00682735, 95.22908998,   3.7
121, 184, 29.00594975, 95.21384857,   3.7
122, 184, 29.00505849, 95.19840008,   4.3
123, 184, 29.00415331, 95.18274170,   4.2
124, 184, 29.00323399, 95.16687057,   4.2
125, 184, 29.00230028, 95.15078382,   4.1
126, 184, 29.00135193, 95.13447852,   4.1
127, 184, 29.00038870, 95.11795171,   4.0
128, 184, 28.99941032, 95.10120039,   4.0
129, 184, 28.99841654, 95.08422150,   4.0
130, 184, 28.99740708, 95.06701197,   3.9
131, 184, 28.99638168, 95.04956867,   3.9
132, 184, 28.99534005, 95.03188842,   3.9
133, 184, 28.99428192, 95.01396803,   3.9
134, 184, 28.99320700, 94.99580423,   3.8
135, 184, 28.99211498, 94.97739372,   3.8
136, 184, 28.99100559, 94.95873317,   3.8
137, 184, 28.98987849, 94.93981918,   3.8
138, 184, 28.98873340, 94.92064831,   3.7
139, 184, 28.98756998, 94.90121710,   3.7
140, 184, 28.98638792, 94.88152201,   3.7
141, 184, 28.98518688, 94.86155946,   3.7
142, 184, 28.98396652, 94.84132584,   3.7
143, 184, 28.98272651, 94.82081748,   3.6
144, 184, 28.98146649, 94.80003064,   3.6
145, 184, 28.98018610, 94.77896157,   3.6
146, 184, 28.97888498, 94.75760644,   3.6
147, 184, 28.97756275, 94.73596137,   3.6
148, 184, 28.97621904, 94.71402244,   3.5
149, 184, 28.97485346, 94.69178568,   3.5
150, 184, 28.97346562, 94.66924705,   3.5
151, 184, 28.97205510, 94.64640247,   3.5
152, 184, 28.97062150, 94.62324780,   3.5
153, 184, 28.96916439, 94.59977884,   3.4
154, 184, 28.96768336, 94.57599133,   3.4
155, 184, 28.96617796, 94.55188098,   3.4
156, 184, 28.96464774, 94.52744340,   3.4
157, 184, 28.96309225, 94.50267419,   3.3
158, 184, 28.96151102, 94.47756884,   3.3
159, 184, 28.95990359, 94.45212282,   3.3
160, 184, 28.95826945, 94.42633153,   3.3
161, 184, 28.95660813, 94.40019028,   3.2
162, 184, 28.95491911, 94.37369436,   3.2
163, 184, 28.95320188, 94.34683897,   3.2
164, 184, 28.95145591, 94.31961924,   3.2
165, 184, 28.94968067, 94.29203027,   3.1
166, 184, 28.94787560, 94.26406706,   3.1
167, 184, 28.94604015, 94.23572455,   3.1
168, 184, 28.94417375, 94.20699763,   3.1
169, 184, 28.94227580, 94.17788109,   3.1
170, 184, 28.94034572, 94.14836969,   3.0
171, 184, 28.93838289, 94.11845809,   3.0
172, 184, 28.93638670, 94.08814088,   3.0
173, 184, 28.93435650, 94.05741260,   2.9
174, 184, 28.93229166, 94.02626770,   2.9
175, 184, 28.93019149, 93.99470056,   2.9
176, 184, 28.92805534, 93.96270548,   2.9
177, 184, 28.92588251, 93.93027668,   2.8
178, 184, 28.92367228, 93.89740834,   2.8
179, 184, 28.92142395, 93.86409451,   2.8
180, 184, 28.91913677, 93.83032919,   2.8
181, 184, 28.91680998, 93.79610630,   2.7
182, 184, 28.91444283, 93.76141967,   2.7
183, 184, 28.91203453, 93.72626306,   2.7
184, 184, 28.90958426, 93.69063013,   2.6
185, 184, 28.90709121, 93.65451448,   2.6
186, 184, 28.90455455, 93.61790960,   2.6
187, 184, 28.90197341, 93.58080891,   2.6
188, 184, 28.89934692, 93.54320574,   2.6
189, 184, 28.89667419, 93.50509333,   2.6
190, 184, 28.89395430, 93.46646483,   2.6
191, 184, 28.89118631, 93.42731330,   2.7
  1, 185, 29.05808886, 96.12528110,  99.9
  2, 185, 29.05796960, 96.12222381,  99.9
  3, 185, 29.05784864, 96.11912494,  99.9
  4, 185, 29.05772597, 96.11598390,  99.9
  5, 185, 29.05760155, 96.11280014,  99.9
  6, 185, 29.05747537, 96.10957307,  99.9
  7, 185, 29.05734739, 96.10630210,  99.9
  8, 185, 29.05721759, 96.10298663,  99.9
  9, 185, 29.05708594, 96.09962606,  99.9
 10, 185, 29.05695241, 96.09621977,  99.9
 11, 185, 29.05681698, 96.09276715,  99.9
 12, 185, 29.05667962, 96.08926756,  99.9
 13, 185, 29.05654030, 96.08572036,  99.9
 14, 185, 29.05639899, 96.08212491,  99.9
 15, 185, 29.05625566, 96.07848055,  99.9
 16, 185, 29.05611028, 96.07478662,  99.9
 17, 185, 29.05596282, 96.07104244,  99.9
 18, 185, 29.05581325, 96.06724732,  99.9
 19, 185, 29.05566153, 96.06340058,  99.9
 20, 185, 29.05550764, 96.05950151,  99.9
 21, 185, 29.05535155, 96.05554941,  99.9
 22, 185, 29.05519321, 96.05154354,  99.9
 23, 185, 29.05503260, 96.04748318,  99.9
 24, 185, 29.05486968, 96.04336759,  99.9
 25, 185, 29.05470442, 96.03919601,  99.9
 26, 185, 29.05453677, 96.03496769,  99.9
 27, 185, 29.05436672, 96.03068186,  99.9
 28, 185, 29.05419421, 96.02633773,  99.9
 29, 185, 29.05401921, 96.02193450,  99.9
 30, 185, 29.05384169, 96.01747138,  99.9
 31, 185, 29.05366160, 96.01294755,   2.3
 32, 185, 29.05347891, 96.00836218,  99.9
 33, 185, 29.05329358, 96.00371445,  99.9
 34, 185, 29.05310556, 95.99900349,  99.9
 35, 185, 29.05291482, 95.99422846,  99.9
 36, 185, 29.05272131, 95.98938847,  99.9
 37, 185, 29.05252500, 95.98448265,  99.9
 38, 185, 29.05232583, 95.97951010,  99.9
 39, 185, 29.05212377, 95.97446991,  99.9
 40, 185, 29.05191877, 95.96936117,  99.9
 41, 185, 29.05171079, 95.96418294,  99.9
 42, 185, 29.05149977, 95.95893427,  99.9
 43, 185, 29.05128568, 95.95361421,  99.9
 44, 185, 29.05106847, 95.94822180,  99.9
 45, 185, 29.05084808, 95.94275603,  99.9
 46, 185, 29.05062447, 95.93721593,  99.9
 47, 185, 29.05039758, 95.93160047,  99.9
 48, 185, 29.05016738, 95.92590863,  99.9
 49, 185, 29.04993380, 95.92013938,  99.9
 50, 185, 29.04969679, 95.91429165,  99.9
 51, 185, 29.04945630, 95.90836440,  99.9
 52, 185, 29.04921228, 95.90235652,  99.9
 53, 185, 29.04896466, 95.89626693,  99.9
 54, 185, 29.04871340, 95.89009452,  99.9
 55, 185, 29.04845844, 95.88383815,  99.9
 56, 185, 29.04819972, 95.87749670,  99.9
 57, 185, 29.04793717, 95.87106899,  99.9
 58, 185, 29.04767074, 95.86455387,  99.9
 59, 185, 29.04740037, 95.85795014,  99.9
 60, 185, 29.04712600, 95.85125659,  99.9
 61, 185, 29.04684756, 95.84447201,  99.9
 62, 185, 29.04656498, 95.83759515,  99.9
 63, 185, 29.04627821, 95.83062477,  99.9
 64, 185, 29.04598717, 95.82355960,  99.9
 65, 185, 29.04569180, 95.81639833,  99.9
 66, 185, 29.04539202, 95.80913968,  99.9
 67, 185, 29.04508777, 95.80178230,  99.9
 68, 185, 29.04477898, 95.79432487,  99.9
 69, 185, 29.04446557, 95.78676602,  99.9
 70, 185, 29.04414747, 95.77910438,  99.9
 71, 185, 29.04382461, 95.77133854,  99.9
 72, 185, 29.04349690, 95.76346709,  99.9
 73, 185, 29.04316426, 95.75548860,  99.9
 74, 185, 29.04282663, 95.74740161,  99.9
 75, 185, 29.04248391, 95.73920464,  99.9
 76, 185, 29.04213603, 95.73089620,  99.9
 77, 185, 29.04178290, 95.72247478,  99.9
 78, 185, 29.04142443, 95.71393884,  99.9
 79, 185, 29.04106054, 95.70528682,  99.9
 80, 185, 29.04069114, 95.69651715,  99.9
 81, 185, 29.04031614, 95.68762823,  99.9
 82, 185, 29.03993544, 95.67861844,  99.9
 83, 185, 29.03954896, 95.66948613,  99.9
 84, 185, 29.03915660, 95.66022964,  99.9
 85, 185, 29.03875826, 95.65084729,  99.9
 86, 185, 29.03835384, 95.64133736,  99.9
 87, 185, 29.03794324, 95.63169812,  99.9
 88, 185, 29.03752636, 95.62192781,   2.7
 89, 185, 29.03710309, 95.61202465,   2.7
 90, 185, 29.03667333, 95.60198684,   2.8
 91, 185, 29.03623698, 95.59181255,  99.9
 92, 185, 29.03579391, 95.58149992,  99.9
 93, 185, 29.03534402, 95.57104707,  99.9
 94, 185, 29.03488719, 95.56045211,  99.9
 95, 185, 29.03442330, 95.54971309,  99.9
 96, 185, 29.03395224, 95.53882807,   2.7
 97, 185, 29.03347389, 95.52779505,   2.5
 98, 185, 29.03298812, 95.51661203,   2.4
 99, 185, 29.03249480, 95.50527698,   2.5
100, 185, 29.03199381, 95.49378782,   2.5
101, 185, 29.03148502, 95.48214246,   2.6
102, 185, 29.03096830, 95.47033878,   2.6
103, 185, 29.03044350, 95.45837464,  99.9
104, 185, 29.02991049, 95.44624785,  99.9
105, 185, 29.02936913, 95.43395620,  99.9
106, 185, 29.02881927, 95.42149745,  99.9
107, 185, 29.02826078, 95.40886935,  99.9
108, 185, 29.02769349, 95.39606957,  99.9
109, 185, 29.02711726, 95.38309581,  99.9
110, 185, 29.02653194, 95.36994568,   2.8
111, 185, 29.02593735, 95.35661681,   2.9
112, 185, 29.02533335, 95.34310675,   2.9
113, 185, 29.02471977, 95.32941306,  99.9
114, 185, 29.02409644, 95.31553324,  99.9
115, 185, 29.02346319, 95.30146476,  99.9
116, 185, 29.02281984, 95.28720506,   3.5
117, 185, 29.02216622, 95.27275154,   3.5
118, 185, 29.02150215, 95.25810158,   3.6
119, 185, 29.02082744, 95.24325251,   3.7
120, 185, 29.02014190, 95.22820163,   3.7
121, 185, 29.01944534, 95.21294619,   3.7
122, 185, 29.01873756, 95.19748343,   4.3
123, 185, 29.01801837, 95.18181052,   4.3
124, 185, 29.01728756, 95.16592462,   4.2
125, 185, 29.01654492, 95.14982284,   4.2
126, 185, 29.01579025, 95.13350224,   4.1
127, 185, 29.01502331, 95.11695986,   4.1
128, 185, 29.01424389, 95.10019270,   4.1
129, 185, 29.01345177, 95.08319769,   4.0
130, 185, 29.01264672, 95.06597176,   4.0
131, 185, 29.01182849, 95.04851176,   4.0
132, 185, 29.01099686, 95.03081453,   3.9
133, 185, 29.01015158, 95.01287684,   3.9
134, 185, 29.00929238, 94.99469544,   3.9
135, 185, 29.00841904, 94.97626701,   3.9
136, 185, 29.00753127, 94.95758822,   3.8
137, 185, 29.00662882, 94.93865566,   3.8
138, 185, 29.00571141, 94.91946590,   3.8
139, 185, 29.00477878, 94.90001545,   3.8
140, 185, 29.00383063, 94.88030076,   3.7
141, 185, 29.00286667, 94.86031828,   3.7
142, 185, 29.00188662, 94.84006435,   3.7
143, 185, 29.00089018, 94.81953531,   3.7
144, 185, 28.99987703, 94.79872742,   3.7
145, 185, 28.99884687, 94.77763691,   3.6
146, 185, 28.99779937, 94.75625995,   3.6
147, 185, 28.99673420, 94.73459265,   3.6
148, 185, 28.99565104, 94.71263109,   3.6
149, 185, 28.99454955, 94.69037127,   3.6
150, 185, 28.99342937, 94.66780916,   3.5
151, 185, 28.99229015, 94.64494066,   3.5
152, 185, 28.99113152, 94.62176163,   3.5
153, 185, 28.98995313, 94.59826785,   3.5
154, 185, 28.98875458, 94.57445507,   3.4
155, 185, 28.98753550, 94.55031896,   3.4
156, 185, 28.98629548, 94.52585516,   3.4
157, 185, 28.98503413, 94.50105921,   3.4
158, 185, 28.98375103, 94.47592664,   3.4
159, 185, 28.98244576, 94.45045288,   3.3
160, 185, 28.98111790, 94.42463332,   3.3
161, 185, 28.97976699, 94.39846327,   3.3
162, 185, 28.97839260, 94.37193800,   3.3
163, 185, 28.97699426, 94.34505270,   3.2
164, 185, 28.97557150, 94.31780250,   3.2
165, 185, 28.97412385, 94.29018247,   3.2
166, 185, 28.97265082, 94.26218761,   3.2
167, 185, 28.97115190, 94.23381284,   3.1
168, 185, 28.96962658, 94.20505303,   3.1
169, 185, 28.96807435, 94.17590298,   3.1
170, 185, 28.96649466, 94.14635741,   3.1
171, 185, 28.96488698, 94.11641098,   3.0
172, 185, 28.96325074, 94.08605827,   3.0
173, 185, 28.96158536, 94.05529379,   3.0
174, 185, 28.95989028, 94.02411199,   3.0
175, 185, 28.95816489, 93.99250723,   2.9
176, 185, 28.95640859, 93.96047379,   2.9
177, 185, 28.95462074, 93.92800588,   2.9
178, 185, 28.95280071, 93.89509765,   2.8
179, 185, 28.95094786, 93.86174315,   2.8
180, 185, 28.94906151, 93.82793636,   2.8
181, 185, 28.94714098, 93.79367118,   2.7
182, 185, 28.94518558, 93.75894142,   2.7
183, 185, 28.94319459, 93.72374081,   2.7
184, 185, 28.94116729, 93.68806302,   2.6
185, 185, 28.93910293, 93.65190160,   2.6
186, 185, 28.93700075, 93.61525004,   2.6
187, 185, 28.93485996, 93.57810173,   2.6
188, 185, 28.93267978, 93.54044999,   2.6
189, 185, 28.93045938, 93.50228802,   2.6
190, 185, 28.92819794, 93.46360896,   2.6
191, 185, 28.92589460, 93.42440585,   2.7
  1, 186, 29.06075790, 96.12516684,  99.9
  2, 186, 29.06067495, 96.12210792,  99.9
  3, 186, 29.06059080, 96.11900739,  99.9
  4, 186, 29.06050543, 96.11586468,  99.9
  5, 186, 29.06041883, 96.11267921,  99.9
  6, 186, 29.06033098, 96.10945040,  99.9
  7, 186, 29.06024185, 96.10617767,  99.9
  8, 186, 29.06015142, 96.10286042,  99.9
  9, 186, 29.06005969, 96.09949804,  99.9
 10, 186, 29.05996662, 96.09608991,  99.9
 11, 186, 29.05987220, 96.09263542,  99.9
 12, 186, 29.05977641, 96.08913394,  99.9
 13, 186, 29.05967922, 96.08558482,  99.9
 14, 186, 29.05958061, 96.08198741,  99.9
 15, 186, 29.05948057, 96.07834107,  99.9
 16, 186, 29.05937906, 96.07464513,  99.9
 17, 186, 29.05927607, 96.07089890,  99.9
 18, 186, 29.05917158, 96.06710171,  99.9
 19, 186, 29.05906555, 96.06325286,  99.9
 20, 186, 29.05895797, 96.05935166,  99.9
 21, 186, 29.05884882, 96.05539738,  99.9
 22, 186, 29.05873806, 96.05138931,  99.9
 23, 186, 29.05862567, 96.04732672,  99.9
 24, 186, 29.05851164, 96.04320885,  99.9
 25, 186, 29.05839592, 96.03903497,  99.9
 26, 186, 29.05827850, 96.03480431,  99.9
 27, 186, 29.05815935, 96.03051610,  99.9
 28, 186, 29.05803844, 96.02616955,  99.9
 29, 186, 29.05791574, 96.02176388,   2.2
 30, 186, 29.05779123, 96.01729827,   2.3
 31, 186, 29.05766487, 96.01277191,   2.3
 32, 186, 29.05753664, 96.00818398,  99.9
 33, 186, 29.05740651, 96.00353364,  99.9
 34, 186, 29.05727445, 95.99882003,  99.9
 35, 186, 29.05714042, 95.99404231,  99.9
 36, 186, 29.05700440, 95.98919959,  99.9
 37, 186, 29.05686636, 95.98429100,  99.9
 38, 186, 29.05672625, 95.97931564,  99.9
 39, 186, 29.05658406, 95.97427259,  99.9
 40, 186, 29.05643973, 95.96916094,  99.9
 41, 186, 29.05629325, 95.96397976,  99.9
 42, 186, 29.05614458, 95.95872810,  99.9
 43, 186, 29.05599368, 95.95340500,  99.9
 44, 186, 29.05584051, 95.94800950,  99.9
 45, 186, 29.05568504, 95.94254059,  99.9
 46, 186, 29.05552723, 95.93699730,  99.9
 47, 186, 29.05536704, 95.93137860,  99.9
 48, 186, 29.05520444, 95.92568347,  99.9
 49, 186, 29.05503938, 95.91991088,  99.9
 50, 186, 29.05487183, 95.91405976,  99.9
 51, 186, 29.05470175, 95.90812905,  99.9
 52, 186, 29.05452908, 95.90211767,  99.9
 53, 186, 29.05435380, 95.89602452,  99.9
 54, 186, 29.05417585, 95.88984849,  99.9
 55, 186, 29.05399519, 95.88358845,  99.9
 56, 186, 29.05381179, 95.87724326,  99.9
 57, 186, 29.05362559, 95.87081176,  99.9
 58, 186, 29.05343654, 95.86429278,  99.9
 59, 186, 29.05324461, 95.85768513,  99.9
 60, 186, 29.05304974, 95.85098760,  99.9
 61, 186, 29.05285188, 95.84419897,  99.9
 62, 186, 29.05265098, 95.83731800,  99.9
 63, 186, 29.05244700, 95.83034345,  99.9
 64, 186, 29.05223988, 95.82327402,  99.9
 65, 186, 29.05202956, 95.81610844,  99.9
 66, 186, 29.05181600, 95.80884540,  99.9
 67, 186, 29.05159914, 95.80148357,  99.9
 68, 186, 29.05137892, 95.79402161,  99.9
 69, 186, 29.05115529, 95.78645815,  99.9
 70, 186, 29.05092819, 95.77879183,  99.9
 71, 186, 29.05069757, 95.77102123,  99.9
 72, 186, 29.05046335, 95.76314494,  99.9
 73, 186, 29.05022548, 95.75516153,  99.9
 74, 186, 29.04998389, 95.74706954,  99.9
 75, 186, 29.04973854, 95.73886749,  99.9
 76, 186, 29.04948933, 95.73055389,  99.9
 77, 186, 29.04923623, 95.72212722,  99.9
 78, 186, 29.04897914, 95.71358594,  99.9
 79, 186, 29.04871802, 95.70492849,  99.9
 80, 186, 29.04845278, 95.69615330,  99.9
 81, 186, 29.04818335, 95.68725877,  99.9
 82, 186, 29.04790967, 95.67824327,  99.9
 83, 186, 29.04763166, 95.66910516,   2.9
 84, 186, 29.04734923, 95.65984277,   2.8
 85, 186, 29.04706233, 95.65045441,   2.7
 86, 186, 29.04677086, 95.64093838,   2.7
 87, 186, 29.04647475, 95.63129293,   2.7
 88, 186, 29.04617392, 95.62151630,   2.8
 89, 186, 29.04586827, 95.61160673,  99.9
 90, 186, 29.04555774, 95.60156238,  99.9
 91, 186, 29.04524222, 95.59138145,  99.9
 92, 186, 29.04492164, 95.58106206,  99.9
 93, 186, 29.04459590, 95.57060234,  99.9
 94, 186, 29.04426490, 95.56000039,  99.9
 95, 186, 29.04392857, 95.54925426,  99.9
 96, 186, 29.04358679, 95.53836200,   2.5
 97, 186, 29.04323948, 95.52732162,  99.9
 98, 186, 29.04288653, 95.51613111,  99.9
 99, 186, 29.04252784, 95.50478843,  99.9
100, 186, 29.04216332, 95.49329152,  99.9
101, 186, 29.04179284, 95.48163827,  99.9
102, 186, 29.04141630, 95.46982657,  99.9
103, 186, 29.04103360, 95.45785426,  99.9
104, 186, 29.04064462, 95.44571915,  99.9
105, 186, 29.04024925, 95.43341904,  99.9
106, 186, 29.03984737, 95.42095169,  99.9
107, 186, 29.03943886, 95.40831482,  99.9
108, 186, 29.03902359, 95.39550613,  99.9
109, 186, 29.03860145, 95.38252329,   2.8
110, 186, 29.03817231, 95.36936393,   2.8
111, 186, 29.03773603, 95.35602565,  99.9
112, 186, 29.03729249, 95.34250602,  99.9
113, 186, 29.03684154, 95.32880258,  99.9
114, 186, 29.03638306, 95.31491284,   3.0
115, 186, 29.03591689, 95.30083426,   3.2
116, 186, 29.03544291, 95.28656428,   3.5
117, 186, 29.03496095, 95.27210030,   3.5
118, 186, 29.03447087, 95.25743968,   3.6
119, 186, 29.03397251, 95.24257976,   3.6
120, 186, 29.03346573, 95.22751782,   3.6
121, 186, 29.03295035, 95.21225113,   3.7
122, 186, 29.03242622, 95.19677691,   3.7
123, 186, 29.03189317, 95.18109233,   4.3
124, 186, 29.03135102, 95.16519455,   4.3
125, 186, 29.03079962, 95.14908066,   4.2
126, 186, 29.03023877, 95.13274773,   4.2
127, 186, 29.02966829, 95.11619280,   4.2
128, 186, 29.02908801, 95.09941284,   4.1
129, 186, 29.02849772, 95.08240481,   4.1
130, 186, 29.02789725, 95.06516560,   4.1
131, 186, 29.02728638, 95.04769209,   4.0
132, 186, 29.02666492, 95.02998108,   4.0
133, 186, 29.02603266, 95.01202936,   4.0
134, 186, 29.02538939, 94.99383366,   3.9
135, 186, 29.02473490, 94.97539066,   3.9
136, 186, 29.02406895, 94.95669703,   3.9
137, 186, 29.02339134, 94.93774934,   3.8
138, 186, 29.02270183, 94.91854417,   3.8
139, 186, 29.02200018, 94.89907801,   3.8
140, 186, 29.02128615, 94.87934732,   3.8
141, 186, 29.02055950, 94.85934852,   3.8
142, 186, 29.01981997, 94.83907797,   3.7
143, 186, 29.01906732, 94.81853198,   3.7
144, 186, 29.01830127, 94.79770682,   3.7
145, 186, 29.01752155, 94.77659870,   3.7
146, 186, 29.01672791, 94.75520379,   3.7
147, 186, 29.01592004, 94.73351820,   3.7
148, 186, 29.01509767, 94.71153798,   3.6
149, 186, 29.01426051, 94.68925915,   3.6
150, 186, 29.01340824, 94.66667765,   3.6
151, 186, 29.01254058, 94.64378938,   3.6
152, 186, 29.01165719, 94.62059019,   3.5
153, 186, 29.01075777, 94.59707586,   3.5
154, 186, 29.00984199, 94.57324212,   3.5
155, 186, 29.00890950, 94.54908464,   3.5
156, 186, 29.00795997, 94.52459904,   3.4
157, 186, 29.00699304, 94.49978086,   3.4
158, 186, 29.00600836, 94.47462562,   3.4
159, 186, 29.00500556, 94.44912874,   3.4
160, 186, 29.00398426, 94.42328559,   3.4
161, 186, 29.00294408, 94.39709148,   3.3
162, 186, 29.00188463, 94.37054167,   3.3
163, 186, 29.00080550, 94.34363133,   3.3
164, 186, 28.99970628, 94.31635559,   3.3
165, 186, 28.99858656, 94.28870950,   3.2
166, 186, 28.99744590, 94.26068804,   3.2
167, 186, 28.99628386, 94.23228615,   3.2
168, 186, 28.99509999, 94.20349866,   3.1
169, 186, 28.99389382, 94.17432036,   3.1
170, 186, 28.99266490, 94.14474597,   3.1
171, 186, 28.99141273, 94.11477013,   3.1
172, 186, 28.99013682, 94.08438741,   3.0
173, 186, 28.98883667, 94.05359230,   3.0
174, 186, 28.98751175, 94.02237923,   3.0
175, 186, 28.98616154, 93.99074256,   3.0
176, 186, 28.98478549, 93.95867654,   2.9
177, 186, 28.98338305, 93.92617539,   2.9
178, 186, 28.98195365, 93.89323322,   2.9
179, 186, 28.98049672, 93.85984408,   2.8
180, 186, 28.97901165, 93.82600192,   2.8
181, 186, 28.97749783, 93.79170062,   2.8
182, 186, 28.97595465, 93.75693399,   2.7
183, 186, 28.97438145, 93.72169574,   2.7
184, 186, 28.97277760, 93.68597951,   2.7
185, 186, 28.97114242, 93.64977885,   2.6
186, 186, 28.96947522, 93.61308721,   2.6
187, 186, 28.96777531, 93.57589798,   2.6
188, 186, 28.96604196, 93.53820444,   2.6
189, 186, 28.96427444, 93.49999978,   2.6
190, 186, 28.96247199, 93.46127713,   2.6
191, 186, 28.96063386, 93.42202949,   2.7
  1, 187, 29.06342805, 96.12509365,  99.9
  2, 187, 29.06338143, 96.12203365,  99.9
  3, 187, 29.06333410, 96.11893203,  99.9
  4, 187, 29.06328606, 96.11578820,  99.9
  5, 187, 29.06323729, 96.11260161,  99.9
  6, 187, 29.06318778, 96.10937166,  99.9
  7, 187, 29.06313752, 96.10609777,  99.9
  8, 187, 29.06308649, 96.10277934,  99.9
  9, 187, 29.06303469, 96.09941576,  99.9
 10, 187, 29.06298210, 96.09600641,  99.9
 11, 187, 29.06292870, 96.09255069,  99.9
 12, 187, 29.06287449, 96.08904795,  99.9
 13, 187, 29.06281945, 96.08549755,  99.9
 14, 187, 29.06276357, 96.08189885,  99.9
 15, 187, 29.06270683, 96.07825119,  99.9
 16, 187, 29.06264922, 96.07455391,  99.9
 17, 187, 29.06259072, 96.07080633,  99.9
 18, 187, 29.06253132, 96.06700775,  99.9
 19, 187, 29.06247101, 96.06315751,  99.9
 20, 187, 29.06240976, 96.05925487,  99.9
 21, 187, 29.06234757, 96.05529915,  99.9
 22, 187, 29.06228441, 96.05128961,  99.9
 23, 187, 29.06222027, 96.04722552,  99.9
 24, 187, 29.06215514, 96.04310614,  99.9
 25, 187, 29.06208900, 96.03893071,  99.9
 26, 187, 29.06202182, 96.03469848,  99.9
 27, 187, 29.06195360, 96.03040868,  99.9
 28, 187, 29.06188430, 96.02606051,  99.9
 29, 187, 29.06181393, 96.02165318,   2.2
 30, 187, 29.06174245, 96.01718590,   2.3
 31, 187, 29.06166985, 96.01265784,  99.9
 32, 187, 29.06159611, 96.00806818,  99.9
 33, 187, 29.06152121, 96.00341609,  99.9
 34, 187, 29.06144513, 95.99870070,  99.9
 35, 187, 29.06136784, 95.99392116,  99.9
 36, 187, 29.06128934, 95.98907660,  99.9
 37, 187, 29.06120959, 95.98416613,  99.9
 38, 187, 29.06112857, 95.97918886,  99.9
 39, 187, 29.06104627, 95.97414387,  99.9
 40, 187, 29.06096266, 95.96903025,  99.9
 41, 187, 29.06087771, 95.96384707,  99.9
 42, 187, 29.06079140, 95.95859337,  99.9
 43, 187, 29.06070372, 95.95326820,  99.9
 44, 187, 29.06061463, 95.94787059,  99.9
 45, 187, 29.06052411, 95.94239954,  99.9
 46, 187, 29.06043214, 95.93685407,  99.9
 47, 187, 29.06033868, 95.93123316,  99.9
 48, 187, 29.06024371, 95.92553578,  99.9
 49, 187, 29.06014721, 95.91976089,  99.9
 50, 187, 29.06004915, 95.91390745,  99.9
 51, 187, 29.05994950, 95.90797437,  99.9
 52, 187, 29.05984823, 95.90196058,  99.9
 53, 187, 29.05974531, 95.89586498,  99.9
 54, 187, 29.05964071, 95.88968646,  99.9
 55, 187, 29.05953440, 95.88342389,  99.9
 56, 187, 29.05942635, 95.87707612,  99.9
 57, 187, 29.05931653, 95.87064200,  99.9
 58, 187, 29.05920491, 95.86412035,  99.9
 59, 187, 29.05909145, 95.85750999,  99.9
 60, 187, 29.05897612, 95.85080970,  99.9
 61, 187, 29.05885888, 95.84401827,  99.9
 62, 187, 29.05873971, 95.83713444,  99.9
 63, 187, 29.05861856, 95.83015698,  99.9
 64, 187, 29.05849539, 95.82308460,  99.9
 65, 187, 29.05837018, 95.81591601,  99.9
 66, 187, 29.05824288, 95.80864991,  99.9
 67, 187, 29.05811345, 95.80128496,  99.9
 68, 187, 29.05798185, 95.79381983,  99.9
 69, 187, 29.05784805, 95.78625315,  99.9
 70, 187, 29.05771199, 95.77858354,  99.9
 71, 187, 29.05757365, 95.77080960,  99.9
 72, 187, 29.05743297, 95.76292992,  99.9
 73, 187, 29.05728991, 95.75494305,  99.9
 74, 187, 29.05714443, 95.74684753,  99.9
 75, 187, 29.05699648, 95.73864190,  99.9
 76, 187, 29.05684602, 95.73032465,  99.9
 77, 187, 29.05669299, 95.72189426,  99.9
 78, 187, 29.05653734, 95.71334920,  99.9
 79, 187, 29.05637903, 95.70468790,  99.9
 80, 187, 29.05621801, 95.69590879,  99.9
 81, 187, 29.05605422, 95.68701027,  99.9
 82, 187, 29.05588760, 95.67799070,  99.9
 83, 187, 29.05571812, 95.66884845,   2.9
 84, 187, 29.05554570, 95.65958185,  99.9
 85, 187, 29.05537029, 95.65018921,  99.9
 86, 187, 29.05519183, 95.64066880,  99.9
 87, 187, 29.05501027, 95.63101890,  99.9
 88, 187, 29.05482555, 95.62123775,  99.9
 89, 187, 29.05463759, 95.61132356,  99.9
 90, 187, 29.05444634, 95.60127452,  99.9
 91, 187, 29.05425174, 95.59108880,  99.9
 92, 187, 29.05405371, 95.58076453,  99.9
 93, 187, 29.05385219, 95.57029985,  99.9
 94, 187, 29.05364710, 95.55969283,   2.5
 95, 187, 29.05343839, 95.54894155,   2.5
 96, 187, 29.05322597, 95.53804404,   2.5
 97, 187, 29.05300978, 95.52699831,  99.9
 98, 187, 29.05278972, 95.51580235,  99.9
 99, 187, 29.05256574, 95.50445413,  99.9
100, 187, 29.05233775, 95.49295155,  99.9
101, 187, 29.05210566, 95.48129254,  99.9
102, 187, 29.05186940, 95.46947496,  99.9
103, 187, 29.05162889, 95.45749666,  99.9
104, 187, 29.05138402, 95.44535546,   2.7
105, 187, 29.05113473, 95.43304913,   2.6
106, 187, 29.05088090, 95.42057544,   2.6
107, 187, 29.05062246, 95.40793211,   2.6
108, 187, 29.05035931, 95.39511684,   2.7
109, 187, 29.05009135, 95.38212729,   2.8
110, 187, 29.04981848, 95.36896108,  99.9
111, 187, 29.04954061, 95.35561583,  99.9
112, 187, 29.04925762, 95.34208909,  99.9
113, 187, 29.04896941, 95.32837841,   3.2
114, 187, 29.04867588, 95.31448128,   3.3
115, 187, 29.04837690, 95.30039516,   3.3
116, 187, 29.04807238, 95.28611750,   3.4
117, 187, 29.04776219, 95.27164568,   3.5
118, 187, 29.04744621, 95.25697707,   3.6
119, 187, 29.04712432, 95.24210900,   3.6
120, 187, 29.04679640, 95.22703876,   3.6
121, 187, 29.04646232, 95.21176360,   3.6
122, 187, 29.04612195, 95.19628073,   3.6
123, 187, 29.04577516, 95.18058734,   3.6
124, 187, 29.04542181, 95.16468057,   3.6
125, 187, 29.04506176, 95.14855751,   4.3
126, 187, 29.04469486, 95.13221523,   4.3
127, 187, 29.04432098, 95.11565075,   4.2
128, 187, 29.04393996, 95.09886106,   4.2
129, 187, 29.04355165, 95.08184309,   4.1
130, 187, 29.04315588, 95.06459375,   4.1
131, 187, 29.04275251, 95.04710989,   4.1
132, 187, 29.04234137, 95.02938833,   4.0
133, 187, 29.04192228, 95.01142584,   4.0
134, 187, 29.04149508, 94.99321916,   4.0
135, 187, 29.04105959, 94.97476495,   4.0
136, 187, 29.04061563, 94.95605987,   3.9
137, 187, 29.04016301, 94.93710051,   3.9
138, 187, 29.03970155, 94.91788342,   3.9
139, 187, 29.03923105, 94.89840509,   3.8
140, 187, 29.03875131, 94.87866198,   3.8
141, 187, 29.03826213, 94.85865050,   3.8
142, 187, 29.03776330, 94.83836701,   3.8
143, 187, 29.03725460, 94.81780781,   3.8
144, 187, 29.03673583, 94.79696916,   3.8
145, 187, 29.03620676, 94.77584728,   3.7
146, 187, 29.03566715, 94.75443831,   3.7
147, 187, 29.03511677, 94.73273836,   3.7
148, 187, 29.03455539, 94.71074348,   3.7
149, 187, 29.03398275, 94.68844968,   3.7
150, 187, 29.03339861, 94.66585289,   3.6
151, 187, 29.03280270, 94.64294901,   3.6
152, 187, 29.03219477, 94.61973388,   3.6
153, 187, 29.03157454, 94.59620326,   3.6
154, 187, 29.03094173, 94.57235289,   3.5
155, 187, 29.03029606, 94.54817843,   3.5
156, 187, 29.02963724, 94.52367547,   3.5
157, 187, 29.02896497, 94.49883958,   3.5
158, 187, 29.02827895, 94.47366623,   3.4
159, 187, 29.02757886, 94.44815084,   3.4
160, 187, 29.02686437, 94.42228880,   3.4
161, 187, 29.02613517, 94.39607538,   3.4
162, 187, 29.02539092, 94.36950584,   3.4
163, 187, 29.02463127, 94.34257535,   3.3
164, 187, 29.02385586, 94.31527901,   3.3
165, 187, 29.02306434, 94.28761187,   3.3
166, 187, 29.02225633, 94.25956891,   3.2
167, 187, 29.02143145, 94.23114504,   3.2
168, 187, 29.02058932, 94.20233509,   3.2
169, 187, 29.01972953, 94.17313383,   3.2
170, 187, 29.01885167, 94.14353598,   3.1
171, 187, 29.01795533, 94.11353616,   3.1
172, 187, 29.01704007, 94.08312892,   3.1
173, 187, 29.01610545, 94.05230876,   3.1
174, 187, 29.01515103, 94.02107007,   3.0
175, 187, 29.01417633, 93.98940721,   3.0
176, 187, 29.01318089, 93.95731443,   3.0
177, 187, 29.01216421, 93.92478591,   2.9
178, 187, 29.01112581, 93.89181576,   2.9
179, 187, 29.01006516, 93.85839800,   2.9
180, 187, 29.00898174, 93.82452659,   2.8
181, 187, 29.00787502, 93.79019538,   2.8
182, 187, 29.00674444, 93.75539817,   2.8
183, 187, 29.00558944, 93.72012864,   2.7
184, 187, 29.00440945, 93.68438043,   2.7
185, 187, 29.00320386, 93.64814705,   2.6
186, 187, 29.00197208, 93.61142196,   2.6
187, 187, 29.00071347, 93.57419852,   2.6
188, 187, 28.99942740, 93.53646998,   2.6
189, 187, 28.99811321, 93.49822953,   2.6
190, 187, 28.99677023, 93.45947027,   2.6
191, 187, 28.99539777, 93.42018518,   2.7
  1, 188, 29.06609883, 96.12506152,  99.9
  2, 188, 29.06608854, 96.12200101,  99.9
  3, 188, 29.06607805, 96.11889886,  99.9
  4, 188, 29.06606734, 96.11575450,  99.9
  5, 188, 29.06605641, 96.11256736,  99.9
  6, 188, 29.06604525, 96.10933686,  99.9
  7, 188, 29.06603387, 96.10606241,  99.9
  8, 188, 29.06602225, 96.10274340,  99.9
  9, 188, 29.06601039, 96.09937923,  99.9
 10, 188, 29.06599829, 96.09596930,  99.9
 11, 188, 29.06598593, 96.09251297,  99.9
 12, 188, 29.06597332, 96.08900961,  99.9
 13, 188, 29.06596044, 96.08545859,  99.9
 14, 188, 29.06594729, 96.08185925,  99.9
 15, 188, 29.06593387, 96.07821094,  99.9
 16, 188, 29.06592016, 96.07451299,  99.9
 17, 188, 29.06590617, 96.07076473,  99.9
 18, 188, 29.06589188, 96.06696548,  99.9
 19, 188, 29.06587728, 96.06311453,  99.9
 20, 188, 29.06586238, 96.05921118,  99.9
 21, 188, 29.06584716, 96.05525473,  99.9
 22, 188, 29.06583162, 96.05124445,  99.9
 23, 188, 29.06581574, 96.04717961,  99.9
 24, 188, 29.06579953, 96.04305946,  99.9
 25, 188, 29.06578297, 96.03888325,  99.9
 26, 188, 29.06576605, 96.03465023,  99.9
 27, 188, 29.06574877, 96.03035961,  99.9
 28, 188, 29.06573111, 96.02601062,  99.9
 29, 188, 29.06571308, 96.02160245,   2.3
 30, 188, 29.06569465, 96.01713431,   2.3
 31, 188, 29.06567582, 96.01260538,  99.9
 32, 188, 29.06565658, 96.00801483,  99.9
 33, 188, 29.06563693, 96.00336182,  99.9
 34, 188, 29.06561684, 95.99864551,  99.9
 35, 188, 29.06559631, 95.99386502,  99.9
 36, 188, 29.06557534, 95.98901950,  99.9
 37, 188, 29.06555390, 95.98410805,  99.9
 38, 188, 29.06553199, 95.97912978,  99.9
 39, 188, 29.06550960, 95.97408378,  99.9
 40, 188, 29.06548671, 95.96896913,  99.9
 41, 188, 29.06546331, 95.96378488,  99.9
 42, 188, 29.06543940, 95.95853011,  99.9
 43, 188, 29.06541495, 95.95320384,  99.9
 44, 188, 29.06538996, 95.94780511,  99.9
 45, 188, 29.06536441, 95.94233292,  99.9
 46, 188, 29.06533829, 95.93678628,  99.9
 47, 188, 29.06531158, 95.93116418,  99.9
 48, 188, 29.06528427, 95.92546559,  99.9
 49, 188, 29.06525635, 95.91968947,  99.9
 50, 188, 29.06522780, 95.91383477,  99.9
 51, 188, 29.06519860, 95.90790040,  99.9
 52, 188, 29.06516874, 95.90188530,  99.9
 53, 188, 29.06513821, 95.89578837,  99.9
 54, 188, 29.06510698, 95.88960848,  99.9
 55, 188, 29.06507504, 95.88334452,  99.9
 56, 188, 29.06504238, 95.87699533,  99.9
 57, 188, 29.06500896, 95.87055977,  99.9
 58, 188, 29.06497479, 95.86403664,  99.9
 59, 188, 29.06493983, 95.85742477,  99.9
 60, 188, 29.06490406, 95.85072295,  99.9
 61, 188, 29.06486748, 95.84392995,  99.9
 62, 188, 29.06483005, 95.83704453,  99.9
 63, 188, 29.06479175, 95.83006543,  99.9
 64, 188, 29.06475257, 95.82299138,  99.9
 65, 188, 29.06471249, 95.81582109,  99.9
 66, 188, 29.06467147, 95.80855326,  99.9
 67, 188, 29.06462950, 95.80118654,  99.9
 68, 188, 29.06458655, 95.79371960,  99.9
 69, 188, 29.06454261, 95.78615108,  99.9
 70, 188, 29.06449763, 95.77847958,  99.9
 71, 188, 29.06445160, 95.77070372,  99.9
 72, 188, 29.06440450, 95.76282208,  99.9
 73, 188, 29.06435629, 95.75483320,  99.9
 74, 188, 29.06430694, 95.74673564,  99.9
 75, 188, 29.06425643, 95.73852792,  99.9
 76, 188, 29.06420473, 95.73020854,  99.9
 77, 188, 29.06415181, 95.72177597,  99.9
 78, 188, 29.06409764, 95.71322869,  99.9
 79, 188, 29.06404219, 95.70456512,  99.9
 80, 188, 29.06398542, 95.69578369,  99.9
 81, 188, 29.06392729, 95.68688280,  99.9
 82, 188, 29.06386779, 95.67786082,  99.9
 83, 188, 29.06380687, 95.66871610,   2.9
 84, 188, 29.06374449, 95.65944698,  99.9
 85, 188, 29.06368062, 95.65005176,  99.9
 86, 188, 29.06361522, 95.64052872,  99.9
 87, 188, 29.06354825, 95.63087613,  99.9
 88, 188, 29.06347968, 95.62109223,  99.9
 89, 188, 29.06340945, 95.61117524,  99.9
 90, 188, 29.06333753, 95.60112333,  99.9
 91, 188, 29.06326388, 95.59093468,  99.9
 92, 188, 29.06318845, 95.58060742,  99.9
 93, 188, 29.06311120, 95.57013968,   2.6
 94, 188, 29.06303207, 95.55952954,   2.6
 95, 188, 29.06295103, 95.54877507,  99.9
 96, 188, 29.06286802, 95.53787429,  99.9
 97, 188, 29.06278299, 95.52682523,  99.9
 98, 188, 29.06269589, 95.51562587,  99.9
 99, 188, 29.06260666, 95.50427415,  99.9
100, 188, 29.06251526, 95.49276802,  99.9
101, 188, 29.06242162, 95.48110537,  99.9
102, 188, 29.06232569, 95.46928407,   2.8
103, 188, 29.06222741, 95.45730197,   2.8
104, 188, 29.06212672, 95.44515688,   2.7
105, 188, 29.06202356, 95.43284658,  99.9
106, 188, 29.06191786, 95.42036883,  99.9
107, 188, 29.06180955, 95.40772134,  99.9
108, 188, 29.06169858, 95.39490182,  99.9
109, 188, 29.06158487, 95.38190793,  99.9
110, 188, 29.06146834, 95.36873728,  99.9
111, 188, 29.06134893, 95.35538749,  99.9
112, 188, 29.06122657, 95.34185611,   3.1
113, 188, 29.06110117, 95.32814068,   3.1
114, 188, 29.06097265, 95.31423869,   3.2
115, 188, 29.06084094, 95.30014760,   3.2
116, 188, 29.06070596, 95.28586486,  99.9
117, 188, 29.06056761, 95.27138785,   3.4
118, 188, 29.06042581, 95.25671393,   3.5
119, 188, 29.06028047, 95.24184042,   3.6
120, 188, 29.06013150, 95.22676462,   3.6
121, 188, 29.05997880, 95.21148376,   3.5
122, 188, 29.05982228, 95.19599508,   3.6
123, 188, 29.05966183, 95.18029573,   3.6
124, 188, 29.05949735, 95.16438286,   3.5
125, 188, 29.05932875, 95.14825357,   3.5
126, 188, 29.05915590, 95.13190492,   4.3
127, 188, 29.05897870, 95.11533391,   4.3
128, 188, 29.05879704, 95.09853754,   4.2
129, 188, 29.05861079, 95.08151274,   4.2
130, 188, 29.05841985, 95.06425641,   4.2
131, 188, 29.05822407, 95.04676539,   4.1
132, 188, 29.05802335, 95.02903651,   4.1
133, 188, 29.05781754, 95.01106653,   4.1
134, 188, 29.05760652, 94.99285217,   4.0
135, 188, 29.05739014, 94.97439011,   4.0
136, 188, 29.05716827, 94.95567699,   4.0
137, 188, 29.05694077, 94.93670940,   3.9
138, 188, 29.05670747, 94.91748389,   3.9
139, 188, 29.05646824, 94.89799694,   3.9
140, 188, 29.05622291, 94.87824501,   3.9
141, 188, 29.05597133, 94.85822449,   3.9
142, 188, 29.05571333, 94.83793175,   3.8
143, 188, 29.05544873, 94.81736308,   3.8
144, 188, 29.05517737, 94.79651474,   3.8
145, 188, 29.05489907, 94.77538292,   3.8
146, 188, 29.05461364, 94.75396379,   3.8
147, 188, 29.05432090, 94.73225343,   3.7
148, 188, 29.05402065, 94.71024790,   3.7
149, 188, 29.05371269, 94.68794318,   3.7
150, 188, 29.05339682, 94.66533522,   3.7
151, 188, 29.05307283, 94.64241990,   3.7
152, 188, 29.05274051, 94.61919304,   3.6
153, 188, 29.05239963, 94.59565042,   3.6
154, 188, 29.05204997, 94.57178775,   3.6
155, 188, 29.05169129, 94.54760070,   3.6
156, 188, 29.05132336, 94.52308484,   3.5
157, 188, 29.05094593, 94.49823574,   3.5
158, 188, 29.05055874, 94.47304885,   3.5
159, 188, 29.05016155, 94.44751961,   3.5
160, 188, 29.04975407, 94.42164336,   3.4
161, 188, 29.04933605, 94.39541540,   3.4
162, 188, 29.04890720, 94.36883096,   3.4
163, 188, 29.04846722, 94.34188520,   3.4
164, 188, 29.04801583, 94.31457322,   3.3
165, 188, 29.04755273, 94.28689006,   3.3
166, 188, 29.04707759, 94.25883069,   3.3
167, 188, 29.04659010, 94.23038999,   3.3
168, 188, 29.04608994, 94.20156281,   3.2
169, 188, 29.04557675, 94.17234390,   3.2
170, 188, 29.04505020, 94.14272795,   3.2
171, 188, 29.04450993, 94.11270958,   3.1
172, 188, 29.04395558, 94.08228335,   3.1
173, 188, 29.04338676, 94.05144371,   3.1
174, 188, 29.04280309, 94.02018508,   3.1
175, 188, 29.04220418, 93.98850177,   3.0
176, 188, 29.04158962, 93.95638804,   3.0
177, 188, 29.04095899, 93.92383805,   3.0
178, 188, 29.04031186, 93.89084589,   2.9
179, 188, 29.03964779, 93.85740557,   2.9
180, 188, 29.03896633, 93.82351104,   2.9
181, 188, 29.03826702, 93.78915614,   2.8
182, 188, 29.03754937, 93.75433464,   2.8
183, 188, 29.03681289, 93.71904022,   2.7
184, 188, 29.03605709, 93.68326649,   2.7
185, 188, 29.03528144, 93.64700696,   2.7
186, 188, 29.03448541, 93.61025506,   2.6
187, 188, 29.03366847, 93.57300413,   2.6
188, 188, 29.03283004, 93.53524742,   2.6
189, 188, 29.03196956, 93.49697809,   2.6
190, 188, 29.03108643, 93.45818922,   2.6
191, 188, 29.03018004, 93.41887377,   2.7
  1, 189, 29.06876973, 96.12507047,  99.9
  2, 189, 29.06879579, 96.12201001,  99.9
  3, 189, 29.06882213, 96.11890790,  99.9
  4, 189, 29.06884876, 96.11576358,  99.9
  5, 189, 29.06887567, 96.11257648,  99.9
  6, 189, 29.06890288, 96.10934601,  99.9
  7, 189, 29.06893038, 96.10607159,  99.9
  8, 189, 29.06895817, 96.10275262,  99.9
  9, 189, 29.06898625, 96.09938848,  99.9
 10, 189, 29.06901464, 96.09597858,  99.9
 11, 189, 29.06904332, 96.09252227,  99.9
 12, 189, 29.06907231, 96.08901894,  99.9
 13, 189, 29.06910159, 96.08546793,  99.9
 14, 189, 29.06913118, 96.08186862,  99.9
 15, 189, 29.06916108, 96.07822032,  99.9
 16, 189, 29.06919129, 96.07452239,  99.9
 17, 189, 29.06922180, 96.07077414,  99.9
 18, 189, 29.06925262, 96.06697489,  99.9
 19, 189, 29.06928375, 96.06312394,  99.9
 20, 189, 29.06931520, 96.05922060,  99.9
 21, 189, 29.06934696, 96.05526414,  99.9
 22, 189, 29.06937904, 96.05125386,  99.9
 23, 189, 29.06941143, 96.04718900,  99.9
 24, 189, 29.06944414, 96.04306884,  99.9
 25, 189, 29.06947716, 96.03889261,  99.9
 26, 189, 29.06951051, 96.03465957,  99.9
 27, 189, 29.06954417, 96.03036892,  99.9
 28, 189, 29.06957816, 96.02601989,  99.9
 29, 189, 29.06961246, 96.02161169,   2.3
 30, 189, 29.06964709, 96.01714351,   2.3
 31, 189, 29.06968204, 96.01261453,  99.9
 32, 189, 29.06971731, 96.00802393,  99.9
 33, 189, 29.06975290, 96.00337086,  99.9
 34, 189, 29.06978882, 95.99865448,  99.9
 35, 189, 29.06982506, 95.99387393,  99.9
 36, 189, 29.06986162, 95.98902833,  99.9
 37, 189, 29.06989850, 95.98411680,  99.9
 38, 189, 29.06993570, 95.97913844,  99.9
 39, 189, 29.06997322, 95.97409234,  99.9
 40, 189, 29.07001107, 95.96897758,  99.9
 41, 189, 29.07004923, 95.96379323,  99.9
 42, 189, 29.07008771, 95.95853834,  99.9
 43, 189, 29.07012651, 95.95321194,  99.9
 44, 189, 29.07016562, 95.94781307,  99.9
 45, 189, 29.07020505, 95.94234075,  99.9
 46, 189, 29.07024479, 95.93679396,  99.9
 47, 189, 29.07028484, 95.93117170,  99.9
 48, 189, 29.07032519, 95.92547293,  99.9
 49, 189, 29.07036586, 95.91969663,  99.9
 50, 189, 29.07040683, 95.91384173,  99.9
 51, 189, 29.07044809, 95.90790717,  99.9
 52, 189, 29.07048966, 95.90189186,  99.9
 53, 189, 29.07053152, 95.89579470,  99.9
 54, 189, 29.07057367, 95.88961458,  99.9
 55, 189, 29.07061611, 95.88335037,  99.9
 56, 189, 29.07065884, 95.87700093,  99.9
 57, 189, 29.07070184, 95.87056509,  99.9
 58, 189, 29.07074512, 95.86404168,  99.9
 59, 189, 29.07078867, 95.85742951,  99.9
 60, 189, 29.07083248, 95.85072737,  99.9
 61, 189, 29.07087656, 95.84393404,  99.9
 62, 189, 29.07092088, 95.83704828,  99.9
 63, 189, 29.07096546, 95.83006882,  99.9
 64, 189, 29.07101028, 95.82299440,  99.9
 65, 189, 29.07105533, 95.81582372,  99.9
 66, 189, 29.07110062, 95.80855548,  99.9
 67, 189, 29.07114612, 95.80118834,  99.9
 68, 189, 29.07119183, 95.79372095,  99.9
 69, 189, 29.07123775, 95.78615197,  99.9
 70, 189, 29.07128387, 95.77847999,  99.9
 71, 189, 29.07133017, 95.77070363,  99.9
 72, 189, 29.07137665, 95.76282146,  99.9
 73, 189, 29.07142330, 95.75483204,  99.9
 74, 189, 29.07147011, 95.74673391,  99.9
 75, 189, 29.07151706, 95.73852560,  99.9
 76, 189, 29.07156414, 95.73020560,  99.9
 77, 189, 29.07161135, 95.72177240,  99.9
 78, 189, 29.07165867, 95.71322445,  99.9
 79, 189, 29.07170608, 95.70456020,  99.9
 80, 189, 29.07175358, 95.69577806,  99.9
 81, 189, 29.07180115, 95.68687642,  99.9
 82, 189, 29.07184877, 95.67785367,   3.0
 83, 189, 29.07189643, 95.66870815,   2.9
 84, 189, 29.07194411, 95.65943820,  99.9
 85, 189, 29.07199180, 95.65004211,  99.9
 86, 189, 29.07203948, 95.64051818,  99.9
 87, 189, 29.07208712, 95.63086467,  99.9
 88, 189, 29.07213472, 95.62107981,  99.9
 89, 189, 29.07218224, 95.61116182,  99.9
 90, 189, 29.07222968, 95.60110888,  99.9
 91, 189, 29.07227701, 95.59091916,  99.9
 92, 189, 29.07232420, 95.58059080,  99.9
 93, 189, 29.07237124, 95.57012191,   2.6
 94, 189, 29.07241810, 95.55951058,  99.9
 95, 189, 29.07246475, 95.54875488,  99.9
 96, 189, 29.07251117, 95.53785283,  99.9
 97, 189, 29.07255733, 95.52680245,  99.9
 98, 189, 29.07260321, 95.51560172,  99.9
 99, 189, 29.07264877, 95.50424860,  99.9
100, 189, 29.07269399, 95.49274100,  99.9
101, 189, 29.07273883, 95.48107684,  99.9
102, 189, 29.07278326, 95.46925398,   2.7
103, 189, 29.07282725, 95.45727026,  99.9
104, 189, 29.07287077, 95.44512350,  99.9
105, 189, 29.07291377, 95.43281147,  99.9
106, 189, 29.07295622, 95.42033193,   3.4
107, 189, 29.07299809, 95.40768261,  99.9
108, 189, 29.07303933, 95.39486118,  99.9
109, 189, 29.07307989, 95.38186531,  99.9
110, 189, 29.07311975, 95.36869263,  99.9
111, 189, 29.07315885, 95.35534073,   3.3
112, 189, 29.07319714, 95.34180717,   3.2
113, 189, 29.07323459, 95.32808949,  99.9
114, 189, 29.07327114, 95.31418518,  99.9
115, 189, 29.07330674, 95.30009171,  99.9
116, 189, 29.07334133, 95.28580649,  99.9
117, 189, 29.07337487, 95.27132692,  99.9
118, 189, 29.07340730, 95.25665036,   3.5
119, 189, 29.07343855, 95.24177413,   3.6
120, 189, 29.07346858, 95.22669551,   3.6
121, 189, 29.07349731, 95.21141176,   3.5
122, 189, 29.07352468, 95.19592008,   3.5
123, 189, 29.07355063, 95.18021764,   3.5
124, 189, 29.07357509, 95.16430158,   3.5
125, 189, 29.07359798, 95.14816900,   3.5
126, 189, 29.07361924, 95.13181694,   3.4
127, 189, 29.07363878, 95.11524244,   4.3
128, 189, 29.07365654, 95.09844245,   4.3
129, 189, 29.07367242, 95.08141392,   4.3
130, 189, 29.07368635, 95.06415374,   4.2
131, 189, 29.07369824, 95.04665876,   4.2
132, 189, 29.07370800, 95.02892578,   4.2
133, 189, 29.07371554, 95.01095158,   4.1
134, 189, 29.07372076, 94.99273286,   4.1
135, 189, 29.07372358, 94.97426632,   4.1
136, 189, 29.07372387, 94.95554858,   4.0
137, 189, 29.07372155, 94.93657622,   4.0
138, 189, 29.07371650, 94.91734578,   4.0
139, 189, 29.07370862, 94.89785377,   3.9
140, 189, 29.07369778, 94.87809661,   3.9
141, 189, 29.07368388, 94.85807071,   3.9
142, 189, 29.07366679, 94.83777241,   3.9
143, 189, 29.07364638, 94.81719802,   3.9
144, 189, 29.07362252, 94.79634378,   3.8
145, 189, 29.07359508, 94.77520589,   3.8
146, 189, 29.07356393, 94.75378049,   3.8
147, 189, 29.07352892, 94.73206367,   3.8
148, 189, 29.07348990, 94.71005149,   3.8
149, 189, 29.07344672, 94.68773992,   3.7
150, 189, 29.07339923, 94.66512490,   3.7
151, 189, 29.07334727, 94.64220230,   3.7
152, 189, 29.07329067, 94.61896795,   3.7
153, 189, 29.07322926, 94.59541761,   3.7
154, 189, 29.07316286, 94.57154700,   3.6
155, 189, 29.07309129, 94.54735175,   3.6
156, 189, 29.07301437, 94.52282746,   3.6
157, 189, 29.07293190, 94.49796966,   3.6
158, 189, 29.07284368, 94.47277383,   3.5
159, 189, 29.07274952, 94.44723537,   3.5
160, 189, 29.07264919, 94.42134963,   3.5
161, 189, 29.07254248, 94.39511189,   3.5
162, 189, 29.07242917, 94.36851738,   3.4
163, 189, 29.07230902, 94.34156126,   3.4
164, 189, 29.07218181, 94.31423861,   3.4
165, 189, 29.07204727, 94.28654446,   3.4
166, 189, 29.07190517, 94.25847376,   3.3
167, 189, 29.07175523, 94.23002142,   3.3
168, 189, 29.07159720, 94.20118224,   3.3
169, 189, 29.07143079, 94.17195098,   3.2
170, 189, 29.07125573, 94.14232232,   3.2
171, 189, 29.07107171, 94.11229087,   3.2
172, 189, 29.07087845, 94.08185116,   3.2
173, 189, 29.07067562, 94.05099766,   3.1
174, 189, 29.07046291, 94.01972475,   3.1
175, 189, 29.07023998, 93.98802675,   3.1
176, 189, 29.07000651, 93.95589789,   3.0
177, 189, 29.06976214, 93.92333233,   3.0
178, 189, 29.06950651, 93.89032415,   3.0
179, 189, 29.06923924, 93.85686735,   2.9
180, 189, 29.06895997, 93.82295585,   2.9
181, 189, 29.06866830, 93.78858349,   2.8
182, 189, 29.06836381, 93.75374401,   2.8
183, 189, 29.06804611, 93.71843110,   2.8
184, 189, 29.06771475, 93.68263834,   2.7
185, 189, 29.06736930, 93.64635922,   2.7
186, 189, 29.06700931, 93.60958717,   2.6
187, 189, 29.06663430, 93.57231550,   2.6
188, 189, 29.06624380, 93.53453746,   2.6
189, 189, 29.06583732, 93.49624618,   2.6
190, 189, 29.06541433, 93.45743472,   2.6
191, 189, 29.06497433, 93.41809603,   2.7
  1, 190, 29.07144029, 96.12512051,  99.9
  2, 190, 29.07150268, 96.12206064,  99.9
  3, 190, 29.07156586, 96.11895914,  99.9
  4, 190, 29.07162981, 96.11581544,  99.9
  5, 190, 29.07169457, 96.11262896,  99.9
  6, 190, 29.07176013, 96.10939912,  99.9
  7, 190, 29.07182651, 96.10612533,  99.9
  8, 190, 29.07189370, 96.10280700,  99.9
  9, 190, 29.07196173, 96.09944351,  99.9
 10, 190, 29.07203060, 96.09603425,  99.9
 11, 190, 29.07210032, 96.09257860,  99.9
 12, 190, 29.07217090, 96.08907593,  99.9
 13, 190, 29.07224235, 96.08552560,  99.9
 14, 190, 29.07231467, 96.08192696,  99.9
 15, 190, 29.07238789, 96.07827934,  99.9
 16, 190, 29.07246200, 96.07458210,  99.9
 17, 190, 29.07253701, 96.07083454,  99.9
 18, 190, 29.07261294, 96.06703599,  99.9
 19, 190, 29.07268980, 96.06318575,  99.9
 20, 190, 29.07276759, 96.05928312,  99.9
 21, 190, 29.07284632, 96.05532739,  99.9
 22, 190, 29.07292601, 96.05131783,  99.9
 23, 190, 29.07300667, 96.04725370,  99.9
 24, 190, 29.07308829, 96.04313428,  99.9
 25, 190, 29.07317090, 96.03895880,  99.9
 26, 190, 29.07325451, 96.03472650,  99.9
 27, 190, 29.07333912, 96.03043661,  99.9
 28, 190, 29.07342474, 96.02608834,  99.9
 29, 190, 29.07351138, 96.02168091,   2.3
 30, 190, 29.07359906, 96.01721350,   2.3
 31, 190, 29.07368778, 96.01268530,  99.9
 32, 190, 29.07377756, 96.00809548,  99.9
 33, 190, 29.07386839, 96.00344321,  99.9
 34, 190, 29.07396031, 95.99872763,  99.9
 35, 190, 29.07405330, 95.99394788,  99.9
 36, 190, 29.07414739, 95.98910309,  99.9
 37, 190, 29.07424259, 95.98419238,  99.9
 38, 190, 29.07433890, 95.97921484,  99.9
 39, 190, 29.07443634, 95.97416956,  99.9
 40, 190, 29.07453491, 95.96905564,  99.9
 41, 190, 29.07463462, 95.96387212,  99.9
 42, 190, 29.07473549, 95.95861807,  99.9
 43, 190, 29.07483753, 95.95329252,  99.9
 44, 190, 29.07494074, 95.94789450,  99.9
 45, 190, 29.07504514, 95.94242303,  99.9
 46, 190, 29.07515074, 95.93687710,  99.9
 47, 190, 29.07525754, 95.93125570,  99.9
 48, 190, 29.07536556, 95.92555781,  99.9
 49, 190, 29.07547481, 95.91978239,  99.9
 50, 190, 29.07558529, 95.91392837,  99.9
 51, 190, 29.07569702, 95.90799469,  99.9
 52, 190, 29.07581000, 95.90198026,  99.9
 53, 190, 29.07592426, 95.89588399,  99.9
 54, 190, 29.07603979, 95.88970477,  99.9
 55, 190, 29.07615660, 95.88344145,  99.9
 56, 190, 29.07627471, 95.87709291,  99.9
 57, 190, 29.07639413, 95.87065798,  99.9
 58, 190, 29.07651486, 95.86413547,  99.9
 59, 190, 29.07663691, 95.85752421,  99.9
 60, 190, 29.07676030, 95.85082299,  99.9
 61, 190, 29.07688503, 95.84403057,  99.9
 62, 190, 29.07701111, 95.83714572,  99.9
 63, 190, 29.07713855, 95.83016718,  99.9
 64, 190, 29.07726737, 95.82309368,  99.9
 65, 190, 29.07739756, 95.81592392,  99.9
 66, 190, 29.07752913, 95.80865659,  99.9
 67, 190, 29.07766211, 95.80129037,  99.9
 68, 190, 29.07779648, 95.79382391,  99.9
 69, 190, 29.07793227, 95.78625584,  99.9
 70, 190, 29.07806947, 95.77858478,  99.9
 71, 190, 29.07820810, 95.77080934,  99.9
 72, 190, 29.07834817, 95.76292808,  99.9
 73, 190, 29.07848967, 95.75493958,  99.9
 74, 190, 29.07863262, 95.74684236,  99.9
 75, 190, 29.07877703, 95.73863496,  99.9
 76, 190, 29.07892290, 95.73031587,  99.9
 77, 190, 29.07907023, 95.72188357,  99.9
 78, 190, 29.07921904, 95.71333652,  99.9
 79, 190, 29.07936932, 95.70467316,  99.9
 80, 190, 29.07952109, 95.69589191,  99.9
 81, 190, 29.07967434, 95.68699116,  99.9
 82, 190, 29.07982909, 95.67796928,   3.1
 83, 190, 29.07998533, 95.66882463,  99.9
 84, 190, 29.08014307, 95.65955554,  99.9
 85, 190, 29.08030232, 95.65016031,  99.9
 86, 190, 29.08046307, 95.64063723,  99.9
 87, 190, 29.08062532, 95.63098455,  99.9
 88, 190, 29.08078909, 95.62120052,  99.9
 89, 190, 29.08095437, 95.61128334,  99.9
 90, 190, 29.08112117, 95.60123121,  99.9
 91, 190, 29.08128947, 95.59104228,  99.9
 92, 190, 29.08145929, 95.58071470,   2.6
 93, 190, 29.08163062, 95.57024657,   2.6
 94, 190, 29.08180346, 95.55963599,  99.9
 95, 190, 29.08197781, 95.54888102,  99.9
 96, 190, 29.08215367, 95.53797969,  99.9
 97, 190, 29.08233103, 95.52693001,  99.9
 98, 190, 29.08250988, 95.51572996,  99.9
 99, 190, 29.08269024, 95.50437750,  99.9
100, 190, 29.08287208, 95.49287055,  99.9
101, 190, 29.08305540, 95.48120701,  99.9
102, 190, 29.08324020, 95.46938474,   2.6
103, 190, 29.08342647, 95.45740160,  99.9
104, 190, 29.08361419, 95.44525538,  99.9
105, 190, 29.08380337, 95.43294387,  99.9
106, 190, 29.08399398, 95.42046483,   3.2
107, 190, 29.08418602, 95.40781596,   3.2
108, 190, 29.08437948, 95.39499497,  99.9
109, 190, 29.08457434, 95.38199950,  99.9
110, 190, 29.08477058, 95.36882718,  99.9
111, 190, 29.08496820, 95.35547562,  99.9
112, 190, 29.08516717, 95.34194236,  99.9
113, 190, 29.08536747, 95.32822494,  99.9
114, 190, 29.08556909, 95.31432084,  99.9
115, 190, 29.08577201, 95.30022754,  99.9
116, 190, 29.08597620, 95.28594245,   3.4
117, 190, 29.08618164, 95.27146297,   3.4
118, 190, 29.08638831, 95.25678645,   3.5
119, 190, 29.08659617, 95.24191022,   3.6
120, 190, 29.08680520, 95.22683154,   3.6
121, 190, 29.08701538, 95.21154767,   3.5
122, 190, 29.08722667, 95.19605582,   3.5
123, 190, 29.08743903, 95.18035316,   3.5
124, 190, 29.08765244, 95.16443681,   3.5
125, 190, 29.08786685, 95.14830388,   3.4
126, 190, 29.08808224, 95.13195142,   3.4
127, 190, 29.08829855, 95.11537643,   3.4
128, 190, 29.08851574, 95.09857589,   4.4
129, 190, 29.08873378, 95.08154674,   4.3
130, 190, 29.08895261, 95.06428586,   4.3
131, 190, 29.08917219, 95.04679010,   4.3
132, 190, 29.08939246, 95.02905627,   4.2
133, 190, 29.08961338, 95.01108113,   4.2
134, 190, 29.08983488, 94.99286139,   4.2
135, 190, 29.09005690, 94.97439373,   4.1
136, 190, 29.09027940, 94.95567477,   4.1
137, 190, 29.09050230, 94.93670110,   4.1
138, 190, 29.09072553, 94.91746926,   4.0
139, 190, 29.09094903, 94.89797572,   4.0
140, 190, 29.09117273, 94.87821694,   4.0
141, 190, 29.09139655, 94.85818931,   3.9
142, 190, 29.09162040, 94.83788916,   3.9
143, 190, 29.09184422, 94.81731280,   3.9
144, 190, 29.09206791, 94.79645646,   3.9
145, 190, 29.09229139, 94.77531634,   3.9
146, 190, 29.09251456, 94.75388859,   3.8
147, 190, 29.09273733, 94.73216928,   3.8
148, 190, 29.09295959, 94.71015446,   3.8
149, 190, 29.09318125, 94.68784011,   3.8
150, 190, 29.09340220, 94.66522215,   3.8
151, 190, 29.09362232, 94.64229645,   3.7
152, 190, 29.09384150, 94.61905884,   3.7
153, 190, 29.09405961, 94.59550508,   3.7
154, 190, 29.09427654, 94.57163086,   3.7
155, 190, 29.09449215, 94.54743183,   3.7
156, 190, 29.09470631, 94.52290357,   3.6
157, 190, 29.09491888, 94.49804161,   3.6
158, 190, 29.09512971, 94.47284142,   3.6
159, 190, 29.09533865, 94.44729840,   3.6
160, 190, 29.09554554, 94.42140788,   3.5
161, 190, 29.09575024, 94.39516515,   3.5
162, 190, 29.09595255, 94.36856541,   3.5
163, 190, 29.09615232, 94.34160383,   3.5
164, 190, 29.09634937, 94.31427548,   3.4
165, 190, 29.09654350, 94.28657538,   3.4
166, 190, 29.09673453, 94.25849848,   3.4
167, 190, 29.09692225, 94.23003967,   3.4
168, 190, 29.09710645, 94.20119374,   3.3
169, 190, 29.09728694, 94.17195545,   3.3
170, 190, 29.09746347, 94.14231947,   3.3
171, 190, 29.09763583, 94.11228040,   3.2
172, 190, 29.09780377, 94.08183276,   3.2
173, 190, 29.09796706, 94.05097100,   3.2
174, 190, 29.09812543, 94.01968950,   3.1
175, 190, 29.09827863, 93.98798257,   3.1
176, 190, 29.09842638, 93.95584443,   3.1
177, 190, 29.09856841, 93.92326923,   3.0
178, 190, 29.09870442, 93.89025103,   3.0
179, 190, 29.09883412, 93.85678382,   3.0
180, 190, 29.09895719, 93.82286151,   2.9
181, 190, 29.09907332, 93.78847793,   2.9
182, 190, 29.09918217, 93.75362681,   2.8
183, 190, 29.09928341, 93.71830182,   2.8
184, 190, 29.09937668, 93.68249652,   2.7
185, 190, 29.09946162, 93.64620441,   2.7
186, 190, 29.09953784, 93.60941888,   2.6
187, 190, 29.09960497, 93.57213324,   2.6
188, 190, 29.09966261, 93.53434072,   2.6
189, 190, 29.09971032, 93.49603443,   2.6
190, 190, 29.09974770, 93.45720742,   2.6
191, 190, 29.09977430, 93.41785264,   2.7
  1, 191, 29.07411001, 96.12521162,  99.9
  2, 191, 29.07420873, 96.12215292,  99.9
  3, 191, 29.07430872, 96.11905259,  99.9
  4, 191, 29.07441000, 96.11591008,  99.9
  5, 191, 29.07451258, 96.11272480,  99.9
  6, 191, 29.07461649, 96.10949618,  99.9
  7, 191, 29.07472173, 96.10622362,  99.9
  8, 191, 29.07482832, 96.10290653,  99.9
  9, 191, 29.07493628, 96.09954430,  99.9
 10, 191, 29.07504563, 96.09613631,  99.9
 11, 191, 29.07515637, 96.09268195,  99.9
 12, 191, 29.07526853, 96.08918059,  99.9
 13, 191, 29.07538213, 96.08563157,  99.9
 14, 191, 29.07549718, 96.08203426,  99.9
 15, 191, 29.07561369, 96.07838800,  99.9
 16, 191, 29.07573170, 96.07469212,  99.9
 17, 191, 29.07585120, 96.07094594,  99.9
 18, 191, 29.07597223, 96.06714878,  99.9
 19, 191, 29.07609479, 96.06329996,  99.9
 20, 191, 29.07621892, 96.05939875,  99.9
 21, 191, 29.07634461, 96.05544446,  99.9
 22, 191, 29.07647190, 96.05143635,  99.9
 23, 191, 29.07660081, 96.04737370,  99.9
 24, 191, 29.07673134, 96.04325577,  99.9
 25, 191, 29.07686352, 96.03908179,  99.9
 26, 191, 29.07699737, 96.03485102,  99.9
 27, 191, 29.07713290, 96.03056267,   2.3
 28, 191, 29.07727015, 96.02621596,   2.3
 29, 191, 29.07740912, 96.02181010,   2.3
 30, 191, 29.07754983, 96.01734428,  99.9
 31, 191, 29.07769231, 96.01281769,  99.9
 32, 191, 29.07783657, 96.00822950,  99.9
 33, 191, 29.07798264, 96.00357886,  99.9
 34, 191, 29.07813054, 95.99886494,  99.9
 35, 191, 29.07828028, 95.99408687,  99.9
 36, 191, 29.07843189, 95.98924378,  99.9
 37, 191, 29.07858538, 95.98433477,  99.9
 38, 191, 29.07874079, 95.97935896,  99.9
 39, 191, 29.07889812, 95.97431544,  99.9
 40, 191, 29.07905740, 95.96920327,  99.9
 41, 191, 29.07921865, 95.96402154,  99.9
 42, 191, 29.07938190, 95.95876929,  99.9
 43, 191, 29.07954716, 95.95344556,  99.9
 44, 191, 29.07971446, 95.94804938,  99.9
 45, 191, 29.07988382, 95.94257976,  99.9
 46, 191, 29.08005525, 95.93703571,  99.9
 47, 191, 29.08022879, 95.93141621,  99.9
 48, 191, 29.08040445, 95.92572023,  99.9
 49, 191, 29.08058226, 95.91994673,  99.9
 50, 191, 29.08076224, 95.91409466,  99.9
 51, 191, 29.08094442, 95.90816295,  99.9
 52, 191, 29.08112880, 95.90215051,  99.9
 53, 191, 29.08131543, 95.89605624,  99.9
 54, 191, 29.08150432, 95.88987904,  99.9
 55, 191, 29.08169549, 95.88361777,  99.9
 56, 191, 29.08188897, 95.87727128,  99.9
 57, 191, 29.08208478, 95.87083843,  99.9
 58, 191, 29.08228294, 95.86431802,  99.9
 59, 191, 29.08248348, 95.85770888,  99.9
 60, 191, 29.08268643, 95.85100979,  99.9
 61, 191, 29.08289180, 95.84421953,  99.9
 62, 191, 29.08309961, 95.83733685,  99.9
 63, 191, 29.08330990, 95.83036050,  99.9
 64, 191, 29.08352269, 95.82328921,  99.9
 65, 191, 29.08373800, 95.81612168,  99.9
 66, 191, 29.08395585, 95.80885660,  99.9
 67, 191, 29.08417627, 95.80149264,  99.9
 68, 191, 29.08439929, 95.79402846,  99.9
 69, 191, 29.08462492, 95.78646270,  99.9
 70, 191, 29.08485319, 95.77879396,  99.9
 71, 191, 29.08508413, 95.77102085,  99.9
 72, 191, 29.08531776, 95.76314195,  99.9
 73, 191, 29.08555410, 95.75515582,  99.9
 74, 191, 29.08579318, 95.74706100,  99.9
 75, 191, 29.08603502, 95.73885601,  99.9
 76, 191, 29.08627965, 95.73053934,  99.9
 77, 191, 29.08652709, 95.72210949,  99.9
 78, 191, 29.08677737, 95.71356490,  99.9
 79, 191, 29.08703050, 95.70490401,  99.9
 80, 191, 29.08728651, 95.69612525,  99.9
 81, 191, 29.08754543, 95.68722701,  99.9
 82, 191, 29.08780728, 95.67820766,   3.2
 83, 191, 29.08807209, 95.66906555,   3.3
 84, 191, 29.08833987, 95.65979902,  99.9
 85, 191, 29.08861065, 95.65040636,  99.9
 86, 191, 29.08888445, 95.64088586,  99.9
 87, 191, 29.08916130, 95.63123579,  99.9
 88, 191, 29.08944122, 95.62145437,  99.9
 89, 191, 29.08972424, 95.61153982,   2.9
 90, 191, 29.09001036, 95.60149032,   2.8
 91, 191, 29.09029963, 95.59130405,   2.7
 92, 191, 29.09059205, 95.58097913,   2.6
 93, 191, 29.09088765, 95.57051368,  99.9
 94, 191, 29.09118645, 95.55990579,  99.9
 95, 191, 29.09148848, 95.54915352,  99.9
 96, 191, 29.09179375, 95.53825490,  99.9
 97, 191, 29.09210228, 95.52720794,  99.9
 98, 191, 29.09241410, 95.51601062,  99.9
 99, 191, 29.09272922, 95.50466089,  99.9
100, 191, 29.09304767, 95.49315668,  99.9
101, 191, 29.09336945, 95.48149589,  99.9
102, 191, 29.09369459, 95.46967638,   2.6
103, 191, 29.09402312, 95.45769600,  99.9
104, 191, 29.09435503, 95.44555255,  99.9
105, 191, 29.09469036, 95.43324381,  99.9
106, 191, 29.09502912, 95.42076753,  99.9
107, 191, 29.09537131, 95.40812144,   3.0
108, 191, 29.09571697, 95.39530322,  99.9
109, 191, 29.09606610, 95.38231053,  99.9
110, 191, 29.09641871, 95.36914099,  99.9
111, 191, 29.09677482, 95.35579219,  99.9
112, 191, 29.09713445, 95.34226170,  99.9
113, 191, 29.09749759, 95.32854704,  99.9
114, 191, 29.09786427, 95.31464571,  99.9
115, 191, 29.09823448, 95.30055516,   3.2
116, 191, 29.09860825, 95.28627281,   3.2
117, 191, 29.09898557, 95.27179606,  99.9
118, 191, 29.09936646, 95.25712226,  99.9
119, 191, 29.09975092, 95.24224873,   3.6
120, 191, 29.10013895, 95.22717275,   3.6
121, 191, 29.10053055, 95.21189156,   3.6
122, 191, 29.10092574, 95.19640237,   3.5
123, 191, 29.10132450, 95.18070235,   3.5
124, 191, 29.10172684, 95.16478863,   3.5
125, 191, 29.10213276, 95.14865830,   3.4
126, 191, 29.10254225, 95.13230841,   3.4
127, 191, 29.10295532, 95.11573596,   3.4
128, 191, 29.10337194, 95.09893795,   3.3
129, 191, 29.10379211, 95.08191128,   4.4
130, 191, 29.10421584, 95.06465286,   4.4
131, 191, 29.10464309, 95.04715952,   4.3
132, 191, 29.10507387, 95.02942807,   4.3
133, 191, 29.10550815, 95.01145527,   4.3
134, 191, 29.10594591, 94.99323782,   4.2
135, 191, 29.10638715, 94.97477242,   4.2
136, 191, 29.10683183, 94.95605567,   4.2
137, 191, 29.10727994, 94.93708415,   4.1
138, 191, 29.10773145, 94.91785441,   4.1
139, 191, 29.10818634, 94.89836292,   4.1
140, 191, 29.10864456, 94.87860612,   4.0
141, 191, 29.10910609, 94.85858041,   4.0
142, 191, 29.10957090, 94.83828212,   4.0
143, 191, 29.11003894, 94.81770754,   3.9
144, 191, 29.11051018, 94.79685291,   3.9
145, 191, 29.11098457, 94.77571443,   3.9
146, 191, 29.11146206, 94.75428823,   3.9
147, 191, 29.11194261, 94.73257039,   3.9
148, 191, 29.11242617, 94.71055695,   3.8
149, 191, 29.11291267, 94.68824388,   3.8
150, 191, 29.11340206, 94.66562712,   3.8
151, 191, 29.11389427, 94.64270251,   3.8
152, 191, 29.11438924, 94.61946588,   3.8
153, 191, 29.11488690, 94.59591299,   3.7
154, 191, 29.11538717, 94.57203952,   3.7
155, 191, 29.11588997, 94.54784112,   3.7
156, 191, 29.11639523, 94.52331337,   3.7
157, 191, 29.11690285, 94.49845179,   3.7
158, 191, 29.11741274, 94.47325184,   3.6
159, 191, 29.11792481, 94.44770890,   3.6
160, 191, 29.11843896, 94.42181833,   3.6
161, 191, 29.11895508, 94.39557539,   3.6
162, 191, 29.11947305, 94.36897528,   3.5
163, 191, 29.11999277, 94.34201316,   3.5
164, 191, 29.12051411, 94.31468410,   3.5
165, 191, 29.12103694, 94.28698310,   3.5
166, 191, 29.12156114, 94.25890511,   3.4
167, 191, 29.12208656, 94.23044501,   3.4
168, 191, 29.12261305, 94.20159760,   3.4
169, 191, 29.12314046, 94.17235761,   3.3
170, 191, 29.12366865, 94.14271971,   3.3
171, 191, 29.12419743, 94.11267848,   3.3
172, 191, 29.12472664, 94.08222845,   3.3
173, 191, 29.12525610, 94.05136406,   3.2
174, 191, 29.12578562, 94.02007968,   3.2
175, 191, 29.12631500, 93.98836959,   3.1
176, 191, 29.12684405, 93.95622802,   3.1
177, 191, 29.12737255, 93.92364910,   3.1
178, 191, 29.12790028, 93.89062689,   3.0
179, 191, 29.12842702, 93.85715537,   3.0
180, 191, 29.12895252, 93.82322843,   3.0
181, 191, 29.12947654, 93.78883988,   2.9
182, 191, 29.12999883, 93.75398347,   2.9
183, 191, 29.13051910, 93.71865282,   2.8
184, 191, 29.13103710, 93.68284151,   2.8
185, 191, 29.13155253, 93.64654300,   2.7
186, 191, 29.13206509, 93.60975068,   2.7
187, 191, 29.13257447, 93.57245786,   2.6
188, 191, 29.13308036, 93.53465772,   2.6
189, 191, 29.13358241, 93.49634339,   2.6
190, 191, 29.13408028, 93.45750789,   2.6
191, 191, 29.13457362, 93.41814415,   2.7
  1, 192, 29.07677840, 96.12534379,  99.9
  2, 192, 29.07691342, 96.12228681,  99.9
  3, 192, 29.07705022, 96.11918823,  99.9
  4, 192, 29.07718880, 96.11604747,  99.9
  5, 192, 29.07732920, 96.11286398,  99.9
  6, 192, 29.07747143, 96.10963716,  99.9
  7, 192, 29.07761552, 96.10636644,  99.9
  8, 192, 29.07776149, 96.10305119,  99.9
  9, 192, 29.07790936, 96.09969084,  99.9
 10, 192, 29.07805916, 96.09628475,  99.9
 11, 192, 29.07821091, 96.09283231,  99.9
 12, 192, 29.07836464, 96.08933289,  99.9
 13, 192, 29.07852036, 96.08578584,  99.9
 14, 192, 29.07867811, 96.08219052,  99.9
 15, 192, 29.07883791, 96.07854627,  99.9
 16, 192, 29.07899979, 96.07485243,  99.9
 17, 192, 29.07916376, 96.07110831,  99.9
 18, 192, 29.07932987, 96.06731325,  99.9
 19, 192, 29.07949812, 96.06346653,  99.9
 20, 192, 29.07966855, 96.05956747,  99.9
 21, 192, 29.07984119, 96.05561534,  99.9
 22, 192, 29.08001606, 96.05160942,  99.9
 23, 192, 29.08019319, 96.04754899,  99.9
 24, 192, 29.08037260, 96.04343330,  99.9
 25, 192, 29.08055433, 96.03926159,  99.9
 26, 192, 29.08073840, 96.03503311,  99.9
 27, 192, 29.08092485, 96.03074709,   2.3
 28, 192, 29.08111369, 96.02640273,  99.9
 29, 192, 29.08130496, 96.02199925,  99.9
 30, 192, 29.08149868, 96.01753583,  99.9
 31, 192, 29.08169490, 96.01301168,  99.9
 32, 192, 29.08189363, 96.00842595,  99.9
 33, 192, 29.08209490, 96.00377781,  99.9
 34, 192, 29.08229875, 95.99906640,  99.9
 35, 192, 29.08250522, 95.99429088,  99.9
 36, 192, 29.08271431, 95.98945037,  99.9
 37, 192, 29.08292608, 95.98454397,  99.9
 38, 192, 29.08314055, 95.97957080,  99.9
 39, 192, 29.08335775, 95.97452994,  99.9
 40, 192, 29.08357772, 95.96942048,  99.9
 41, 192, 29.08380049, 95.96424148,  99.9
 42, 192, 29.08402608, 95.95899199,  99.9
 43, 192, 29.08425454, 95.95367105,  99.9
 44, 192, 29.08448589, 95.94827769,  99.9
 45, 192, 29.08472018, 95.94281093,  99.9
 46, 192, 29.08495742, 95.93726977,  99.9
 47, 192, 29.08519767, 95.93165318,  99.9
 48, 192, 29.08544095, 95.92596015,  99.9
 49, 192, 29.08568730, 95.92018964,  99.9
 50, 192, 29.08593674, 95.91434059,  99.9
 51, 192, 29.08618933, 95.90841193,  99.9
 52, 192, 29.08644509, 95.90240257,  99.9
 53, 192, 29.08670406, 95.89631143,  99.9
 54, 192, 29.08696627, 95.89013737,  99.9
 55, 192, 29.08723177, 95.88387929,  99.9
 56, 192, 29.08750059, 95.87753603,  99.9
 57, 192, 29.08777276, 95.87110642,  99.9
 58, 192, 29.08804832, 95.86458931,  99.9
 59, 192, 29.08832732, 95.85798349,  99.9
 60, 192, 29.08860979, 95.85128776,  99.9
 61, 192, 29.08889576, 95.84450089,  99.9
 62, 192, 29.08918528, 95.83762165,  99.9
 63, 192, 29.08947838, 95.83064877,  99.9
 64, 192, 29.08977511, 95.82358097,  99.9
 65, 192, 29.09007550, 95.81641698,  99.9
 66, 192, 29.09037960, 95.80915548,  99.9
 67, 192, 29.09068743, 95.80179513,  99.9
 68, 192, 29.09099905, 95.79433460,  99.9
 69, 192, 29.09131449, 95.78677252,  99.9
 70, 192, 29.09163380, 95.77910751,  99.9
 71, 192, 29.09195701, 95.77133816,  99.9
 72, 192, 29.09228416, 95.76346306,  99.9
 73, 192, 29.09261531, 95.75548076,  99.9
 74, 192, 29.09295048, 95.74738981,  99.9
 75, 192, 29.09328972, 95.73918872,  99.9
 76, 192, 29.09363307, 95.73087600,  99.9
 77, 192, 29.09398057, 95.72245013,  99.9
 78, 192, 29.09433228, 95.71390956,  99.9
 79, 192, 29.09468822, 95.70525274,  99.9
 80, 192, 29.09504844, 95.69647808,  99.9
 81, 192, 29.09541299, 95.68758397,  99.9
 82, 192, 29.09578190, 95.67856880,  99.9
 83, 192, 29.09615523, 95.66943090,   3.4
 84, 192, 29.09653300, 95.66016861,  99.9
 85, 192, 29.09691528, 95.65078024,  99.9
 86, 192, 29.09730210, 95.64126407,  99.9
 87, 192, 29.09769350, 95.63161836,  99.9
 88, 192, 29.09808953, 95.62184134,  99.9
 89, 192, 29.09849023, 95.61193123,   3.1
 90, 192, 29.09889565, 95.60188622,  99.9
 91, 192, 29.09930583, 95.59170446,  99.9
 92, 192, 29.09972081, 95.58138409,  99.9
 93, 192, 29.10014064, 95.57092324,  99.9
 94, 192, 29.10056536, 95.56031997,  99.9
 95, 192, 29.10099502, 95.54957236,  99.9
 96, 192, 29.10142966, 95.53867844,  99.9
 97, 192, 29.10186932, 95.52763622,  99.9
 98, 192, 29.10231405, 95.51644368,  99.9
 99, 192, 29.10276390, 95.50509876,  99.9
100, 192, 29.10321890, 95.49359940,   2.8
101, 192, 29.10367910, 95.48194349,   2.6
102, 192, 29.10414454, 95.47012889,   2.7
103, 192, 29.10461527, 95.45815346,  99.9
104, 192, 29.10509133, 95.44601499,  99.9
105, 192, 29.10557276, 95.43371128,  99.9
106, 192, 29.10605961, 95.42124005,  99.9
107, 192, 29.10655192, 95.40859905,   3.1
108, 192, 29.10704973, 95.39578595,   2.9
109, 192, 29.10755308, 95.38279840,   2.9
110, 192, 29.10806201, 95.36963404,   3.0
111, 192, 29.10857657, 95.35629046,   3.0
112, 192, 29.10909680, 95.34276521,   3.1
113, 192, 29.10962273, 95.32905582,  99.9
114, 192, 29.11015441, 95.31515978,   3.0
115, 192, 29.11069188, 95.30107456,   3.1
116, 192, 29.11123518, 95.28679756,  99.9
117, 192, 29.11178433, 95.27232620,  99.9
118, 192, 29.11233939, 95.25765780,  99.9
119, 192, 29.11290039, 95.24278970,  99.9
120, 192, 29.11346736, 95.22771917,   3.6
121, 192, 29.11404035, 95.21244345,   3.6
122, 192, 29.11461938, 95.19695975,   3.6
123, 192, 29.11520450, 95.18126524,   3.6
124, 192, 29.11579572, 95.16535705,   3.5
125, 192, 29.11639310, 95.14923226,   3.4
126, 192, 29.11699665, 95.13288793,   3.4
127, 192, 29.11760641, 95.11632107,   3.3
128, 192, 29.11822241, 95.09952864,   3.3
129, 192, 29.11884468, 95.08250758,  99.9
130, 192, 29.11947324, 95.06525476,   4.4
131, 192, 29.12010812, 95.04776704,   4.4
132, 192, 29.12074935, 95.03004121,   4.4
133, 192, 29.12139694, 95.01207403,   4.3
134, 192, 29.12205093, 94.99386222,   4.3
135, 192, 29.12271133, 94.97540244,   4.3
136, 192, 29.12337815, 94.95669132,   4.2
137, 192, 29.12405143, 94.93772542,   4.2
138, 192, 29.12473116, 94.91850130,   4.2
139, 192, 29.12541738, 94.89901541,   4.1
140, 192, 29.12611008, 94.87926421,   4.1
141, 192, 29.12680928, 94.85924408,   4.1
142, 192, 29.12751499, 94.83895135,   4.0
143, 192, 29.12822721, 94.81838232,   4.0
144, 192, 29.12894595, 94.79753322,   4.0
145, 192, 29.12967121, 94.77640023,   3.9
146, 192, 29.13040298, 94.75497950,   3.9
147, 192, 29.13114127, 94.73326710,   3.9
148, 192, 29.13188607, 94.71125906,   3.9
149, 192, 29.13263737, 94.68895136,   3.9
150, 192, 29.13339516, 94.66633991,   3.9
151, 192, 29.13415943, 94.64342058,   3.8
152, 192, 29.13493015, 94.62018918,   3.8
153, 192, 29.13570731, 94.59664146,   3.8
154, 192, 29.13649088, 94.57277311,   3.8
155, 192, 29.13728084, 94.54857976,   3.8
156, 192, 29.13807716, 94.52405700,   3.7
157, 192, 29.13887980, 94.49920033,   3.7
158, 192, 29.13968872, 94.47400522,   3.7
159, 192, 29.14050389, 94.44846704,   3.7
160, 192, 29.14132525, 94.42258114,   3.6
161, 192, 29.14215277, 94.39634278,   3.6
162, 192, 29.14298637, 94.36974716,   3.6
163, 192, 29.14382601, 94.34278942,   3.6
164, 192, 29.14467162, 94.31546463,   3.5
165, 192, 29.14552313, 94.28776779,   3.5
166, 192, 29.14638048, 94.25969384,   3.5
167, 192, 29.14724357, 94.23123765,   3.5
168, 192, 29.14811232, 94.20239402,   3.4
169, 192, 29.14898666, 94.17315766,   3.4
170, 192, 29.14986647, 94.14352325,   3.4
171, 192, 29.15075167, 94.11348536,   3.3
172, 192, 29.15164213, 94.08303850,   3.3
173, 192, 29.15253776, 94.05217710,   3.3
174, 192, 29.15343842, 94.02089554,   3.2
175, 192, 29.15434399, 93.98918809,   3.2
176, 192, 29.15525433, 93.95704895,   3.2
177, 192, 29.15616931, 93.92447226,   3.1
178, 192, 29.15708876, 93.89145206,   3.1
179, 192, 29.15801255, 93.85798233,   3.0
180, 192, 29.15894049, 93.82405694,   3.0
181, 192, 29.15987242, 93.78966970,   2.9
182, 192, 29.16080815, 93.75481434,   2.9
183, 192, 29.16174749, 93.71948448,   2.8
184, 192, 29.16269024, 93.68367367,   2.8
185, 192, 29.16363618, 93.64737538,   2.7
186, 192, 29.16458511, 93.61058299,   2.7
187, 192, 29.16553678, 93.57328976,   2.6
188, 192, 29.16649096, 93.53548890,   2.6
189, 192, 29.16744739, 93.49717351,   2.6
190, 192, 29.16840581, 93.45833659,   2.6
191, 192, 29.16936595, 93.41897106,   2.7
  1, 193, 29.07944497, 96.12551701,  99.9
  2, 193, 29.07961628, 96.12246230,  99.9
  3, 193, 29.07978986, 96.11936603,  99.9
  4, 193, 29.07996572, 96.11622761,  99.9
  5, 193, 29.08014391, 96.11304649,  99.9
  6, 193, 29.08032444, 96.10982206,  99.9
  7, 193, 29.08050735, 96.10655376,  99.9
  8, 193, 29.08069267, 96.10324098,  99.9
  9, 193, 29.08088042, 96.09988311,  99.9
 10, 193, 29.08107065, 96.09647954,  99.9
 11, 193, 29.08126338, 96.09302965,  99.9
 12, 193, 29.08145865, 96.08953281,  99.9
 13, 193, 29.08165647, 96.08598838,  99.9
 14, 193, 29.08185690, 96.08239570,  99.9
 15, 193, 29.08205996, 96.07875414,  99.9
 16, 193, 29.08226568, 96.07506301,  99.9
 17, 193, 29.08247409, 96.07132164,  99.9
 18, 193, 29.08268524, 96.06752936,  99.9
 19, 193, 29.08289915, 96.06368546,  99.9
 20, 193, 29.08311587, 96.05978924,  99.9
 21, 193, 29.08333541, 96.05584000,  99.9
 22, 193, 29.08355783, 96.05183701,  99.9
 23, 193, 29.08378316, 96.04777953,  99.9
 24, 193, 29.08401142, 96.04366684,  99.9
 25, 193, 29.08424267, 96.03949816,  99.9
 26, 193, 29.08447693, 96.03527275,  99.9
 27, 193, 29.08471425, 96.03098983,   2.3
 28, 193, 29.08495465, 96.02664862,  99.9
 29, 193, 29.08519819, 96.02224832,  99.9
 30, 193, 29.08544490, 96.01778813,  99.9
 31, 193, 29.08569481, 96.01326723,  99.9
 32, 193, 29.08594797, 96.00868481,  99.9
 33, 193, 29.08620442, 96.00404001,  99.9
 34, 193, 29.08646419, 95.99933199,  99.9
 35, 193, 29.08672734, 95.99455989,  99.9
 36, 193, 29.08699389, 95.98972283,  99.9
 37, 193, 29.08726390, 95.98481994,  99.9
 38, 193, 29.08753739, 95.97985032,  99.9
 39, 193, 29.08781443, 95.97481305,  99.9
 40, 193, 29.08809504, 95.96970722,  99.9
 41, 193, 29.08837928, 95.96453190,  99.9
 42, 193, 29.08866719, 95.95928613,  99.9
 43, 193, 29.08895880, 95.95396896,  99.9
 44, 193, 29.08925417, 95.94857941,  99.9
 45, 193, 29.08955334, 95.94311650,  99.9
 46, 193, 29.08985636, 95.93757924,  99.9
 47, 193, 29.09016328, 95.93196660,  99.9
 48, 193, 29.09047413, 95.92627756,  99.9
 49, 193, 29.09078897, 95.92051109,  99.9
 50, 193, 29.09110784, 95.91466613,  99.9
 51, 193, 29.09143080, 95.90874160,  99.9
 52, 193, 29.09175789, 95.90273643,  99.9
 53, 193, 29.09208915, 95.89664951,  99.9
 54, 193, 29.09242465, 95.89047974,  99.9
 55, 193, 29.09276443, 95.88422599,  99.9
 56, 193, 29.09310854, 95.87788710,  99.9
 57, 193, 29.09345703, 95.87146193,  99.9
 58, 193, 29.09380995, 95.86494930,  99.9
 59, 193, 29.09416735, 95.85834801,  99.9
 60, 193, 29.09452929, 95.85165686,  99.9
 61, 193, 29.09489582, 95.84487463,  99.9
 62, 193, 29.09526700, 95.83800008,  99.9
 63, 193, 29.09564286, 95.83103194,  99.9
 64, 193, 29.09602348, 95.82396894,  99.9
 65, 193, 29.09640891, 95.81680980,  99.9
 66, 193, 29.09679919, 95.80955319,  99.9
 67, 193, 29.09719439, 95.80219780,  99.9
 68, 193, 29.09759456, 95.79474229,  99.9
 69, 193, 29.09799976, 95.78718527,  99.9
 70, 193, 29.09841005, 95.77952538,  99.9
 71, 193, 29.09882548, 95.77176121,  99.9
 72, 193, 29.09924610, 95.76389135,  99.9
 73, 193, 29.09967199, 95.75591434,  99.9
 74, 193, 29.10010320, 95.74782874,  99.9
 75, 193, 29.10053978, 95.73963307,  99.9
 76, 193, 29.10098180, 95.73132581,  99.9
 77, 193, 29.10142931, 95.72290547,  99.9
 78, 193, 29.10188239, 95.71437048,  99.9
 79, 193, 29.10234108, 95.70571930,  99.9
 80, 193, 29.10280545, 95.69695034,  99.9
 81, 193, 29.10327556, 95.68806200,  99.9
 82, 193, 29.10375148, 95.67905264,  99.9
 83, 193, 29.10423327, 95.66992063,   3.5
 84, 193, 29.10472098, 95.66066429,  99.9
 85, 193, 29.10521469, 95.65128192,  99.9
 86, 193, 29.10571446, 95.64177182,  99.9
 87, 193, 29.10622035, 95.63213224,  99.9
 88, 193, 29.10673242, 95.62236141,   3.0
 89, 193, 29.10725075, 95.61245755,   3.0
 90, 193, 29.10777540, 95.60241885,  99.9
 91, 193, 29.10830642, 95.59224347,  99.9
 92, 193, 29.10884390, 95.58192954,  99.9
 93, 193, 29.10938789, 95.57147519,  99.9
 94, 193, 29.10993846, 95.56087849,  99.9
 95, 193, 29.11049569, 95.55013751,  99.9
 96, 193, 29.11105963, 95.53925029,  99.9
 97, 193, 29.11163035, 95.52821482,  99.9
 98, 193, 29.11220793, 95.51702910,  99.9
 99, 193, 29.11279243, 95.50569107,  99.9
100, 193, 29.11338391, 95.49419865,   2.7
101, 193, 29.11398246, 95.48254976,   2.7
102, 193, 29.11458813, 95.47074224,  99.9
103, 193, 29.11520099, 95.45877395,  99.9
104, 193, 29.11582112, 95.44664269,  99.9
105, 193, 29.11644859, 95.43434624,  99.9
106, 193, 29.11708345, 95.42188235,  99.9
107, 193, 29.11772580, 95.40924874,  99.9
108, 193, 29.11837568, 95.39644310,  99.9
109, 193, 29.11903318, 95.38346309,  99.9
110, 193, 29.11969835, 95.37030631,  99.9
111, 193, 29.12037129, 95.35697038,  99.9
112, 193, 29.12105204, 95.34345285,   3.0
113, 193, 29.12174068, 95.32975124,   3.1
114, 193, 29.12243729, 95.31586304,   3.1
115, 193, 29.12314193, 95.30178572,  99.9
116, 193, 29.12385467, 95.28751669,  99.9
117, 193, 29.12457558, 95.27305335,  99.9
118, 193, 29.12530473, 95.25839304,  99.9
119, 193, 29.12604219, 95.24353308,  99.9
120, 193, 29.12678802, 95.22847076,  99.9
121, 193, 29.12754231, 95.21320331,  99.9
122, 193, 29.12830510, 95.19772794,  99.9
123, 193, 29.12907648, 95.18204181,   3.6
124, 193, 29.12985651, 95.16614206,   3.5
125, 193, 29.13064525, 95.15002577,   3.5
126, 193, 29.13144278, 95.13368999,   3.4
127, 193, 29.13224916, 95.11713173,   3.3
128, 193, 29.13306445, 95.10034797,   3.3
129, 193, 29.13388872, 95.08333561,   3.3
130, 193, 29.13472204, 95.06609156,   3.3
131, 193, 29.13556446, 95.04861266,   3.4
132, 193, 29.13641605, 95.03089569,   4.4
133, 193, 29.13727687, 95.01293743,   4.4
134, 193, 29.13814699, 94.99473458,   4.4
135, 193, 29.13902645, 94.97628380,   4.3
136, 193, 29.13991533, 94.95758173,   4.3
137, 193, 29.14081368, 94.93862493,   4.3
138, 193, 29.14172155, 94.91940993,   4.2
139, 193, 29.14263901, 94.89993322,   4.2
140, 193, 29.14356610, 94.88019123,   4.2
141, 193, 29.14450288, 94.86018034,   4.1
142, 193, 29.14544940, 94.83989689,   4.1
143, 193, 29.14640571, 94.81933716,   4.1
144, 193, 29.14737186, 94.79849739,   4.0
145, 193, 29.14834790, 94.77737377,   4.0
146, 193, 29.14933386, 94.75596243,   4.0
147, 193, 29.15032980, 94.73425943,   4.0
148, 193, 29.15133575, 94.71226082,   3.9
149, 193, 29.15235176, 94.68996257,   3.9
150, 193, 29.15337786, 94.66736058,   3.9
151, 193, 29.15441408, 94.64445072,   3.9
152, 193, 29.15546047, 94.62122879,   3.9
153, 193, 29.15651704, 94.59769055,   3.8
154, 193, 29.15758382, 94.57383168,   3.8
155, 193, 29.15866085, 94.54964781,   3.8
156, 193, 29.15974814, 94.52513452,   3.8
157, 193, 29.16084571, 94.50028731,   3.8
158, 193, 29.16195357, 94.47510164,   3.7
159, 193, 29.16307175, 94.44957290,   3.7
160, 193, 29.16420025, 94.42369641,   3.7
161, 193, 29.16533907, 94.39746742,   3.7
162, 193, 29.16648821, 94.37088115,   3.7
163, 193, 29.16764769, 94.34393272,   3.6
164, 193, 29.16881749, 94.31661720,   3.6
165, 193, 29.16999759, 94.28892958,   3.6
166, 193, 29.17118800, 94.26086481,   3.6
167, 193, 29.17238868, 94.23241773,   3.5
168, 193, 29.17359962, 94.20358314,   3.5
169, 193, 29.17482080, 94.17435577,   3.5
170, 193, 29.17605216, 94.14473026,   3.4
171, 193, 29.17729369, 94.11470119,   3.4
172, 193, 29.17854534, 94.08426306,   3.4
173, 193, 29.17980705, 94.05341031,   3.3
174, 193, 29.18107878, 94.02213728,   3.3
175, 193, 29.18236046, 93.99043825,   3.2
176, 193, 29.18365203, 93.95830742,   3.2
177, 193, 29.18495341, 93.92573891,   3.2
178, 193, 29.18626453, 93.89272675,   3.1
179, 193, 29.18758530, 93.85926492,   3.1
180, 193, 29.18891562, 93.82534728,   3.0
181, 193, 29.19025539, 93.79096763,   3.0
182, 193, 29.19160451, 93.75611969,   2.9
183, 193, 29.19296286, 93.72079707,   2.9
184, 193, 29.19433031, 93.68499331,   2.8
185, 193, 29.19570673, 93.64870186,   2.8
186, 193, 29.19709197, 93.61191610,   2.7
187, 193, 29.19848589, 93.57462928,   2.7
188, 193, 29.19988832, 93.53683460,   2.6
189, 193, 29.20129909, 93.49852513,   2.6
190, 193, 29.20271802, 93.45969388,   2.6
191, 193, 29.20414492, 93.42033375,   2.7
  1, 194, 29.08210924, 96.12573124,  99.9
  2, 194, 29.08231681, 96.12267937,  99.9
  3, 194, 29.08252713, 96.11958597,  99.9
  4, 194, 29.08274024, 96.11645046,  99.9
  5, 194, 29.08295618, 96.11327228,  99.9
  6, 194, 29.08317498, 96.11005085,  99.9
  7, 194, 29.08339668, 96.10678557,  99.9
  8, 194, 29.08362132, 96.10347585,  99.9
  9, 194, 29.08384893, 96.10012108,  99.9
 10, 194, 29.08407956, 96.09672065,  99.9
 11, 194, 29.08431323, 96.09327394,  99.9
 12, 194, 29.08455000, 96.08978032,  99.9
 13, 194, 29.08478989, 96.08623915,  99.9
 14, 194, 29.08503296, 96.08264978,  99.9
 15, 194, 29.08527923, 96.07901156,  99.9
 16, 194, 29.08552876, 96.07532382,  99.9
 17, 194, 29.08578158, 96.07158589,  99.9
 18, 194, 29.08603774, 96.06779708,  99.9
 19, 194, 29.08629727, 96.06395670,  99.9
 20, 194, 29.08656023, 96.06006405,  99.9
 21, 194, 29.08682665, 96.05611841,  99.9
 22, 194, 29.08709657, 96.05211907,  99.9
 23, 194, 29.08737005, 96.04806530,  99.9
 24, 194, 29.08764713, 96.04395635,  99.9
 25, 194, 29.08792785, 96.03979147,  99.9
 26, 194, 29.08821227, 96.03556990,  99.9
 27, 194, 29.08850041, 96.03129087,   2.4
 28, 194, 29.08879234, 96.02695360,  99.9
 29, 194, 29.08908811, 96.02255728,  99.9
 30, 194, 29.08938775, 96.01810113,  99.9
 31, 194, 29.08969132, 96.01358432,  99.9
 32, 194, 29.08999886, 96.00900603,  99.9
 33, 194, 29.09031044, 96.00436542,  99.9
 34, 194, 29.09062609, 95.99966165,  99.9
 35, 194, 29.09094587, 95.99489384,  99.9
 36, 194, 29.09126984, 95.99006114,  99.9
 37, 194, 29.09159803, 95.98516265,  99.9
 38, 194, 29.09193051, 95.98019748,  99.9
 39, 194, 29.09226733, 95.97516473,  99.9
 40, 194, 29.09260854, 95.97006346,  99.9
 41, 194, 29.09295420, 95.96489276,  99.9
 42, 194, 29.09330437, 95.95965167,  99.9
 43, 194, 29.09365909, 95.95433924,  99.9
 44, 194, 29.09401843, 95.94895448,  99.9
 45, 194, 29.09438243, 95.94349643,  99.9
 46, 194, 29.09475117, 95.93796408,  99.9
 47, 194, 29.09512470, 95.93235641,  99.9
 48, 194, 29.09550307, 95.92667241,  99.9
 49, 194, 29.09588635, 95.92091103,  99.9
 50, 194, 29.09627459, 95.91507122,  99.9
 51, 194, 29.09666787, 95.90915191,  99.9
 52, 194, 29.09706623, 95.90315202,  99.9
 53, 194, 29.09746974, 95.89707045,  99.9
 54, 194, 29.09787846, 95.89090609,  99.9
 55, 194, 29.09829246, 95.88465781,  99.9
 56, 194, 29.09871180, 95.87832446,  99.9
 57, 194, 29.09913654, 95.87190490,  99.9
 58, 194, 29.09956676, 95.86539794,  99.9
 59, 194, 29.10000251, 95.85880239,  99.9
 60, 194, 29.10044387, 95.85211705,  99.9
 61, 194, 29.10089089, 95.84534070,  99.9
 62, 194, 29.10134365, 95.83847208,  99.9
 63, 194, 29.10180222, 95.83150996,  99.9
 64, 194, 29.10226667, 95.82445305,  99.9
 65, 194, 29.10273706, 95.81730006,  99.9
 66, 194, 29.10321347, 95.81004969,  99.9
 67, 194, 29.10369596, 95.80270061,  99.9
 68, 194, 29.10418462, 95.79525146,  99.9
 69, 194, 29.10467951, 95.78770090,  99.9
 70, 194, 29.10518070, 95.78004753,  99.9
 71, 194, 29.10568828, 95.77228997,  99.9
 72, 194, 29.10620231, 95.76442678,  99.9
 73, 194, 29.10672287, 95.75645652,  99.9
 74, 194, 29.10725004, 95.74837775,  99.9
 75, 194, 29.10778389, 95.74018898,  99.9
 76, 194, 29.10832450, 95.73188872,  99.9
 77, 194, 29.10887195, 95.72347543,  99.9
 78, 194, 29.10942632, 95.71494760,  99.9
 79, 194, 29.10998768, 95.70630364,  99.9
 80, 194, 29.11055613, 95.69754199,  99.9
 81, 194, 29.11113173, 95.68866103,  99.9
 82, 194, 29.11171457, 95.67965915,  99.9
 83, 194, 29.11230474, 95.67053469,  99.9
 84, 194, 29.11290231, 95.66128598,  99.9
 85, 194, 29.11350737, 95.65191134,  99.9
 86, 194, 29.11412000, 95.64240904,  99.9
 87, 194, 29.11474030, 95.63277735,  99.9
 88, 194, 29.11536833, 95.62301450,   3.0
 89, 194, 29.11600420, 95.61311871,  99.9
 90, 194, 29.11664798, 95.60308816,  99.9
 91, 194, 29.11729977, 95.59292101,  99.9
 92, 194, 29.11795966, 95.58261542,  99.9
 93, 194, 29.11862772, 95.57216948,  99.9
 94, 194, 29.11930405, 95.56158129,  99.9
 95, 194, 29.11998875, 95.55084891,  99.9
 96, 194, 29.12068190, 95.53997037,  99.9
 97, 194, 29.12138359, 95.52894368,  99.9
 98, 194, 29.12209392, 95.51776682,  99.9
 99, 194, 29.12281298, 95.50643775,  99.9
100, 194, 29.12354085, 95.49495439,  99.9
101, 194, 29.12427764, 95.48331464,   2.8
102, 194, 29.12502344, 95.47151636,  99.9
103, 194, 29.12577835, 95.45955740,  99.9
104, 194, 29.12654245, 95.44743557,  99.9
105, 194, 29.12731584, 95.43514864,  99.9
106, 194, 29.12809863, 95.42269437,  99.9
107, 194, 29.12889090, 95.41007047,  99.9
108, 194, 29.12969275, 95.39727463,  99.9
109, 194, 29.13050429, 95.38430452,  99.9
110, 194, 29.13132561, 95.37115774,  99.9
111, 194, 29.13215681, 95.35783190,  99.9
112, 194, 29.13299798, 95.34432456,  99.9
113, 194, 29.13384923, 95.33063323,  99.9
114, 194, 29.13471065, 95.31675542,  99.9
115, 194, 29.13558235, 95.30268858,  99.9
116, 194, 29.13646442, 95.28843013,  99.9
117, 194, 29.13735698, 95.27397746,  99.9
118, 194, 29.13826010, 95.25932792,  99.9
119, 194, 29.13917391, 95.24447883,  99.9
120, 194, 29.14009849, 95.22942747,  99.9
121, 194, 29.14103395, 95.21417108,  99.9
122, 194, 29.14198040, 95.19870687,  99.9
123, 194, 29.14293792, 95.18303200,   3.7
124, 194, 29.14390663, 95.16714360,   3.6
125, 194, 29.14488663, 95.15103875,   3.5
126, 194, 29.14587801, 95.13471452,   3.4
127, 194, 29.14688088, 95.11816790,   3.3
128, 194, 29.14789534, 95.10139587,   3.3
129, 194, 29.14892149, 95.08439534,   3.3
130, 194, 29.14995943, 95.06716321,   3.3
131, 194, 29.15100927, 95.04969632,   3.4
132, 194, 29.15207110, 95.03199147,   3.4
133, 194, 29.15314502, 95.01404541,   4.5
134, 194, 29.15423114, 94.99585485,   4.4
135, 194, 29.15532955, 94.97741646,   4.4
136, 194, 29.15644035, 94.95872686,   4.4
137, 194, 29.15756364, 94.93978262,   4.3
138, 194, 29.15869952, 94.92058027,   4.3
139, 194, 29.15984808, 94.90111630,   4.3
140, 194, 29.16100943, 94.88138713,   4.2
141, 194, 29.16218366, 94.86138914,   4.2
142, 194, 29.16337085, 94.84111869,   4.2
143, 194, 29.16457112, 94.82057203,   4.1
144, 194, 29.16578454, 94.79974542,   4.1
145, 194, 29.16701122, 94.77863503,   4.1
146, 194, 29.16825123, 94.75723699,   4.0
147, 194, 29.16950468, 94.73554738,   4.0
148, 194, 29.17077165, 94.71356223,   4.0
149, 194, 29.17205223, 94.69127750,   4.0
150, 194, 29.17334650, 94.66868910,   3.9
151, 194, 29.17465454, 94.64579291,   3.9
152, 194, 29.17597644, 94.62258471,   3.9
153, 194, 29.17731228, 94.59906026,   3.9
154, 194, 29.17866214, 94.57521523,   3.9
155, 194, 29.18002609, 94.55104527,   3.9
156, 194, 29.18140421, 94.52654594,   3.8
157, 194, 29.18279656, 94.50171275,   3.8
158, 194, 29.18420323, 94.47654114,   3.8
159, 194, 29.18562427, 94.45102649,   3.8
160, 194, 29.18705975, 94.42516414,   3.8
161, 194, 29.18850974, 94.39894934,   3.7
162, 194, 29.18997429, 94.37237729,   3.7
163, 194, 29.19145345, 94.34544310,   3.7
164, 194, 29.19294729, 94.31814185,   3.7
165, 194, 29.19445585, 94.29046853,   3.6
166, 194, 29.19597917, 94.26241806,   3.6
167, 194, 29.19751731, 94.23398530,   3.6
168, 194, 29.19907029, 94.20516504,   3.5
169, 194, 29.20063815, 94.17595200,   3.5
170, 194, 29.20222093, 94.14634082,   3.5
171, 194, 29.20381865, 94.11632607,   3.4
172, 194, 29.20543134, 94.08590224,   3.4
173, 194, 29.20705900, 94.05506377,   3.4
174, 194, 29.20870165, 94.02380500,   3.3
175, 194, 29.21035931, 93.99212020,   3.3
176, 194, 29.21203196, 93.96000355,   3.3
177, 194, 29.21371961, 93.92744918,   3.2
178, 194, 29.21542225, 93.89445111,   3.2
179, 194, 29.21713987, 93.86100330,   3.1
180, 194, 29.21887243, 93.82709962,   3.1
181, 194, 29.22061992, 93.79273385,   3.0
182, 194, 29.22238229, 93.75789970,   3.0
183, 194, 29.22415951, 93.72259078,   2.9
184, 194, 29.22595153, 93.68680061,   2.9
185, 194, 29.22775829, 93.65052265,   2.8
186, 194, 29.22957973, 93.61375025,   2.8
187, 194, 29.23141577, 93.57647666,   2.7
188, 194, 29.23326633, 93.53869506,   2.6
189, 194, 29.23513132, 93.50039852,   2.6
190, 194, 29.23701065, 93.46158004,   2.6
191, 194, 29.23890420, 93.42223250,   2.7
  1, 195, 29.08477072, 96.12598644,  99.9
  2, 195, 29.08501451, 96.12293797,  99.9
  3, 195, 29.08526154, 96.11984801,  99.9
  4, 195, 29.08551187, 96.11671598,  99.9
  5, 195, 29.08576552, 96.11354133,  99.9
  6, 195, 29.08602255, 96.11032347,  99.9
  7, 195, 29.08628300, 96.10706181,  99.9
  8, 195, 29.08654692, 96.10375576,  99.9
  9, 195, 29.08681434, 96.10040470,  99.9
 10, 195, 29.08708532, 96.09700804,  99.9
 11, 195, 29.08735990, 96.09356514,  99.9
 12, 195, 29.08763812, 96.09007538,  99.9
 13, 195, 29.08792004, 96.08653812,  99.9
 14, 195, 29.08820570, 96.08295271,  99.9
 15, 195, 29.08849516, 96.07931850,  99.9
 16, 195, 29.08878845, 96.07563483,  99.9
 17, 195, 29.08908563, 96.07190101,  99.9
 18, 195, 29.08938675, 96.06811636,  99.9
 19, 195, 29.08969186, 96.06428021,  99.9
 20, 195, 29.09000101, 96.06039183,  99.9
 21, 195, 29.09031425, 96.05645053,  99.9
 22, 195, 29.09063164, 96.05245557,  99.9
 23, 195, 29.09095323, 96.04840624,  99.9
 24, 195, 29.09127907, 96.04430179,  99.9
 25, 195, 29.09160922, 96.04014146,  99.9
 26, 195, 29.09194373, 96.03592451,   2.4
 27, 195, 29.09228266, 96.03165015,   2.4
 28, 195, 29.09262606, 96.02731761,  99.9
 29, 195, 29.09297399, 96.02292609,  99.9
 30, 195, 29.09332652, 96.01847479,  99.9
 31, 195, 29.09368369, 96.01396289,  99.9
 32, 195, 29.09404557, 96.00938958,  99.9
 33, 195, 29.09441222, 96.00475401,  99.9
 34, 195, 29.09478369, 96.00005533,  99.9
 35, 195, 29.09516005, 95.99529269,  99.9
 36, 195, 29.09554137, 95.99046522,  99.9
 37, 195, 29.09592769, 95.98557203,  99.9
 38, 195, 29.09631910, 95.98061223,  99.9
 39, 195, 29.09671564, 95.97558490,  99.9
 40, 195, 29.09711740, 95.97048914,  99.9
 41, 195, 29.09752442, 95.96532401,  99.9
 42, 195, 29.09793678, 95.96008855,  99.9
 43, 195, 29.09835455, 95.95478183,  99.9
 44, 195, 29.09877778, 95.94940286,  99.9
 45, 195, 29.09920657, 95.94395066,  99.9
 46, 195, 29.09964096, 95.93842423,  99.9
 47, 195, 29.10008103, 95.93282256,  99.9
 48, 195, 29.10052686, 95.92714463,  99.9
 49, 195, 29.10097851, 95.92138940,  99.9
 50, 195, 29.10143606, 95.91555582,  99.9
 51, 195, 29.10189957, 95.90964281,  99.9
 52, 195, 29.10236914, 95.90364930,  99.9
 53, 195, 29.10284482, 95.89757418,  99.9
 54, 195, 29.10332670, 95.89141636,  99.9
 55, 195, 29.10381485, 95.88517469,  99.9
 56, 195, 29.10430935, 95.87884804,  99.9
 57, 195, 29.10481027, 95.87243526,  99.9
 58, 195, 29.10531771, 95.86593516,  99.9
 59, 195, 29.10583173, 95.85934656,  99.9
 60, 195, 29.10635242, 95.85266825,  99.9
 61, 195, 29.10687986, 95.84589901,  99.9
 62, 195, 29.10741414, 95.83903760,  99.9
 63, 195, 29.10795533, 95.83208277,  99.9
 64, 195, 29.10850352, 95.82503324,  99.9
 65, 195, 29.10905880, 95.81788772,  99.9
 66, 195, 29.10962125, 95.81064490,  99.9
 67, 195, 29.11019096, 95.80330346,  99.9
 68, 195, 29.11076801, 95.79586206,  99.9
 69, 195, 29.11135251, 95.78831933,  99.9
 70, 195, 29.11194452, 95.78067388,  99.9
 71, 195, 29.11254416, 95.77292434,  99.9
 72, 195, 29.11315150, 95.76506926,  99.9
 73, 195, 29.11376665, 95.75710722,  99.9
 74, 195, 29.11438969, 95.74903676,  99.9
 75, 195, 29.11502072, 95.74085639,  99.9
 76, 195, 29.11565983, 95.73256463,  99.9
 77, 195, 29.11630712, 95.72415995,  99.9
 78, 195, 29.11696269, 95.71564082,  99.9
 79, 195, 29.11762663, 95.70700567,  99.9
 80, 195, 29.11829905, 95.69825293,  99.9
 81, 195, 29.11898005, 95.68938099,  99.9
 82, 195, 29.11966971, 95.68038822,  99.9
 83, 195, 29.12036816, 95.67127299,  99.9
 84, 195, 29.12107549, 95.66203361,  99.9
 85, 195, 29.12179180, 95.65266841,  99.9
 86, 195, 29.12251719, 95.64317566,  99.9
 87, 195, 29.12325178, 95.63355362,  99.9
 88, 195, 29.12399568, 95.62380053,   3.0
 89, 195, 29.12474898, 95.61391462,  99.9
 90, 195, 29.12551179, 95.60389405,  99.9
 91, 195, 29.12628423, 95.59373701,  99.9
 92, 195, 29.12706641, 95.58344163,  99.9
 93, 195, 29.12785843, 95.57300602,  99.9
 94, 195, 29.12866042, 95.56242827,  99.9
 95, 195, 29.12947247, 95.55170645,  99.9
 96, 195, 29.13029472, 95.54083859,  99.9
 97, 195, 29.13112726, 95.52982270,  99.9
 98, 195, 29.13197022, 95.51865675,  99.9
 99, 195, 29.13282371, 95.50733872,  99.9
100, 195, 29.13368786, 95.49586651,  99.9
101, 195, 29.13456278, 95.48423804,   2.9
102, 195, 29.13544858, 95.47245116,  99.9
103, 195, 29.13634540, 95.46050372,  99.9
104, 195, 29.13725334, 95.44839354,  99.9
105, 195, 29.13817254, 95.43611838,  99.9
106, 195, 29.13910311, 95.42367600,  99.9
107, 195, 29.14004519, 95.41106413,  99.9
108, 195, 29.14099888, 95.39828044,  99.9
109, 195, 29.14196433, 95.38532260,  99.9
110, 195, 29.14294165, 95.37218823,  99.9
111, 195, 29.14393098, 95.35887493,  99.9
112, 195, 29.14493243, 95.34538024,  99.9
113, 195, 29.14594615, 95.33170171,  99.9
114, 195, 29.14697225, 95.31783683,  99.9
115, 195, 29.14801087, 95.30378304,  99.9
116, 195, 29.14906213, 95.28953778,  99.9
117, 195, 29.15012618, 95.27509843,  99.9
118, 195, 29.15120314, 95.26046234,  99.9
119, 195, 29.15229315, 95.24562684,  99.9
120, 195, 29.15339633, 95.23058921,  99.9
121, 195, 29.15451282, 95.21534667,  99.9
122, 195, 29.15564276, 95.19989645,  99.9
123, 195, 29.15678628, 95.18423571,   3.9
124, 195, 29.15794352, 95.16836157,   3.8
125, 195, 29.15911461, 95.15227112,   3.6
126, 195, 29.16029969, 95.13596142,   3.5
127, 195, 29.16149890, 95.11942948,   3.4
128, 195, 29.16271237, 95.10267225,   3.3
129, 195, 29.16394024, 95.08568667,   3.3
130, 195, 29.16518265, 95.06846962,   3.3
131, 195, 29.16643973, 95.05101795,   3.3
132, 195, 29.16771163, 95.03332845,   3.4
133, 195, 29.16899849, 95.01539788,   3.5
134, 195, 29.17030044, 94.99722294,   3.5
135, 195, 29.17161762, 94.97880032,   4.5
136, 195, 29.17295017, 94.96012661,   4.4
137, 195, 29.17429824, 94.94119841,   4.4
138, 195, 29.17566195, 94.92201223,   4.4
139, 195, 29.17704145, 94.90256456,   4.3
140, 195, 29.17843688, 94.88285183,   4.3
141, 195, 29.17984837, 94.86287042,   4.3
142, 195, 29.18127607, 94.84261667,   4.2
143, 195, 29.18272010, 94.82208685,   4.2
144, 195, 29.18418062, 94.80127721,   4.2
145, 195, 29.18565775, 94.78018392,   4.1
146, 195, 29.18715164, 94.75880311,   4.1
147, 195, 29.18866241, 94.73713086,   4.1
148, 195, 29.19019021, 94.71516320,   4.0
149, 195, 29.19173517, 94.69289608,   4.0
150, 195, 29.19329742, 94.67032542,   4.0
151, 195, 29.19487709, 94.64744709,   4.0
152, 195, 29.19647432, 94.62425687,   4.0
153, 195, 29.19808924, 94.60075052,   3.9
154, 195, 29.19972197, 94.57692372,   3.9
155, 195, 29.20137265, 94.55277210,   3.9
156, 195, 29.20304140, 94.52829122,   3.9
157, 195, 29.20472835, 94.50347659,   3.9
158, 195, 29.20643362, 94.47832365,   3.9
159, 195, 29.20815732, 94.45282779,   3.8
160, 195, 29.20989959, 94.42698432,   3.8
161, 195, 29.21166054, 94.40078851,   3.8
162, 195, 29.21344029, 94.37423554,   3.8
163, 195, 29.21523894, 94.34732054,   3.7
164, 195, 29.21705662, 94.32003856,   3.7
165, 195, 29.21889342, 94.29238460,   3.7
166, 195, 29.22074946, 94.26435358,   3.7
167, 195, 29.22262484, 94.23594036,   3.6
168, 195, 29.22451966, 94.20713972,   3.6
169, 195, 29.22643401, 94.17794636,   3.6
170, 195, 29.22836799, 94.14835493,   3.5
171, 195, 29.23032170, 94.11836000,   3.5
172, 195, 29.23229521, 94.08795606,   3.5
173, 195, 29.23428861, 94.05713753,   3.4
174, 195, 29.23630198, 94.02589874,   3.4
175, 195, 29.23833540, 93.99423397,   3.4
176, 195, 29.24038893, 93.96213740,   3.3
177, 195, 29.24246264, 93.92960314,   3.3
178, 195, 29.24455659, 93.89662520,   3.2
179, 195, 29.24667084, 93.86319755,   3.2
180, 195, 29.24880544, 93.82931404,   3.1
181, 195, 29.25096043, 93.79496844,   3.1
182, 195, 29.25313586, 93.76015446,   3.0
183, 195, 29.25533175, 93.72486571,   3.0
184, 195, 29.25754813, 93.68909570,   2.9
185, 195, 29.25978502, 93.65283787,   2.9
186, 195, 29.26204244, 93.61608556,   2.8
187, 195, 29.26432040, 93.57883203,   2.7
188, 195, 29.26661889, 93.54107043,   2.6
189, 195, 29.26893790, 93.50279385,   2.6
190, 195, 29.27127741, 93.46399524,   2.6
191, 195, 29.27363741, 93.42466749,   2.7
  1, 196, 29.08742893, 96.12628258,  99.9
  2, 196, 29.08770889, 96.12323806,  99.9
  3, 196, 29.08799259, 96.12015210,  99.9
  4, 196, 29.08828008, 96.11702413,  99.9
  5, 196, 29.08857140, 96.11385359,  99.9
  6, 196, 29.08886662, 96.11063989,  99.9
  7, 196, 29.08916577, 96.10738245,  99.9
  8, 196, 29.08946892, 96.10408067,  99.9
  9, 196, 29.08977611, 96.10073394,  99.9
 10, 196, 29.09008739, 96.09734166,  99.9
 11, 196, 29.09040282, 96.09390320,  99.9
 12, 196, 29.09072246, 96.09041794,  99.9
 13, 196, 29.09104635, 96.08688524,  99.9
 14, 196, 29.09137456, 96.08330445,  99.9
 15, 196, 29.09170714, 96.07967491,  99.9
 16, 196, 29.09204414, 96.07599597,  99.9
 17, 196, 29.09238563, 96.07226695,  99.9
 18, 196, 29.09273166, 96.06848717,  99.9
 19, 196, 29.09308229, 96.06465593,  99.9
 20, 196, 29.09343758, 96.06077254,  99.9
 21, 196, 29.09379759, 96.05683629,  99.9
 22, 196, 29.09416239, 96.05284645,  99.9
 23, 196, 29.09453202, 96.04880230,  99.9
 24, 196, 29.09490657, 96.04470310,  99.9
 25, 196, 29.09528608, 96.04054809,  99.9
 26, 196, 29.09567063, 96.03633652,   2.4
 27, 196, 29.09606028, 96.03206761,  99.9
 28, 196, 29.09645510, 96.02774059,  99.9
 29, 196, 29.09685514, 96.02335467,  99.9
 30, 196, 29.09726049, 96.01890903,  99.9
 31, 196, 29.09767120, 96.01440288,  99.9
 32, 196, 29.09808735, 96.00983538,  99.9
 33, 196, 29.09850900, 96.00520569,  99.9
 34, 196, 29.09893623, 96.00051298,  99.9
 35, 196, 29.09936911, 95.99575638,  99.9
 36, 196, 29.09980770, 95.99093502,  99.9
 37, 196, 29.10025210, 95.98604802,  99.9
 38, 196, 29.10070235, 95.98109449,  99.9
 39, 196, 29.10115856, 95.97607352,  99.9
 40, 196, 29.10162077, 95.97098419,  99.9
 41, 196, 29.10208909, 95.96582557,  99.9
 42, 196, 29.10256357, 95.96059671,  99.9
 43, 196, 29.10304431, 95.95529667,  99.9
 44, 196, 29.10353138, 95.94992446,  99.9
 45, 196, 29.10402486, 95.94447911,  99.9
 46, 196, 29.10452483, 95.93895961,  99.9
 47, 196, 29.10503137, 95.93336497,  99.9
 48, 196, 29.10554457, 95.92769415,  99.9
 49, 196, 29.10606452, 95.92194612,  99.9
 50, 196, 29.10659129, 95.91611983,  99.9
 51, 196, 29.10712497, 95.91021420,  99.9
 52, 196, 29.10766565, 95.90422817,  99.9
 53, 196, 29.10821342, 95.89816062,  99.9
 54, 196, 29.10876837, 95.89201046,  99.9
 55, 196, 29.10933058, 95.88577655,  99.9
 56, 196, 29.10990016, 95.87945776,  99.9
 57, 196, 29.11047718, 95.87305293,  99.9
 58, 196, 29.11106175, 95.86656088,  99.9
 59, 196, 29.11165395, 95.85998043,  99.9
 60, 196, 29.11225389, 95.85331038,  99.9
 61, 196, 29.11286165, 95.84654949,  99.9
 62, 196, 29.11347734, 95.83969654,  99.9
 63, 196, 29.11410106, 95.83275027,  99.9
 64, 196, 29.11473290, 95.82570941,  99.9
 65, 196, 29.11537297, 95.81857266,  99.9
 66, 196, 29.11602136, 95.81133873,  99.9
 67, 196, 29.11667819, 95.80400628,  99.9
 68, 196, 29.11734354, 95.79657398,  99.9
 69, 196, 29.11801754, 95.78904046,  99.9
 70, 196, 29.11870028, 95.78140434,  99.9
 71, 196, 29.11939187, 95.77366423,  99.9
 72, 196, 29.12009242, 95.76581871,  99.9
 73, 196, 29.12080204, 95.75786633,  99.9
 74, 196, 29.12152085, 95.74980566,  99.9
 75, 196, 29.12224894, 95.74163520,  99.9
 76, 196, 29.12298645, 95.73335346,  99.9
 77, 196, 29.12373347, 95.72495892,  99.9
 78, 196, 29.12449012, 95.71645006,  99.9
 79, 196, 29.12525653, 95.70782530,  99.9
 80, 196, 29.12603281, 95.69908307,  99.9
 81, 196, 29.12681908, 95.69022177,  99.9
 82, 196, 29.12761545, 95.68123977,  99.9
 83, 196, 29.12842206, 95.67213542,  99.9
 84, 196, 29.12923902, 95.66290707,  99.9
 85, 196, 29.13006645, 95.65355302,  99.9
 86, 196, 29.13090449, 95.64407155,  99.9
 87, 196, 29.13175326, 95.63446093,  99.9
 88, 196, 29.13261288, 95.62471940,   3.0
 89, 196, 29.13348348, 95.61484517,   3.0
 90, 196, 29.13436520, 95.60483643,  99.9
 91, 196, 29.13525816, 95.59469134,  99.9
 92, 196, 29.13616250, 95.58440806,  99.9
 93, 196, 29.13707835, 95.57398469,  99.9
 94, 196, 29.13800584, 95.56341933,  99.9
 95, 196, 29.13894512, 95.55271003,  99.9
 96, 196, 29.13989632, 95.54185484,  99.9
 97, 196, 29.14085957, 95.53085176,  99.9
 98, 196, 29.14183502, 95.51969878,  99.9
 99, 196, 29.14282281, 95.50839385,  99.9
100, 196, 29.14382308, 95.49693490,  99.9
101, 196, 29.14483597, 95.48531983,   3.0
102, 196, 29.14586164, 95.47354652,  99.9
103, 196, 29.14690021, 95.46161279,  99.9
104, 196, 29.14795185, 95.44951647,  99.9
105, 196, 29.14901670, 95.43725533,  99.9
106, 196, 29.15009490, 95.42482713,  99.9
107, 196, 29.15118662, 95.41222959,  99.9
108, 196, 29.15229200, 95.39946039,  99.9
109, 196, 29.15341120, 95.38651720,  99.9
110, 196, 29.15454436, 95.37339765,  99.9
111, 196, 29.15569165, 95.36009932,  99.9
112, 196, 29.15685322, 95.34661977,  99.9
113, 196, 29.15802923, 95.33295654,  99.9
114, 196, 29.15921984, 95.31910712,  99.9
115, 196, 29.16042521, 95.30506897,  99.9
116, 196, 29.16164550, 95.29083951,  99.9
117, 196, 29.16288086, 95.27641613,  99.9
118, 196, 29.16413148, 95.26179618,  99.9
119, 196, 29.16539750, 95.24697699,  99.9
120, 196, 29.16667910, 95.23195583,  99.9
121, 196, 29.16797645, 95.21672995,  99.9
122, 196, 29.16928970, 95.20129655,   4.0
123, 196, 29.17061903, 95.18565281,   4.0
124, 196, 29.17196461, 95.16979584,   3.9
125, 196, 29.17332660, 95.15372274,   3.8
126, 196, 29.17470519, 95.13743057,   3.7
127, 196, 29.17610054, 95.12091632,   3.6
128, 196, 29.17751282, 95.10417698,   3.5
129, 196, 29.17894221, 95.08720946,   3.4
130, 196, 29.18038889, 95.07001065,   3.3
131, 196, 29.18185302, 95.05257739,   3.3
132, 196, 29.18333479, 95.03490649,   3.3
133, 196, 29.18483438, 95.01699470,   3.4
134, 196, 29.18635195, 94.99883873,   3.4
135, 196, 29.18788770, 94.98043524,  99.9
136, 196, 29.18944179, 94.96178086,   3.5
137, 196, 29.19101442, 94.94287217,   4.5
138, 196, 29.19260574, 94.92370568,   4.4
139, 196, 29.19421596, 94.90427788,   4.4
140, 196, 29.19584525, 94.88458521,   4.4
141, 196, 29.19749379, 94.86462404,   4.3
142, 196, 29.19916176, 94.84439071,   4.3
143, 196, 29.20084935, 94.82388150,   4.3
144, 196, 29.20255673, 94.80309264,   4.2
145, 196, 29.20428410, 94.78202032,   4.2
146, 196, 29.20603162, 94.76066067,   4.2
147, 196, 29.20779949, 94.73900976,   4.1
148, 196, 29.20958788, 94.71706361,   4.1
149, 196, 29.21139698, 94.69481819,   4.1
150, 196, 29.21322697, 94.67226941,   4.0
151, 196, 29.21507804, 94.64941314,   4.0
152, 196, 29.21695035, 94.62624516,   4.0
153, 196, 29.21884411, 94.60276123,   4.0
154, 196, 29.22075947, 94.57895702,   4.0
155, 196, 29.22269663, 94.55482817,   4.0
156, 196, 29.22465577, 94.53037023,   3.9
157, 196, 29.22663705, 94.50557872,   3.9
158, 196, 29.22864067, 94.48044907,   3.9
159, 196, 29.23066679, 94.45497667,   3.9
160, 196, 29.23271559, 94.42915684,   3.9
161, 196, 29.23478724, 94.40298482,   3.9
162, 196, 29.23688192, 94.37645581,   3.8
163, 196, 29.23899981, 94.34956493,   3.8
164, 196, 29.24114106, 94.32230724,   3.8
165, 196, 29.24330584, 94.29467773,   3.8
166, 196, 29.24549433, 94.26667131,   3.7
167, 196, 29.24770669, 94.23828283,   3.7
168, 196, 29.24994307, 94.20950709,   3.7
169, 196, 29.25220364, 94.18033878,   3.6
170, 196, 29.25448855, 94.15077254,   3.6
171, 196, 29.25679797, 94.12080294,   3.6
172, 196, 29.25913204, 94.09042446,   3.5
173, 196, 29.26149090, 94.05963152,   3.5
174, 196, 29.26387472, 94.02841846,   3.5
175, 196, 29.26628362, 93.99677954,   3.4
176, 196, 29.26871774, 93.96470893,   3.4
177, 196, 29.27117724, 93.93220074,   3.3
178, 196, 29.27366222, 93.89924900,   3.3
179, 196, 29.27617283, 93.86584764,   3.3
180, 196, 29.27870918, 93.83199051,   3.2
181, 196, 29.28127139, 93.79767140,   3.2
182, 196, 29.28385957, 93.76288399,   3.1
183, 196, 29.28647385, 93.72762188,   3.0
184, 196, 29.28911431, 93.69187860,   3.0
185, 196, 29.29178105, 93.65564755,   2.9
186, 196, 29.29447417, 93.61892209,   2.8
187, 196, 29.29719376, 93.58169545,   2.8
188, 196, 29.29993988, 93.54396079,   2.7
189, 196, 29.30271262, 93.50571117,   2.6
190, 196, 29.30551204, 93.46693957,   2.6
191, 196, 29.30833820, 93.42763883,   2.7
  1, 197, 29.09008338, 96.12661960,  99.9
  2, 197, 29.09039946, 96.12357959,  99.9
  3, 197, 29.09071977, 96.12049820,  99.9
  4, 197, 29.09104438, 96.11737486,  99.9
  5, 197, 29.09137332, 96.11420901,  99.9
  6, 197, 29.09170667, 96.11100006,  99.9
  7, 197, 29.09204447, 96.10774743,  99.9
  8, 197, 29.09238679, 96.10445052,  99.9
  9, 197, 29.09273369, 96.10110873,  99.9
 10, 197, 29.09308522, 96.09772146,  99.9
 11, 197, 29.09344146, 96.09428807,  99.9
 12, 197, 29.09380244, 96.09080794,  99.9
 13, 197, 29.09416825, 96.08728044,  99.9
 14, 197, 29.09453895, 96.08370492,  99.9
 15, 197, 29.09491459, 96.08008073,  99.9
 16, 197, 29.09529525, 96.07640719,  99.9
 17, 197, 29.09568098, 96.07268365,  99.9
 18, 197, 29.09607185, 96.06890942,  99.9
 19, 197, 29.09646794, 96.06508381,  99.9
 20, 197, 29.09686931, 96.06120612,  99.9
 21, 197, 29.09727603, 96.05727563,  99.9
 22, 197, 29.09768816, 96.05329164,  99.9
 23, 197, 29.09810579, 96.04925341,  99.9
 24, 197, 29.09852897, 96.04516021,  99.9
 25, 197, 29.09895778, 96.04101128,   2.4
 26, 197, 29.09939230, 96.03680586,   2.4
 27, 197, 29.09983260, 96.03254319,  99.9
 28, 197, 29.10027876, 96.02822249,  99.9
 29, 197, 29.10073084, 96.02384296,  99.9
 30, 197, 29.10118894, 96.01940380,  99.9
 31, 197, 29.10165311, 96.01490421,  99.9
 32, 197, 29.10212346, 96.01034336,  99.9
 33, 197, 29.10260004, 96.00572041,  99.9
 34, 197, 29.10308295, 96.00103451,  99.9
 35, 197, 29.10357227, 95.99628482,  99.9
 36, 197, 29.10406807, 95.99147046,  99.9
 37, 197, 29.10457045, 95.98659055,  99.9
 38, 197, 29.10507948, 95.98164420,  99.9
 39, 197, 29.10559525, 95.97663049,  99.9
 40, 197, 29.10611786, 95.97154853,  99.9
 41, 197, 29.10664738, 95.96639736,  99.9
 42, 197, 29.10718391, 95.96117606,  99.9
 43, 197, 29.10772753, 95.95588366,  99.9
 44, 197, 29.10827834, 95.95051920,  99.9
 45, 197, 29.10883642, 95.94508169,  99.9
 46, 197, 29.10940188, 95.93957015,  99.9
 47, 197, 29.10997481, 95.93398355,  99.9
 48, 197, 29.11055530, 95.92832088,  99.9
 49, 197, 29.11114344, 95.92258111,  99.9
 50, 197, 29.11173934, 95.91676317,  99.9
 51, 197, 29.11234309, 95.91086601,  99.9
 52, 197, 29.11295480, 95.90488854,  99.9
 53, 197, 29.11357456, 95.89882968,  99.9
 54, 197, 29.11420248, 95.89268830,  99.9
 55, 197, 29.11483866, 95.88646330,  99.9
 56, 197, 29.11548321, 95.88015352,  99.9
 57, 197, 29.11613622, 95.87375781,  99.9
 58, 197, 29.11679782, 95.86727500,  99.9
 59, 197, 29.11746810, 95.86070391,  99.9
 60, 197, 29.11814717, 95.85404333,  99.9
 61, 197, 29.11883516, 95.84729204,  99.9
 62, 197, 29.11953216, 95.84044880,  99.9
 63, 197, 29.12023829, 95.83351236,  99.9
 64, 197, 29.12095368, 95.82648146,  99.9
 65, 197, 29.12167842, 95.81935479,  99.9
 66, 197, 29.12241264, 95.81213106,  99.9
 67, 197, 29.12315647, 95.80480895,  99.9
 68, 197, 29.12391001, 95.79738711,  99.9
 69, 197, 29.12467339, 95.78986418,  99.9
 70, 197, 29.12544673, 95.78223879,  99.9
 71, 197, 29.12623015, 95.77450953,  99.9
 72, 197, 29.12702379, 95.76667500,  99.9
 73, 197, 29.12782777, 95.75873375,  99.9
 74, 197, 29.12864221, 95.75068434,  99.9
 75, 197, 29.12946725, 95.74252528,  99.9
 76, 197, 29.13030301, 95.73425508,  99.9
 77, 197, 29.13114963, 95.72587222,  99.9
 78, 197, 29.13200725, 95.71737518,  99.9
 79, 197, 29.13287599, 95.70876239,  99.9
 80, 197, 29.13375599, 95.70003228,  99.9
 81, 197, 29.13464739, 95.69118323,  99.9
 82, 197, 29.13555034, 95.68221365,  99.9
 83, 197, 29.13646496, 95.67312186,  99.9
 84, 197, 29.13739141, 95.66390623,  99.9
 85, 197, 29.13832983, 95.65456504,  99.9
 86, 197, 29.13928036, 95.64509659,  99.9
 87, 197, 29.14024316, 95.63549915,  99.9
 88, 197, 29.14121836, 95.62577095,  99.9
 89, 197, 29.14220611, 95.61591022,   2.9
 90, 197, 29.14320658, 95.60591514,   2.6
 91, 197, 29.14421991, 95.59578387,   2.7
 92, 197, 29.14524625, 95.58551458,  99.9
 93, 197, 29.14628577, 95.57510536,  99.9
 94, 197, 29.14733862, 95.56455431,  99.9
 95, 197, 29.14840496, 95.55385950,  99.9
 96, 197, 29.14948495, 95.54301897,  99.9
 97, 197, 29.15057875, 95.53203072,  99.9
 98, 197, 29.15168652, 95.52089275,  99.9
 99, 197, 29.15280844, 95.50960300,  99.9
100, 197, 29.15394466, 95.49815941,  99.9
101, 197, 29.15509536, 95.48655988,   3.1
102, 197, 29.15626070, 95.47480228,  99.9
103, 197, 29.15744086, 95.46288445,  99.9
104, 197, 29.15863601, 95.45080421,  99.9
105, 197, 29.15984633, 95.43855934,  99.9
106, 197, 29.16107199, 95.42614759,  99.9
107, 197, 29.16231316, 95.41356670,  99.9
108, 197, 29.16357004, 95.40081434,  99.9
109, 197, 29.16484279, 95.38788817,  99.9
110, 197, 29.16613161, 95.37478583,  99.9
111, 197, 29.16743667, 95.36150492,  99.9
112, 197, 29.16875816, 95.34804298,  99.9
113, 197, 29.17009627, 95.33439756,  99.9
114, 197, 29.17145119, 95.32056615,  99.9
115, 197, 29.17282310, 95.30654620,  99.9
116, 197, 29.17421220, 95.29233515,  99.9
117, 197, 29.17561869, 95.27793038,  99.9
118, 197, 29.17704275, 95.26332926,  99.9
119, 197, 29.17848458, 95.24852909,  99.9
120, 197, 29.17994439, 95.23352717,  99.9
121, 197, 29.18142236, 95.21832073,  99.9
122, 197, 29.18291871, 95.20290699,  99.9
123, 197, 29.18443363, 95.18728312,   4.1
124, 197, 29.18596732, 95.17144623,   4.0
125, 197, 29.18752000, 95.15539344,   4.0
126, 197, 29.18909186, 95.13912178,   4.0
127, 197, 29.19068312, 95.12262827,   3.9
128, 197, 29.19229399, 95.10590987,   3.8
129, 197, 29.19392467, 95.08896353,   3.7
130, 197, 29.19557537, 95.07178611,   3.5
131, 197, 29.19724632, 95.05437448,   3.3
132, 197, 29.19893772, 95.03672542,   3.3
133, 197, 29.20064979, 95.01883569,   3.4
134, 197, 29.20238274, 95.00070201,   3.4
135, 197, 29.20413680, 94.98232105,   3.4
136, 197, 29.20591218, 94.96368942,   3.5
137, 197, 29.20770911, 94.94480371,  99.9
138, 197, 29.20952780, 94.92566043,   3.0
139, 197, 29.21136848, 94.90625607,   4.5
140, 197, 29.21323137, 94.88658707,   4.5
141, 197, 29.21511669, 94.86664981,   4.4
142, 197, 29.21702467, 94.84644061,   4.4
143, 197, 29.21895554, 94.82595578,   4.3
144, 197, 29.22090951, 94.80519153,   4.3
145, 197, 29.22288683, 94.78414405,   4.3
146, 197, 29.22488771, 94.76280948,   4.2
147, 197, 29.22691240, 94.74118388,   4.2
148, 197, 29.22896110, 94.71926328,   4.2
149, 197, 29.23103406, 94.69704365,   4.1
150, 197, 29.23313151, 94.67452089,   4.1
151, 197, 29.23525367, 94.65169088,   4.1
152, 197, 29.23740079, 94.62854940,   4.1
153, 197, 29.23957308, 94.60509220,   4.1
154, 197, 29.24177078, 94.58131496,   4.0
155, 197, 29.24399412, 94.55721331,   4.0
156, 197, 29.24624333, 94.53278282,   4.0
157, 197, 29.24851865, 94.50801898,   4.0
158, 197, 29.25082031, 94.48291724,   4.0
159, 197, 29.25314853, 94.45747298,   4.0
160, 197, 29.25550355, 94.43168153,   3.9
161, 197, 29.25788560, 94.40553812,   3.9
162, 197, 29.26029490, 94.37903795,   3.9
163, 197, 29.26273169, 94.35217613,   3.9
164, 197, 29.26519619, 94.32494774,   3.9
165, 197, 29.26768864, 94.29734774,   3.8
166, 197, 29.27020925, 94.26937107,   3.8
167, 197, 29.27275825, 94.24101257,   3.8
168, 197, 29.27533587, 94.21226701,   3.7
169, 197, 29.27794232, 94.18312911,   3.7
170, 197, 29.28057783, 94.15359349,   3.7
171, 197, 29.28324262, 94.12365473,   3.6
172, 197, 29.28593690, 94.09330731,   3.6
173, 197, 29.28866089, 94.06254563,   3.6
174, 197, 29.29141480, 94.03136403,   3.5
175, 197, 29.29419884, 93.99975677,   3.5
176, 197, 29.29701322, 93.96771803,   3.5
177, 197, 29.29985814, 93.93524190,   3.4
178, 197, 29.30273380, 93.90232240,   3.4
179, 197, 29.30564041, 93.86895347,   3.3
180, 197, 29.30857815, 93.83512897,   3.3
181, 197, 29.31154722, 93.80084265,   3.2
182, 197, 29.31454782, 93.76608820,   3.2
183, 197, 29.31758011, 93.73085923,   3.1
184, 197, 29.32064428, 93.69514923,   3.0
185, 197, 29.32374051, 93.65895163,   3.0
186, 197, 29.32686897, 93.62225977,   2.9
187, 197, 29.33002981, 93.58506687,   2.8
188, 197, 29.33322321, 93.54736609,   2.7
189, 197, 29.33644931, 93.50915048,   2.6
190, 197, 29.33970827, 93.47041300,   2.6
191, 197, 29.34300022, 93.43114650,   2.7
  1, 198, 29.09273357, 96.12699745,  99.9
  2, 198, 29.09308572, 96.12396250,  99.9
  3, 198, 29.09344260, 96.12088624,  99.9
  4, 198, 29.09380425, 96.11776810,  99.9
  5, 198, 29.09417076, 96.11460751,  99.9
  6, 198, 29.09454218, 96.11140390,  99.9
  7, 198, 29.09491857, 96.10815668,  99.9
  8, 198, 29.09530001, 96.10486525,  99.9
  9, 198, 29.09568655, 96.10152901,  99.9
 10, 198, 29.09607827, 96.09814736,  99.9
 11, 198, 29.09647524, 96.09471967,  99.9
 12, 198, 29.09687751, 96.09124532,  99.9
 13, 198, 29.09728518, 96.08772366,  99.9
 14, 198, 29.09769829, 96.08415407,  99.9
 15, 198, 29.09811693, 96.08053587,  99.9
 16, 198, 29.09854117, 96.07686842,  99.9
 17, 198, 29.09897108, 96.07315104,  99.9
 18, 198, 29.09940673, 96.06938305,  99.9
 19, 198, 29.09984821, 96.06556376,  99.9
 20, 198, 29.10029558, 96.06169248,  99.9
 21, 198, 29.10074893, 96.05776849,  99.9
 22, 198, 29.10120833, 96.05379107,  99.9
 23, 198, 29.10167386, 96.04975950,  99.9
 24, 198, 29.10214561, 96.04567304,  99.9
 25, 198, 29.10262364, 96.04153094,   2.4
 26, 198, 29.10310806, 96.03733245,   2.4
 27, 198, 29.10359893, 96.03307680,  99.9
 28, 198, 29.10409635, 96.02876320,  99.9
 29, 198, 29.10460039, 96.02439087,  99.9
 30, 198, 29.10511115, 96.01995901,  99.9
 31, 198, 29.10562871, 96.01546680,  99.9
 32, 198, 29.10615316, 96.01091343,  99.9
 33, 198, 29.10668459, 96.00629806,  99.9
 34, 198, 29.10722309, 96.00161984,  99.9
 35, 198, 29.10776876, 95.99687793,  99.9
 36, 198, 29.10832168, 95.99207145,  99.9
 37, 198, 29.10888195, 95.98719952,  99.9
 38, 198, 29.10944967, 95.98226124,  99.9
 39, 198, 29.11002493, 95.97725573,  99.9
 40, 198, 29.11060782, 95.97218206,  99.9
 41, 198, 29.11119846, 95.96703929,  99.9
 42, 198, 29.11179693, 95.96182650,  99.9
 43, 198, 29.11240334, 95.95654272,  99.9
 44, 198, 29.11301779, 95.95118699,  99.9
 45, 198, 29.11364039, 95.94575832,  99.9
 46, 198, 29.11427124, 95.94025573,  99.9
 47, 198, 29.11491044, 95.93467820,  99.9
 48, 198, 29.11555811, 95.92902472,  99.9
 49, 198, 29.11621435, 95.92329425,  99.9
 50, 198, 29.11687927, 95.91748573,  99.9
 51, 198, 29.11755299, 95.91159811,  99.9
 52, 198, 29.11823561, 95.90563031,  99.9
 53, 198, 29.11892726, 95.89958124,  99.9
 54, 198, 29.11962804, 95.89344978,  99.9
 55, 198, 29.12033807, 95.88723481,  99.9
 56, 198, 29.12105748, 95.88093520,  99.9
 57, 198, 29.12178637, 95.87454979,  99.9
 58, 198, 29.12252487, 95.86807741,  99.9
 59, 198, 29.12327311, 95.86151688,  99.9
 60, 198, 29.12403121, 95.85486699,  99.9
 61, 198, 29.12479929, 95.84812653,  99.9
 62, 198, 29.12557748, 95.84129426,  99.9
 63, 198, 29.12636591, 95.83436892,  99.9
 64, 198, 29.12716470, 95.82734926,  99.9
 65, 198, 29.12797400, 95.82023398,  99.9
 66, 198, 29.12879392, 95.81302178,  99.9
 67, 198, 29.12962461, 95.80571135,  99.9
 68, 198, 29.13046620, 95.79830133,  99.9
 69, 198, 29.13131883, 95.79079037,  99.9
 70, 198, 29.13218264, 95.78317709,  99.9
 71, 198, 29.13305776, 95.77546011,  99.9
 72, 198, 29.13394435, 95.76763800,  99.9
 73, 198, 29.13484254, 95.75970933,  99.9
 74, 198, 29.13575248, 95.75167265,  99.9
 75, 198, 29.13667431, 95.74352649,  99.9
 76, 198, 29.13760819, 95.73526935,  99.9
 77, 198, 29.13855426, 95.72689971,  99.9
 78, 198, 29.13951268, 95.71841605,  99.9
 79, 198, 29.14048360, 95.70981681,  99.9
 80, 198, 29.14146717, 95.70110041,  99.9
 81, 198, 29.14246356, 95.69226525,  99.9
 82, 198, 29.14347291, 95.68330971,  99.9
 83, 198, 29.14449540, 95.67423216,  99.9
 84, 198, 29.14553118, 95.66503092,  99.9
 85, 198, 29.14658042, 95.65570432,  99.9
 86, 198, 29.14764328, 95.64625063,  99.9
 87, 198, 29.14871993, 95.63666812,  99.9
 88, 198, 29.14981054, 95.62695504,  99.9
 89, 198, 29.15091528, 95.61710961,  99.9
 90, 198, 29.15203432, 95.60713002,  99.9
 91, 198, 29.15316784, 95.59701444,   2.7
 92, 198, 29.15431602, 95.58676101,   2.7
 93, 198, 29.15547903, 95.57636785,  99.9
 94, 198, 29.15665704, 95.56583306,  99.9
 95, 198, 29.15785026, 95.55515470,  99.9
 96, 198, 29.15905885, 95.54433081,  99.9
 97, 198, 29.16028301, 95.53335941,  99.9
 98, 198, 29.16152291, 95.52223848,  99.9
 99, 198, 29.16277876, 95.51096598,  99.9
100, 198, 29.16405074, 95.49953985,  99.9
101, 198, 29.16533905, 95.48795798,   3.3
102, 198, 29.16664387, 95.47621826,  99.9
103, 198, 29.16796542, 95.46431852,  99.9
104, 198, 29.16930388, 95.45225657,  99.9
105, 198, 29.17065945, 95.44003022,  99.9
106, 198, 29.17203235, 95.42763721,  99.9
107, 198, 29.17342277, 95.41507526,  99.9
108, 198, 29.17483093, 95.40234208,  99.9
109, 198, 29.17625703, 95.38943531,  99.9
110, 198, 29.17770127, 95.37635260,  99.9
111, 198, 29.17916388, 95.36309153,  99.9
112, 198, 29.18064507, 95.34964968,  99.9
113, 198, 29.18214505, 95.33602457,  99.9
114, 198, 29.18366405, 95.32221370,  99.9
115, 198, 29.18520227, 95.30821453,  99.9
116, 198, 29.18675996, 95.29402450,  99.9
117, 198, 29.18833732, 95.27964099,  99.9
118, 198, 29.18993459, 95.26506137,  99.9
119, 198, 29.19155199, 95.25028295,  99.9
120, 198, 29.19318975, 95.23530302,  99.9
121, 198, 29.19484811, 95.22011882,  99.9
122, 198, 29.19652730, 95.20472756,  99.9
123, 198, 29.19822755, 95.18912643,   4.0
124, 198, 29.19994911, 95.17331254,   4.2
125, 198, 29.20169221, 95.15728299,   4.2
126, 198, 29.20345709, 95.14103483,   4.1
127, 198, 29.20524399, 95.12456508,   4.1
128, 198, 29.20705317, 95.10787071,   4.0
129, 198, 29.20888486, 95.09094865,   3.9
130, 198, 29.21073932, 95.07379579,   3.7
131, 198, 29.21261680, 95.05640897,   3.5
132, 198, 29.21451755, 95.03878500,   3.3
133, 198, 29.21644182, 95.02092063,   3.3
134, 198, 29.21838987, 95.00281258,   3.4
135, 198, 29.22036195, 94.98445752,   3.4
136, 198, 29.22235833, 94.96585206,   3.5
137, 198, 29.22437927, 94.94699280,   3.6
138, 198, 29.22642502, 94.92787625,   3.6
139, 198, 29.22849585, 94.90849890,  99.9
140, 198, 29.23059204, 94.88885719,   4.5
141, 198, 29.23271383, 94.86894749,   4.5
142, 198, 29.23486151, 94.84876616,   4.5
143, 198, 29.23703534, 94.82830946,   4.4
144, 198, 29.23923560, 94.80757364,   4.4
145, 198, 29.24146255, 94.78655487,   4.4
146, 198, 29.24371647, 94.76524930,   4.3
147, 198, 29.24599764, 94.74365299,   4.3
148, 198, 29.24830633, 94.72176197,   4.2
149, 198, 29.25064282, 94.69957221,   4.2
150, 198, 29.25300738, 94.67707963,   4.2
151, 198, 29.25540031, 94.65428007,   4.1
152, 198, 29.25782187, 94.63116935,   4.1
153, 198, 29.26027235, 94.60774319,   4.1
154, 198, 29.26275204, 94.58399730,   4.1
155, 198, 29.26526121, 94.55992729,   4.1
156, 198, 29.26780015, 94.53552873,   4.1
157, 198, 29.27036915, 94.51079713,   4.0
158, 198, 29.27296848, 94.48572792,   4.0
159, 198, 29.27559844, 94.46031649,   4.0
160, 198, 29.27825931, 94.43455815,   4.0
161, 198, 29.28095138, 94.40844816,   4.0
162, 198, 29.28367493, 94.38198171,   4.0
163, 198, 29.28643024, 94.35515391,   3.9
164, 198, 29.28921762, 94.32795982,   3.9
165, 198, 29.29203734, 94.30039443,   3.9
166, 198, 29.29488968, 94.27245265,   3.9
167, 198, 29.29777494, 94.24412934,   3.8
168, 198, 29.30069340, 94.21541926,   3.8
169, 198, 29.30364534, 94.18631714,   3.8
170, 198, 29.30663104, 94.15681759,   3.8
171, 198, 29.30965080, 94.12691518,   3.7
172, 198, 29.31270489, 94.09660439,   3.7
173, 198, 29.31579359, 94.06587964,   3.7
174, 198, 29.31891718, 94.03473524,   3.6
175, 198, 29.32207595, 94.00316547,   3.6
176, 198, 29.32527015, 93.97116449,   3.5
177, 198, 29.32850008, 93.93872640,   3.5
178, 198, 29.33176600, 93.90584522,   3.4
179, 198, 29.33506818, 93.87251487,   3.4
180, 198, 29.33840689, 93.83872921,   3.3
181, 198, 29.34178239, 93.80448201,   3.3
182, 198, 29.34519495, 93.76976693,   3.2
183, 198, 29.34864483, 93.73457758,   3.2
184, 198, 29.35213228, 93.69890745,   3.1
185, 198, 29.35565755, 93.66274997,   3.1
186, 198, 29.35922089, 93.62609846,   3.0
187, 198, 29.36282255, 93.58894616,   2.9
188, 198, 29.36646277, 93.55128620,   2.8
189, 198, 29.37014178, 93.51311164,   2.7
190, 198, 29.37385982, 93.47441542,   2.6
191, 198, 29.37761710, 93.43519041,   2.7
  1, 199, 29.09537904, 96.12741605,  99.9
  2, 199, 29.09576720, 96.12438672,  99.9
  3, 199, 29.09616056, 96.12131615,  99.9
  4, 199, 29.09655921, 96.11820378,  99.9
  5, 199, 29.09696321, 96.11504904,  99.9
  6, 199, 29.09737263, 96.11185136,  99.9
  7, 199, 29.09778755, 96.10861013,  99.9
  8, 199, 29.09820803, 96.10532479,  99.9
  9, 199, 29.09863415, 96.10199471,  99.9
 10, 199, 29.09906599, 96.09861930,  99.9
 11, 199, 29.09950361, 96.09519793,  99.9
 12, 199, 29.09994711, 96.09172999,  99.9
 13, 199, 29.10039655, 96.08821483,  99.9
 14, 199, 29.10085201, 96.08465181,  99.9
 15, 199, 29.10131357, 96.08104028,  99.9
 16, 199, 29.10178131, 96.07737958,  99.9
 17, 199, 29.10225532, 96.07366904,  99.9
 18, 199, 29.10273567, 96.06990798,  99.9
 19, 199, 29.10322246, 96.06609572,  99.9
 20, 199, 29.10371576, 96.06223154,  99.9
 21, 199, 29.10421565, 96.05831476,  99.9
 22, 199, 29.10472224, 96.05434464,  99.9
 23, 199, 29.10523560, 96.05032047,  99.9
 24, 199, 29.10575582, 96.04624151,  99.9
 25, 199, 29.10628299, 96.04210701,  99.9
 26, 199, 29.10681721, 96.03791621,   2.5
 27, 199, 29.10735857, 96.03366835,  99.9
 28, 199, 29.10790716, 96.02936264,  99.9
 29, 199, 29.10846307, 96.02499831,  99.9
 30, 199, 29.10902640, 96.02057455,  99.9
 31, 199, 29.10959726, 96.01609055,  99.9
 32, 199, 29.11017572, 96.01154550,  99.9
 33, 199, 29.11076191, 96.00693855,  99.9
 34, 199, 29.11135591, 96.00226887,  99.9
 35, 199, 29.11195782, 95.99753560,  99.9
 36, 199, 29.11256776, 95.99273788,  99.9
 37, 199, 29.11318583, 95.98787482,  99.9
 38, 199, 29.11381213, 95.98294554,  99.9
 39, 199, 29.11444676, 95.97794913,  99.9
 40, 199, 29.11508985, 95.97288467,  99.9
 41, 199, 29.11574149, 95.96775125,  99.9
 42, 199, 29.11640180, 95.96254792,  99.9
 43, 199, 29.11707089, 95.95727372,  99.9
 44, 199, 29.11774888, 95.95192770,  99.9
 45, 199, 29.11843588, 95.94650887,  99.9
 46, 199, 29.11913200, 95.94101624,  99.9
 47, 199, 29.11983737, 95.93544881,  99.9
 48, 199, 29.12055211, 95.92980555,  99.9
 49, 199, 29.12127633, 95.92408543,  99.9
 50, 199, 29.12201015, 95.91828740,  99.9
 51, 199, 29.12275371, 95.91241040,  99.9
 52, 199, 29.12350713, 95.90645336,  99.9
 53, 199, 29.12427053, 95.90041518,  99.9
 54, 199, 29.12504405, 95.89429476,  99.9
 55, 199, 29.12582781, 95.88809097,  99.9
 56, 199, 29.12662194, 95.88180268,  99.9
 57, 199, 29.12742659, 95.87542873,  99.9
 58, 199, 29.12824187, 95.86896797,  99.9
 59, 199, 29.12906794, 95.86241920,  99.9
 60, 199, 29.12990492, 95.85578122,  99.9
 61, 199, 29.13075296, 95.84905282,  99.9
 62, 199, 29.13161220, 95.84223277,  99.9
 63, 199, 29.13248278, 95.83531981,  99.9
 64, 199, 29.13336485, 95.82831268,  99.9
 65, 199, 29.13425854, 95.82121009,  99.9
 66, 199, 29.13516402, 95.81401074,  99.9
 67, 199, 29.13608144, 95.80671332,  99.9
 68, 199, 29.13701093, 95.79931648,  99.9
 69, 199, 29.13795266, 95.79181887,  99.9
 70, 199, 29.13890678, 95.78421911,  99.9
 71, 199, 29.13987345, 95.77651581,  99.9
 72, 199, 29.14085282, 95.76870756,  99.9
 73, 199, 29.14184507, 95.76079293,  99.9
 74, 199, 29.14285034, 95.75277046,  99.9
 75, 199, 29.14386881, 95.74463868,  99.9
 76, 199, 29.14490064, 95.73639611,  99.9
 77, 199, 29.14594599, 95.72804122,  99.9
 78, 199, 29.14700505, 95.71957250,  99.9
 79, 199, 29.14807798, 95.71098838,  99.9
 80, 199, 29.14916495, 95.70228729,  99.9
 81, 199, 29.15026614, 95.69346763,  99.9
 82, 199, 29.15138173, 95.68452780,  99.9
 83, 199, 29.15251190, 95.67546614,  99.9
 84, 199, 29.15365683, 95.66628099,  99.9
 85, 199, 29.15481671, 95.65697067,  99.9
 86, 199, 29.15599171, 95.64753347,  99.9
 87, 199, 29.15718203, 95.63796766,  99.9
 88, 199, 29.15838786, 95.62827149,  99.9
 89, 199, 29.15960939, 95.61844316,  99.9
 90, 199, 29.16084681, 95.60848089,  99.9
 91, 199, 29.16210033, 95.59838284,  99.9
 92, 199, 29.16337013, 95.58814716,   2.7
 93, 199, 29.16465642, 95.57777197,  99.9
 94, 199, 29.16595941, 95.56725536,  99.9
 95, 199, 29.16727929, 95.55659541,  99.9
 96, 199, 29.16861628, 95.54579016,  99.9
 97, 199, 29.16997057, 95.53483761,  99.9
 98, 199, 29.17134240, 95.52373577,  99.9
 99, 199, 29.17273196, 95.51248260,  99.9
100, 199, 29.17413948, 95.50107602,  99.9
101, 199, 29.17556517, 95.48951394,   3.4
102, 199, 29.17700925, 95.47779425,  99.9
103, 199, 29.17847195, 95.46591478,  99.9
104, 199, 29.17995349, 95.45387335,  99.9
105, 199, 29.18145409, 95.44166775,  99.9
106, 199, 29.18297399, 95.42929575,  99.9
107, 199, 29.18451342, 95.41675506,  99.9
108, 199, 29.18607262, 95.40404339,  99.9
109, 199, 29.18765181, 95.39115839,  99.9
110, 199, 29.18925124, 95.37809770,  99.9
111, 199, 29.19087114, 95.36485892,  99.9
112, 199, 29.19251177, 95.35143962,  99.9
113, 199, 29.19417337, 95.33783732,  99.9
114, 199, 29.19585618, 95.32404954,  99.9
115, 199, 29.19756046, 95.31007373,  99.9
116, 199, 29.19928646, 95.29590732,  99.9
117, 199, 29.20103443, 95.28154772,  99.9
118, 199, 29.20280463, 95.26699227,  99.9
119, 199, 29.20459732, 95.25223831,  99.9
120, 199, 29.20641277, 95.23728312,  99.9
121, 199, 29.20825123, 95.22212395,  99.9
122, 199, 29.21011298, 95.20675801,   3.9
123, 199, 29.21199827, 95.19118248,   4.0
124, 199, 29.21390740, 95.17539449,  99.9
125, 199, 29.21584062, 95.15939114,  99.9
126, 199, 29.21779822, 95.14316947,   4.1
127, 199, 29.21978047, 95.12672652,   4.1
128, 199, 29.22178765, 95.11005924,   4.1
129, 199, 29.22382006, 95.09316458,  99.9
130, 199, 29.22587796, 95.07603942,  99.9
131, 199, 29.22796166, 95.05868062,  99.9
132, 199, 29.23007143, 95.04108497,   3.3
133, 199, 29.23220758, 95.02324924,   3.3
134, 199, 29.23437040, 95.00517015,   3.3
135, 199, 29.23656018, 94.98684436,   3.4
136, 199, 29.23877722, 94.96826851,   3.5
137, 199, 29.24102183, 94.94943916,   3.6
138, 199, 29.24329430, 94.93035286,   3.7
139, 199, 29.24559495, 94.91100609,   3.9
140, 199, 29.24792408, 94.89139528,  99.9
141, 199, 29.25028200, 94.87151682,  99.9
142, 199, 29.25266902, 94.85136705,   4.5
143, 199, 29.25508546, 94.83094226,   4.5
144, 199, 29.25753163, 94.81023868,   4.5
145, 199, 29.26000785, 94.78925250,   4.4
146, 199, 29.26251444, 94.76797985,   4.4
147, 199, 29.26505172, 94.74641681,   4.4
148, 199, 29.26762001, 94.72455940,   4.3
149, 199, 29.27021965, 94.70240360,   4.3
150, 199, 29.27285095, 94.67994532,   4.3
151, 199, 29.27551424, 94.65718042,   4.2
152, 199, 29.27820987, 94.63410471,   4.2
153, 199, 29.28093814, 94.61071392,   4.2
154, 199, 29.28369941, 94.58700375,   4.2
155, 199, 29.28649401, 94.56296981,   4.2
156, 199, 29.28932227, 94.53860768,   4.1
157, 199, 29.29218453, 94.51391287,   4.1
158, 199, 29.29508112, 94.48888081,   4.1
159, 199, 29.29801240, 94.46350688,   4.1
160, 199, 29.30097869, 94.43778642,   4.1
161, 199, 29.30398035, 94.41171466,   4.0
162, 199, 29.30701771, 94.38528680,   4.0
163, 199, 29.31009112, 94.35849796,   4.0
164, 199, 29.31320093, 94.33134319,   4.0
165, 199, 29.31634747, 94.30381749,   4.0
166, 199, 29.31953110, 94.27591576,   3.9
167, 199, 29.32275216, 94.24763286,   3.9
168, 199, 29.32601100, 94.21896356,   3.9
169, 199, 29.32930797, 94.18990258,   3.9
170, 199, 29.33264341, 94.16044453,   3.8
171, 199, 29.33601767, 94.13058399,   3.8
172, 199, 29.33943109, 94.10031543,   3.8
173, 199, 29.34288403, 94.06963327,   3.7
174, 199, 29.34637682, 94.03853183,   3.7
175, 199, 29.34990982, 94.00700537,   3.7
176, 199, 29.35348337, 93.97504806,   3.6
177, 199, 29.35709781, 93.94265399,   3.6
178, 199, 29.36075349, 93.90981719,   3.5
179, 199, 29.36445075, 93.87653157,   3.5
180, 199, 29.36818992, 93.84279100,   3.4
181, 199, 29.37197134, 93.80858922,   3.4
182, 199, 29.37579536, 93.77391992,   3.3
183, 199, 29.37966230, 93.73877668,   3.3
184, 199, 29.38357251, 93.70315301,   3.2
185, 199, 29.38752630, 93.66704233,   3.1
186, 199, 29.39152400, 93.63043794,   3.1
187, 199, 29.39556595, 93.59333309,   3.0
188, 199, 29.39965246, 93.55572091,   2.9
189, 199, 29.40378384, 93.51759444,   2.7
190, 199, 29.40796041, 93.47894663,   2.6
191, 199, 29.41218249, 93.43977033,   2.7
  1, 200, 29.09801930, 96.12787534,  99.9
  2, 200, 29.09844338, 96.12485218,  99.9
  3, 200, 29.09887317, 96.12178787,  99.9
  4, 200, 29.09930874, 96.11868184,  99.9
  5, 200, 29.09975016, 96.11553352,  99.9
  6, 200, 29.10019751, 96.11234234,  99.9
  7, 200, 29.10065087, 96.10910771,  99.9
  8, 200, 29.10111032, 96.10582905,  99.9
  9, 200, 29.10157595, 96.10250574,  99.9
 10, 200, 29.10204782, 96.09913719,  99.9
 11, 200, 29.10252603, 96.09572278,  99.9
 12, 200, 29.10301066, 96.09226187,  99.9
 13, 200, 29.10350180, 96.08875385,  99.9
 14, 200, 29.10399952, 96.08519806,  99.9
 15, 200, 29.10450392, 96.08159386,  99.9
 16, 200, 29.10501509, 96.07794058,  99.9
 17, 200, 29.10553311, 96.07423756,  99.9
 18, 200, 29.10605808, 96.07048412,  99.9
 19, 200, 29.10659008, 96.06667957,  99.9
 20, 200, 29.10712921, 96.06282322,  99.9
 21, 200, 29.10767557, 96.05891436,  99.9
 22, 200, 29.10822925, 96.05495228,  99.9
 23, 200, 29.10879034, 96.05093624,  99.9
 24, 200, 29.10935895, 96.04686552,  99.9
 25, 200, 29.10993517, 96.04273936,   2.5
 26, 200, 29.11051910, 96.03855703,   2.5
 27, 200, 29.11111084, 96.03431773,  99.9
 28, 200, 29.11171050, 96.03002071,  99.9
 29, 200, 29.11231818, 96.02566518,  99.9
 30, 200, 29.11293399, 96.02125033,  99.9
 31, 200, 29.11355803, 96.01677537,  99.9
 32, 200, 29.11419041, 96.01223946,  99.9
 33, 200, 29.11483124, 96.00764178,  99.9
 34, 200, 29.11548063, 96.00298149,  99.9
 35, 200, 29.11613869, 95.99825773,  99.9
 36, 200, 29.11680554, 95.99346964,  99.9
 37, 200, 29.11748129, 95.98861635,  99.9
 38, 200, 29.11816606, 95.98369695,  99.9
 39, 200, 29.11885996, 95.97871056,  99.9
 40, 200, 29.11956312, 95.97365626,  99.9
 41, 200, 29.12027565, 95.96853312,  99.9
 42, 200, 29.12099768, 95.96334020,  99.9
 43, 200, 29.12172934, 95.95807656,  99.9
 44, 200, 29.12247073, 95.95274122,  99.9
 45, 200, 29.12322201, 95.94733322,  99.9
 46, 200, 29.12398328, 95.94185156,  99.9
 47, 200, 29.12475469, 95.93629524,  99.9
 48, 200, 29.12553637, 95.93066323,  99.9
 49, 200, 29.12632844, 95.92495451,  99.9
 50, 200, 29.12713104, 95.91916803,  99.9
 51, 200, 29.12794431, 95.91330273,  99.9
 52, 200, 29.12876839, 95.90735754,  99.9
 53, 200, 29.12960341, 95.90133136,  99.9
 54, 200, 29.13044953, 95.89522310,  99.9
 55, 200, 29.13130687, 95.88903162,  99.9
 56, 200, 29.13217560, 95.88275581,  99.9
 57, 200, 29.13305584, 95.87639450,  99.9
 58, 200, 29.13394776, 95.86994653,  99.9
 59, 200, 29.13485151, 95.86341072,  99.9
 60, 200, 29.13576723, 95.85678587,  99.9
 61, 200, 29.13669508, 95.85007077,  99.9
 62, 200, 29.13763521, 95.84326418,  99.9
 63, 200, 29.13858779, 95.83636486,  99.9
 64, 200, 29.13955297, 95.82937155,  99.9
 65, 200, 29.14053092, 95.82228295,  99.9
 66, 200, 29.14152179, 95.81509778,  99.9
 67, 200, 29.14252576, 95.80781471,  99.9
 68, 200, 29.14354299, 95.80043240,  99.9
 69, 200, 29.14457366, 95.79294951,  99.9
 70, 200, 29.14561792, 95.78536466,  99.9
 71, 200, 29.14667596, 95.77767646,  99.9
 72, 200, 29.14774795, 95.76988350,  99.9
 73, 200, 29.14883408, 95.76198435,  99.9
 74, 200, 29.14993451, 95.75397756,  99.9
 75, 200, 29.15104943, 95.74586166,  99.9
 76, 200, 29.15217903, 95.73763517,  99.9
 77, 200, 29.15332348, 95.72929657,  99.9
 78, 200, 29.15448299, 95.72084434,  99.9
 79, 200, 29.15565774, 95.71227691,  99.9
 80, 200, 29.15684791, 95.70359273,  99.9
 81, 200, 29.15805372, 95.69479020,  99.9
 82, 200, 29.15927535, 95.68586770,  99.9
 83, 200, 29.16051300, 95.67682359,  99.9
 84, 200, 29.16176688, 95.66765622,  99.9
 85, 200, 29.16303718, 95.65836390,  99.9
 86, 200, 29.16432412, 95.64894492,  99.9
 87, 200, 29.16562790, 95.63939756,  99.9
 88, 200, 29.16694874, 95.62972007,  99.9
 89, 200, 29.16828685, 95.61991066,  99.9
 90, 200, 29.16964243, 95.60996754,  99.9
 91, 200, 29.17101572, 95.59988888,   2.7
 92, 200, 29.17240693, 95.58967282,   2.5
 93, 200, 29.17381628, 95.57931750,  99.9
 94, 200, 29.17524401, 95.56882101,  99.9
 95, 200, 29.17669033, 95.55818142,  99.9
 96, 200, 29.17815547, 95.54739679,  99.9
 97, 200, 29.17963968, 95.53646511,  99.9
 98, 200, 29.18114318, 95.52538440,  99.9
 99, 200, 29.18266622, 95.51415261,  99.9
100, 200, 29.18420903, 95.50276768,  99.9
101, 200, 29.18577185, 95.49122752,   3.6
102, 200, 29.18735494, 95.47953001,  99.9
103, 200, 29.18895853, 95.46767299,  99.9
104, 200, 29.19058289, 95.45565429,  99.9
105, 200, 29.19222826, 95.44347169,  99.9
106, 200, 29.19389491, 95.43112297,  99.9
107, 200, 29.19558308, 95.41860585,  99.9
108, 200, 29.19729304, 95.40591802,  99.9
109, 200, 29.19902505, 95.39305716,  99.9
110, 200, 29.20077939, 95.38002089,  99.9
111, 200, 29.20255631, 95.36680683,  99.9
112, 200, 29.20435610, 95.35341255,  99.9
113, 200, 29.20617903, 95.33983557,  99.9
114, 200, 29.20802537, 95.32607340,  99.9
115, 200, 29.20989540, 95.31212351,  99.9
116, 200, 29.21178942, 95.29798334,  99.9
117, 200, 29.21370769, 95.28365027,  99.9
118, 200, 29.21565052, 95.26912168,  99.9
119, 200, 29.21761820, 95.25439490,  99.9
120, 200, 29.21961101, 95.23946720,  99.9
121, 200, 29.22162926, 95.22433585,  99.9
122, 200, 29.22367325, 95.20899805,   3.8
123, 200, 29.22574327, 95.19345099,  99.9
124, 200, 29.22783964, 95.17769180,  99.9
125, 200, 29.22996266, 95.16171759,  99.9
126, 200, 29.23211264, 95.14552540,  99.9
127, 200, 29.23428989, 95.12911226,  99.9
128, 200, 29.23649474, 95.11247514,  99.9
129, 200, 29.23872751, 95.09561099,  99.9
130, 200, 29.24098851, 95.07851669,  99.9
131, 200, 29.24327807, 95.06118910,  99.9
132, 200, 29.24559651, 95.04362502,   3.2
133, 200, 29.24794418, 95.02582121,   3.3
134, 200, 29.25032140, 95.00777441,   3.3
135, 200, 29.25272850, 94.98948127,   3.3
136, 200, 29.25516584, 94.97093843,   3.4
137, 200, 29.25763374, 94.95214248,   3.5
138, 200, 29.26013256, 94.93308994,   3.6
139, 200, 29.26266263, 94.91377730,   3.7
140, 200, 29.26522432, 94.89420100,   3.7
141, 200, 29.26781797, 94.87435744,   3.7
142, 200, 29.27044393, 94.85424296,   3.7
143, 200, 29.27310257, 94.83385383,  99.9
144, 200, 29.27579425, 94.81318631,  99.9
145, 200, 29.27851933, 94.79223658,   4.5
146, 200, 29.28127817, 94.77100078,   4.5
147, 200, 29.28407114, 94.74947498,   4.5
148, 200, 29.28689861, 94.72765521,   4.4
149, 200, 29.28976096, 94.70553746,   4.4
150, 200, 29.29265856, 94.68311763,   4.3
151, 200, 29.29559179, 94.66039159,   4.3
152, 200, 29.29856103, 94.63735514,   4.3
153, 200, 29.30156665, 94.61400402,   4.3
154, 200, 29.30460905, 94.59033394,   4.3
155, 200, 29.30768862, 94.56634051,   4.2
156, 200, 29.31080573, 94.54201931,   4.2
157, 200, 29.31396078, 94.51736584,   4.2
158, 200, 29.31715417, 94.49237555,   4.2
159, 200, 29.32038628, 94.46704382,   4.2
160, 200, 29.32365752, 94.44136597,   4.1
161, 200, 29.32696828, 94.41533725,   4.1
162, 200, 29.33031897, 94.38895286,   4.1
163, 200, 29.33370998, 94.36220793,   4.1
164, 200, 29.33714171, 94.33509749,   4.1
165, 200, 29.34061458, 94.30761655,   4.0
166, 200, 29.34412899, 94.27976003,   4.0
167, 200, 29.34768534, 94.25152276,   4.0
168, 200, 29.35128404, 94.22289954,   4.0
169, 200, 29.35492551, 94.19388506,   3.9
170, 200, 29.35861015, 94.16447396,   3.9
171, 200, 29.36233837, 94.13466080,   3.9
172, 200, 29.36611059, 94.10444007,   3.9
173, 200, 29.36992722, 94.07380616,   3.8
174, 200, 29.37378867, 94.04275342,   3.8
175, 200, 29.37769536, 94.01127610,   3.8
176, 200, 29.38164769, 93.97936836,   3.7
177, 200, 29.38564608, 93.94702431,   3.7
178, 200, 29.38969095, 93.91423795,   3.6
179, 200, 29.39378271, 93.88100322,   3.6
180, 200, 29.39792176, 93.84731396,   3.5
181, 200, 29.40210853, 93.81316394,   3.5
182, 200, 29.40634342, 93.77854682,   3.4
183, 200, 29.41062684, 93.74345620,   3.4
184, 200, 29.41495920, 93.70788558,   3.3
185, 200, 29.41934091, 93.67182836,   3.2
186, 200, 29.42377237, 93.63527787,   3.2
187, 200, 29.42825399, 93.59822733,   3.1
188, 200, 29.43278617, 93.56066988,   3.0
189, 200, 29.43736931, 93.52259856,   2.9
190, 200, 29.44200380, 93.48400631,   2.7
191, 200, 29.44669004, 93.44488598,   2.6
  1, 201, 29.10065385, 96.12837523,  99.9
  2, 201, 29.10111380, 96.12535880,  99.9
  3, 201, 29.10157993, 96.12230131,  99.9
  4, 201, 29.10205234, 96.11920218,  99.9
  5, 201, 29.10253110, 96.11606086,  99.9
  6, 201, 29.10301630, 96.11287677,  99.9
  7, 201, 29.10350803, 96.10964933,  99.9
  8, 201, 29.10400637, 96.10637795,  99.9
  9, 201, 29.10451141, 96.10306202,  99.9
 10, 201, 29.10502323, 96.09970095,  99.9
 11, 201, 29.10554194, 96.09629411,  99.9
 12, 201, 29.10606762, 96.09284088,  99.9
 13, 201, 29.10660036, 96.08934063,  99.9
 14, 201, 29.10714026, 96.08579272,  99.9
 15, 201, 29.10768741, 96.08219650,  99.9
 16, 201, 29.10824191, 96.07855132,  99.9
 17, 201, 29.10880385, 96.07485650,  99.9
 18, 201, 29.10937333, 96.07111136,  99.9
 19, 201, 29.10995046, 96.06731523,  99.9
 20, 201, 29.11053533, 96.06346741,  99.9
 21, 201, 29.11112805, 96.05956719,  99.9
 22, 201, 29.11172872, 96.05561386,  99.9
 23, 201, 29.11233745, 96.05160669,  99.9
 24, 201, 29.11295433, 96.04754495,  99.9
 25, 201, 29.11357949, 96.04342791,   2.5
 26, 201, 29.11421303, 96.03925479,  99.9
 27, 201, 29.11485505, 96.03502485,  99.9
 28, 201, 29.11550568, 96.03073730,  99.9
 29, 201, 29.11616502, 96.02639136,  99.9
 30, 201, 29.11683319, 96.02198623,  99.9
 31, 201, 29.11751030, 96.01752112,  99.9
 32, 201, 29.11819648, 96.01299519,  99.9
 33, 201, 29.11889184, 96.00840762,  99.9
 34, 201, 29.11959651, 96.00375757,  99.9
 35, 201, 29.12031059, 95.99904419,  99.9
 36, 201, 29.12103423, 95.99426661,  99.9
 37, 201, 29.12176755, 95.98942397,  99.9
 38, 201, 29.12251066, 95.98451536,  99.9
 39, 201, 29.12326371, 95.97953990,  99.9
 40, 201, 29.12402681, 95.97449668,  99.9
 41, 201, 29.12480011, 95.96938476,  99.9
 42, 201, 29.12558373, 95.96420321,  99.9
 43, 201, 29.12637781, 95.95895108,  99.9
 44, 201, 29.12718249, 95.95362741,  99.9
 45, 201, 29.12799791, 95.94823123,  99.9
 46, 201, 29.12882420, 95.94276154,  99.9
 47, 201, 29.12966151, 95.93721734,  99.9
 48, 201, 29.13050998, 95.93159762,  99.9
 49, 201, 29.13136976, 95.92590135,  99.9
 50, 201, 29.13224099, 95.92012748,  99.9
 51, 201, 29.13312382, 95.91427496,  99.9
 52, 201, 29.13401842, 95.90834270,  99.9
 53, 201, 29.13492491, 95.90232963,  99.9
 54, 201, 29.13584348, 95.89623464,  99.9
 55, 201, 29.13677425, 95.89005662,  99.9
 56, 201, 29.13771741, 95.88379442,  99.9
 57, 201, 29.13867311, 95.87744692,  99.9
 58, 201, 29.13964150, 95.87101293,  99.9
 59, 201, 29.14062277, 95.86449128,  99.9
 60, 201, 29.14161706, 95.85788077,  99.9
 61, 201, 29.14262455, 95.85118020,  99.9
 62, 201, 29.14364541, 95.84438833,  99.9
 63, 201, 29.14467982, 95.83750391,  99.9
 64, 201, 29.14572795, 95.83052570,  99.9
 65, 201, 29.14678997, 95.82345239,  99.9
 66, 201, 29.14786606, 95.81628271,  99.9
 67, 201, 29.14895641, 95.80901532,  99.9
 68, 201, 29.15006120, 95.80164891,  99.9
 69, 201, 29.15118061, 95.79418211,  99.9
 70, 201, 29.15231483, 95.78661356,  99.9
 71, 201, 29.15346406, 95.77894186,  99.9
 72, 201, 29.15462848, 95.77116562,  99.9
 73, 201, 29.15580829, 95.76328341,  99.9
 74, 201, 29.15700368, 95.75529377,  99.9
 75, 201, 29.15821486, 95.74719524,  99.9
 76, 201, 29.15944202, 95.73898634,  99.9
 77, 201, 29.16068538, 95.73066555,  99.9
 78, 201, 29.16194513, 95.72223136,  99.9
 79, 201, 29.16322148, 95.71368221,  99.9
 80, 201, 29.16451466, 95.70501653,  99.9
 81, 201, 29.16582486, 95.69623273,  99.9
 82, 201, 29.16715231, 95.68732920,  99.9
 83, 201, 29.16849723, 95.67830431,  99.9
 84, 201, 29.16985983, 95.66915640,  99.9
 85, 201, 29.17124034, 95.65988378,  99.9
 86, 201, 29.17263899, 95.65048475,  99.9
 87, 201, 29.17405601, 95.64095760,  99.9
 88, 201, 29.17549162, 95.63130056,  99.9
 89, 201, 29.17694606, 95.62151187,  99.9
 90, 201, 29.17841958, 95.61158972,  99.9
 91, 201, 29.17991240, 95.60153229,   2.9
 92, 201, 29.18142477, 95.59133774,   2.6
 93, 201, 29.18295693, 95.58100420,  99.9
 94, 201, 29.18450914, 95.57052975,  99.9
 95, 201, 29.18608164, 95.55991248,  99.9
 96, 201, 29.18767469, 95.54915044,  99.9
 97, 201, 29.18928855, 95.53824165,  99.9
 98, 201, 29.19092346, 95.52718410,  99.9
 99, 201, 29.19257971, 95.51597576,  99.9
100, 201, 29.19425754, 95.50461457,  99.9
101, 201, 29.19595722, 95.49309845,  99.9
102, 201, 29.19767904, 95.48142526,  99.9
103, 201, 29.19942325, 95.46959288,  99.9
104, 201, 29.20119015, 95.45759911,  99.9
105, 201, 29.20298000, 95.44544176,  99.9
106, 201, 29.20479309, 95.43311859,  99.9
107, 201, 29.20662971, 95.42062733,  99.9
108, 201, 29.20849014, 95.40796568,  99.9
109, 201, 29.21037467, 95.39513132,  99.9
110, 201, 29.21228361, 95.38212188,  99.9
111, 201, 29.21421724, 95.36893497,  99.9
112, 201, 29.21617588, 95.35556816,  99.9
113, 201, 29.21815982, 95.34201899,  99.9
114, 201, 29.22016936, 95.32828497,  99.9
115, 201, 29.22220483, 95.31436357,  99.9
116, 201, 29.22426653, 95.30025223,  99.9
117, 201, 29.22635479, 95.28594835,  99.9
118, 201, 29.22846991, 95.27144929,  99.9
119, 201, 29.23061223, 95.25675239,  99.9
120, 201, 29.23278207, 95.24185493,  99.9
121, 201, 29.23497976, 95.22675418,   3.6
122, 201, 29.23720563, 95.21144735,   3.7
123, 201, 29.23946002, 95.19593162,  99.9
124, 201, 29.24174327, 95.18020414,  99.9
125, 201, 29.24405572, 95.16426200,  99.9
126, 201, 29.24639771, 95.14810227,  99.9
127, 201, 29.24876960, 95.13172197,  99.9
128, 201, 29.25117174, 95.11511808,  99.9
129, 201, 29.25360449, 95.09828754,  99.9
130, 201, 29.25606819, 95.08122725,  99.9
131, 201, 29.25856323, 95.06393406,  99.9
132, 201, 29.26108995, 95.04640478,   3.1
133, 201, 29.26364873, 95.02863618,   3.2
134, 201, 29.26623995, 95.01062499,   3.2
135, 201, 29.26886397, 94.99236787,   3.3
136, 201, 29.27152118, 94.97386147,   3.3
137, 201, 29.27421196, 94.95510237,   3.4
138, 201, 29.27693669, 94.93608710,   3.5
139, 201, 29.27969577, 94.91681216,   3.6
140, 201, 29.28248957, 94.89727399,   3.7
141, 201, 29.28531851, 94.87746899,   3.7
142, 201, 29.28818298, 94.85739349,   3.7
143, 201, 29.29108338, 94.83704380,   3.8
144, 201, 29.29402011, 94.81641615,  99.9
145, 201, 29.29699358, 94.79550673,  99.9
146, 201, 29.30000421, 94.77431169,   4.6
147, 201, 29.30305241, 94.75282710,   4.5
148, 201, 29.30613859, 94.73104901,   4.5
149, 201, 29.30926317, 94.70897338,   4.5
150, 201, 29.31242659, 94.68659614,   4.4
151, 201, 29.31562926, 94.66391315,   4.4
152, 201, 29.31887162, 94.64092021,   4.4
153, 201, 29.32215409, 94.61761309,   4.4
154, 201, 29.32547712, 94.59398747,   4.4
155, 201, 29.32884114, 94.57003898,   4.3
156, 201, 29.33224659, 94.54576319,   4.3
157, 201, 29.33569392, 94.52115562,   4.3
158, 201, 29.33918357, 94.49621171,   4.3
159, 201, 29.34271599, 94.47092685,   4.3
160, 201, 29.34629164, 94.44529637,   4.2
161, 201, 29.34991096, 94.41931551,   4.2
162, 201, 29.35357442, 94.39297947,   4.2
163, 201, 29.35728247, 94.36628338,   4.2
164, 201, 29.36103558, 94.33922229,   4.2
165, 201, 29.36483421, 94.31179120,   4.1
166, 201, 29.36867882, 94.28398502,   4.1
167, 201, 29.37256988, 94.25579862,   4.1
168, 201, 29.37650786, 94.22722676,   4.1
169, 201, 29.38049324, 94.19826415,   4.1
170, 201, 29.38452649, 94.16890544,   4.0
171, 201, 29.38860808, 94.13914518,   4.0
172, 201, 29.39273850, 94.10897786,   4.0
173, 201, 29.39691821, 94.07839788,   4.0
174, 201, 29.40114769, 94.04739959,   3.9
175, 201, 29.40542744, 94.01597722,   3.9
176, 201, 29.40975793, 93.98412497,   3.8
177, 201, 29.41413964, 93.95183691,   3.8
178, 201, 29.41857306, 93.91910708,   3.7
179, 201, 29.42305867, 93.88592939,   3.7
180, 201, 29.42759696, 93.85229768,   3.7
181, 201, 29.43218840, 93.81820574,   3.6
182, 201, 29.43683350, 93.78364722,   3.5
183, 201, 29.44153273, 93.74861571,   3.5
184, 201, 29.44628657, 93.71310472,   3.4
185, 201, 29.45109552, 93.67710765,   3.3
186, 201, 29.45596006, 93.64061783,   3.3
187, 201, 29.46088066, 93.60362847,   3.2
188, 201, 29.46585781, 93.56613272,   3.1
189, 201, 29.47089200, 93.52812360,   3.0
190, 201, 29.47598370, 93.48959406,   2.9
191, 201, 29.48113339, 93.45053694,   2.8
  1, 202, 29.10328223, 96.12891563,  99.9
  2, 202, 29.10377795, 96.12590649,  99.9
  3, 202, 29.10428034, 96.12285637,  99.9
  4, 202, 29.10478950, 96.11976472,  99.9
  5, 202, 29.10530552, 96.11663097,  99.9
  6, 202, 29.10582848, 96.11345456,  99.9
  7, 202, 29.10635849, 96.11023489,  99.9
  8, 202, 29.10689562, 96.10697139,  99.9
  9, 202, 29.10743999, 96.10366345,  99.9
 10, 202, 29.10799168, 96.10031046,  99.9
 11, 202, 29.10855079, 96.09691182,  99.9
 12, 202, 29.10911742, 96.09346690,  99.9
 13, 202, 29.10969167, 96.08997507,  99.9
 14, 202, 29.11027365, 96.08643569,  99.9
 15, 202, 29.11086345, 96.08284812,  99.9
 16, 202, 29.11146117, 96.07921169,  99.9
 17, 202, 29.11206693, 96.07552574,  99.9
 18, 202, 29.11268083, 96.07178960,  99.9
 19, 202, 29.11330298, 96.06800258,  99.9
 20, 202, 29.11393349, 96.06416399,  99.9
 21, 202, 29.11457246, 96.06027312,  99.9
 22, 202, 29.11522002, 96.05632927,  99.9
 23, 202, 29.11587626, 96.05233171,  99.9
 24, 202, 29.11654132, 96.04827970,   2.5
 25, 202, 29.11721530, 96.04417251,   2.5
 26, 202, 29.11789833, 96.04000939,  99.9
 27, 202, 29.11859052, 96.03578957,  99.9
 28, 202, 29.11929199, 96.03151227,  99.9
 29, 202, 29.12000288, 96.02717672,  99.9
 30, 202, 29.12072329, 96.02278213,  99.9
 31, 202, 29.12145336, 96.01832767,  99.9
 32, 202, 29.12219321, 96.01381255,  99.9
 33, 202, 29.12294298, 96.00923593,  99.9
 34, 202, 29.12370279, 96.00459698,  99.9
 35, 202, 29.12447278, 95.99989484,  99.9
 36, 202, 29.12525307, 95.99512865,  99.9
 37, 202, 29.12604382, 95.99029754,  99.9
 38, 202, 29.12684514, 95.98540063,  99.9
 39, 202, 29.12765720, 95.98043701,  99.9
 40, 202, 29.12848011, 95.97540579,  99.9
 41, 202, 29.12931403, 95.97030602,  99.9
 42, 202, 29.13015910, 95.96513679,  99.9
 43, 202, 29.13101547, 95.95989714,  99.9
 44, 202, 29.13188329, 95.95458611,  99.9
 45, 202, 29.13276270, 95.94920274,  99.9
 46, 202, 29.13365386, 95.94374602,  99.9
 47, 202, 29.13455692, 95.93821497,  99.9
 48, 202, 29.13547203, 95.93260857,  99.9
 49, 202, 29.13639937, 95.92692579,  99.9
 50, 202, 29.13733907, 95.92116558,  99.9
 51, 202, 29.13829132, 95.91532690,  99.9
 52, 202, 29.13925626, 95.90940868,  99.9
 53, 202, 29.14023407, 95.90340981,  99.9
 54, 202, 29.14122491, 95.89732922,  99.9
 55, 202, 29.14222896, 95.89116578,  99.9
 56, 202, 29.14324638, 95.88491836,  99.9
 57, 202, 29.14427735, 95.87858581,  99.9
 58, 202, 29.14532205, 95.87216698,  99.9
 59, 202, 29.14638066, 95.86566069,  99.9
 60, 202, 29.14745334, 95.85906574,  99.9
 61, 202, 29.14854030, 95.85238092,  99.9
 62, 202, 29.14964171, 95.84560501,  99.9
 63, 202, 29.15075776, 95.83873677,  99.9
 64, 202, 29.15188864, 95.83177493,  99.9
 65, 202, 29.15303455, 95.82471821,  99.9
 66, 202, 29.15419567, 95.81756533,  99.9
 67, 202, 29.15537220, 95.81031496,  99.9
 68, 202, 29.15656435, 95.80296579,  99.9
 69, 202, 29.15777231, 95.79551645,  99.9
 70, 202, 29.15899629, 95.78796559,  99.9
 71, 202, 29.16023650, 95.78031182,  99.9
 72, 202, 29.16149313, 95.77255372,  99.9
 73, 202, 29.16276642, 95.76468988,  99.9
 74, 202, 29.16405656, 95.75671886,  99.9
 75, 202, 29.16536378, 95.74863919,  99.9
 76, 202, 29.16668829, 95.74044938,  99.9
 77, 202, 29.16803033, 95.73214794,  99.9
 78, 202, 29.16939010, 95.72373333,  99.9
 79, 202, 29.17076784, 95.71520402,  99.9
 80, 202, 29.17216378, 95.70655844,  99.9
 81, 202, 29.17357815, 95.69779499,  99.9
 82, 202, 29.17501119, 95.68891207,  99.9
 83, 202, 29.17646313, 95.67990805,  99.9
 84, 202, 29.17793421, 95.67078127,  99.9
 85, 202, 29.17942469, 95.66153006,  99.9
 86, 202, 29.18093480, 95.65215271,  99.9
 87, 202, 29.18246480, 95.64264751,  99.9
 88, 202, 29.18401493, 95.63301271,  99.9
 89, 202, 29.18558545, 95.62324652,  99.9
 90, 202, 29.18717663, 95.61334717,  99.9
 91, 202, 29.18878872, 95.60331283,  99.9
 92, 202, 29.19042198, 95.59314166,   2.6
 93, 202, 29.19207669, 95.58283178,   2.4
 94, 202, 29.19375311, 95.57238131,   2.3
 95, 202, 29.19545152, 95.56178831,   2.4
 96, 202, 29.19717220, 95.55105085,  99.9
 97, 202, 29.19891541, 95.54016694,  99.9
 98, 202, 29.20068146, 95.52913459,  99.9
 99, 202, 29.20247061, 95.51795176,  99.9
100, 202, 29.20428317, 95.50661640,  99.9
101, 202, 29.20611942, 95.49512642,  99.9
102, 202, 29.20797966, 95.48347972,  99.9
103, 202, 29.20986419, 95.47167414,  99.9
104, 202, 29.21177331, 95.45970751,  99.9
105, 202, 29.21370733, 95.44757764,  99.9
106, 202, 29.21566655, 95.43528229,  99.9
107, 202, 29.21765129, 95.42281919,  99.9
108, 202, 29.21966186, 95.41018605,  99.9
109, 202, 29.22169859, 95.39738055,  99.9
110, 202, 29.22376180, 95.38440033,  99.9
111, 202, 29.22585180, 95.37124299,  99.9
112, 202, 29.22796894, 95.35790612,  99.9
113, 202, 29.23011354, 95.34438726,  99.9
114, 202, 29.23228595, 95.33068392,  99.9
115, 202, 29.23448649, 95.31679358,  99.9
116, 202, 29.23671553, 95.30271366,  99.9
117, 202, 29.23897339, 95.28844159,  99.9
118, 202, 29.24126044, 95.27397473,  99.9
119, 202, 29.24357703, 95.25931042,  99.9
120, 202, 29.24592352, 95.24444595,  99.9
121, 202, 29.24830027, 95.22937858,   3.5
122, 202, 29.25070764, 95.21410553,  99.9
123, 202, 29.25314601, 95.19862400,  99.9
124, 202, 29.25561574, 95.18293112,  99.9
125, 202, 29.25811722, 95.16702400,  99.9
126, 202, 29.26065083, 95.15089970,  99.9
127, 202, 29.26321695, 95.13455526,  99.9
128, 202, 29.26581596, 95.11798766,  99.9
129, 202, 29.26844826, 95.10119384,  99.9
130, 202, 29.27111426, 95.08417070,  99.9
131, 202, 29.27381433, 95.06691510,  99.9
132, 202, 29.27654890, 95.04942385,  99.9
133, 202, 29.27931836, 95.03169374,  99.9
134, 202, 29.28212313, 95.01372148,   3.2
135, 202, 29.28496362, 94.99550375,   3.2
136, 202, 29.28784025, 94.97703720,   3.3
137, 202, 29.29075344, 94.95831841,   3.4
138, 202, 29.29370362, 94.93934393,   3.5
139, 202, 29.29669123, 94.92011024,   3.6
140, 202, 29.29971668, 94.90061381,   3.7
141, 202, 29.30278043, 94.88085102,   3.7
142, 202, 29.30588291, 94.86081822,   3.8
143, 202, 29.30902457, 94.84051171,   3.8
144, 202, 29.31220586, 94.81992774,   3.9
145, 202, 29.31542723, 94.79906250,   4.0
146, 202, 29.31868914, 94.77791213,   4.1
147, 202, 29.32199204, 94.75647273,   4.6
148, 202, 29.32533641, 94.73474033,   4.5
149, 202, 29.32872270, 94.71271090,   4.5
150, 202, 29.33215140, 94.69038038,   4.5
151, 202, 29.33562298, 94.66774464,   4.5
152, 202, 29.33913791, 94.64479947,   4.5
153, 202, 29.34269669, 94.62154065,   4.5
154, 202, 29.34629978, 94.59796386,   4.5
155, 202, 29.34994770, 94.57406473,   4.4
156, 202, 29.35364092, 94.54983885,   4.4
157, 202, 29.35737995, 94.52528173,   4.4
158, 202, 29.36116528, 94.50038882,   4.4
159, 202, 29.36499742, 94.47515551,   4.3
160, 202, 29.36887688, 94.44957713,   4.3
161, 202, 29.37280417, 94.42364893,   4.3
162, 202, 29.37677979, 94.39736611,   4.3
163, 202, 29.38080428, 94.37072381,   4.3
164, 202, 29.38487814, 94.34371708,   4.2
165, 202, 29.38900189, 94.31634091,   4.2
166, 202, 29.39317608, 94.28859024,   4.2
167, 202, 29.39740121, 94.26045991,   4.2
168, 202, 29.40167784, 94.23194471,   4.2
169, 202, 29.40600648, 94.20303934,   4.2
170, 202, 29.41038768, 94.17373846,   4.2
171, 202, 29.41482197, 94.14403661,   4.1
172, 202, 29.41930990, 94.11392829,   4.1
173, 202, 29.42385201, 94.08340791,   4.1
174, 202, 29.42844885, 94.05246980,   4.0
175, 202, 29.43310097, 94.02110823,   4.0
176, 202, 29.43780892, 93.98931736,   4.0
177, 202, 29.44257324, 93.95709129,   3.9
178, 202, 29.44739450, 93.92442404,   3.9
179, 202, 29.45227325, 93.89130954,   3.8
180, 202, 29.45721004, 93.85774164,   3.8
181, 202, 29.46220544, 93.82371409,   3.7
182, 202, 29.46726000, 93.78922058,   3.7
183, 202, 29.47237430, 93.75425469,   3.6
184, 202, 29.47754887, 93.71880992,   3.6
185, 202, 29.48278430, 93.68287969,   3.5
186, 202, 29.48808114, 93.64645730,   3.4
187, 202, 29.49343995, 93.60953600,   3.4
188, 202, 29.49886130, 93.57210889,   3.3
189, 202, 29.50434575, 93.53416904,   3.2
190, 202, 29.50989387, 93.49570936,   3.1
191, 202, 29.51550621, 93.45672272,   3.0
  1, 203, 29.10590395, 96.12949646,  99.9
  2, 203, 29.10643535, 96.12649514,  99.9
  3, 203, 29.10697392, 96.12345296,  99.9
  4, 203, 29.10751974, 96.12036935,  99.9
  5, 203, 29.10807292, 96.11724375,  99.9
  6, 203, 29.10863355, 96.11407559,  99.9
  7, 203, 29.10920173, 96.11086429,  99.9
  8, 203, 29.10977757, 96.10760926,  99.9
  9, 203, 29.11036116, 96.10430991,  99.9
 10, 203, 29.11095261, 96.10096563,  99.9
 11, 203, 29.11155202, 96.09757581,  99.9
 12, 203, 29.11215951, 96.09413983,  99.9
 13, 203, 29.11277517, 96.09065706,  99.9
 14, 203, 29.11339911, 96.08712686,  99.9
 15, 203, 29.11403145, 96.08354859,  99.9
 16, 203, 29.11467230, 96.07992158,  99.9
 17, 203, 29.11532177, 96.07624518,  99.9
 18, 203, 29.11597998, 96.07251872,  99.9
 19, 203, 29.11664703, 96.06874150,  99.9
 20, 203, 29.11732306, 96.06491284,  99.9
 21, 203, 29.11800817, 96.06103204,  99.9
 22, 203, 29.11870249, 96.05709839,  99.9
 23, 203, 29.11940615, 96.05311116,  99.9
 24, 203, 29.12011925, 96.04906963,   2.6
 25, 203, 29.12084194, 96.04497305,  99.9
 26, 203, 29.12157433, 96.04082068,  99.9
 27, 203, 29.12231656, 96.03661175,  99.9
 28, 203, 29.12306876, 96.03234550,  99.9
 29, 203, 29.12383105, 96.02802113,  99.9
 30, 203, 29.12460358, 96.02363787,  99.9
 31, 203, 29.12538647, 96.01919490,  99.9
 32, 203, 29.12617986, 96.01469141,  99.9
 33, 203, 29.12698390, 96.01012658,  99.9
 34, 203, 29.12779872, 96.00549957,  99.9
 35, 203, 29.12862447, 96.00080953,  99.9
 36, 203, 29.12946129, 95.99605561,  99.9
 37, 203, 29.13030932, 95.99123692,  99.9
 38, 203, 29.13116872, 95.98635260,  99.9
 39, 203, 29.13203963, 95.98140173,  99.9
 40, 203, 29.13292220, 95.97638343,  99.9
 41, 203, 29.13381660, 95.97129676,  99.9
 42, 203, 29.13472297, 95.96614079,  99.9
 43, 203, 29.13564147, 95.96091458,  99.9
 44, 203, 29.13657226, 95.95561716,  99.9
 45, 203, 29.13751551, 95.95024758,  99.9
 46, 203, 29.13847138, 95.94480484,  99.9
 47, 203, 29.13944003, 95.93928795,  99.9
 48, 203, 29.14042162, 95.93369589,  99.9
 49, 203, 29.14141634, 95.92802764,  99.9
 50, 203, 29.14242436, 95.92228216,  99.9
 51, 203, 29.14344584, 95.91645840,  99.9
 52, 203, 29.14448096, 95.91055528,  99.9
 53, 203, 29.14552990, 95.90457173,  99.9
 54, 203, 29.14659285, 95.89850664,  99.9
 55, 203, 29.14766999, 95.89235891,  99.9
 56, 203, 29.14876149, 95.88612741,  99.9
 57, 203, 29.14986756, 95.87981099,  99.9
 58, 203, 29.15098837, 95.87340850,  99.9
 59, 203, 29.15212413, 95.86691875,  99.9
 60, 203, 29.15327502, 95.86034057,  99.9
 61, 203, 29.15444124, 95.85367273,  99.9
 62, 203, 29.15562300, 95.84691403,  99.9
 63, 203, 29.15682050, 95.84006321,  99.9
 64, 203, 29.15803393, 95.83311903,  99.9
 65, 203, 29.15926351, 95.82608020,  99.9
 66, 203, 29.16050945, 95.81894543,  99.9
 67, 203, 29.16177196, 95.81171342,  99.9
 68, 203, 29.16305126, 95.80438283,  99.9
 69, 203, 29.16434755, 95.79695233,  99.9
 70, 203, 29.16566107, 95.78942054,  99.9
 71, 203, 29.16699203, 95.78178608,  99.9
 72, 203, 29.16834067, 95.77404756,  99.9
 73, 203, 29.16970720, 95.76620355,  99.9
 74, 203, 29.17109186, 95.75825260,  99.9
 75, 203, 29.17249489, 95.75019327,  99.9
 76, 203, 29.17391652, 95.74202406,  99.9
 77, 203, 29.17535699, 95.73374348,  99.9
 78, 203, 29.17681654, 95.72535001,  99.9
 79, 203, 29.17829542, 95.71684211,  99.9
 80, 203, 29.17979388, 95.70821820,  99.9
 81, 203, 29.18131216, 95.69947671,  99.9
 82, 203, 29.18285053, 95.69061604,  99.9
 83, 203, 29.18440924, 95.68163454,  99.9
 84, 203, 29.18598855, 95.67253058,  99.9
 85, 203, 29.18758872, 95.66330247,  99.9
 86, 203, 29.18921002, 95.65394853,  99.9
 87, 203, 29.19085273, 95.64446702,  99.9
 88, 203, 29.19251711, 95.63485622,  99.9
 89, 203, 29.19420344, 95.62511435,  99.9
 90, 203, 29.19591200, 95.61523961,  99.9
 91, 203, 29.19764307, 95.60523020,  99.9
 92, 203, 29.19939694, 95.59508428,  99.9
 93, 203, 29.20117390, 95.58479997,  99.9
 94, 203, 29.20297423, 95.57437538,  99.9
 95, 203, 29.20479825, 95.56380861,   2.4
 96, 203, 29.20664624, 95.55309769,   2.5
 97, 203, 29.20851851, 95.54224067,  99.9
 98, 203, 29.21041537, 95.53123554,  99.9
 99, 203, 29.21233712, 95.52008028,  99.9
100, 203, 29.21428409, 95.50877284,  99.9
101, 203, 29.21625658, 95.49731113,  99.9
102, 203, 29.21825491, 95.48569304,  99.9
103, 203, 29.22027942, 95.47391644,  99.9
104, 203, 29.22233044, 95.46197916,  99.9
105, 203, 29.22440828, 95.44987900,  99.9
106, 203, 29.22651329, 95.43761372,  99.9
107, 203, 29.22864580, 95.42518108,  99.9
108, 203, 29.23080617, 95.41257878,  99.9
109, 203, 29.23299473, 95.39980450,  99.9
110, 203, 29.23521184, 95.38685588,  99.9
111, 203, 29.23745785, 95.37373055,  99.9
112, 203, 29.23973312, 95.36042608,  99.9
113, 203, 29.24203802, 95.34694001,  99.9
114, 203, 29.24437290, 95.33326987,  99.9
115, 203, 29.24673814, 95.31941314,  99.9
116, 203, 29.24913411, 95.30536725,  99.9
117, 203, 29.25156120, 95.29112962,  99.9
118, 203, 29.25401977, 95.27669763,  99.9
119, 203, 29.25651023, 95.26206861,  99.9
120, 203, 29.25903296, 95.24723986,  99.9
121, 203, 29.26158835, 95.23220865,   3.5
122, 203, 29.26417680, 95.21697221,  99.9
123, 203, 29.26679872, 95.20152772,  99.9
124, 203, 29.26945452, 95.18587233,  99.9
125, 203, 29.27214459, 95.17000316,  99.9
126, 203, 29.27486937, 95.15391728,  99.9
127, 203, 29.27762927, 95.13761171,  99.9
128, 203, 29.28042470, 95.12108345,  99.9
129, 203, 29.28325611, 95.10432944,  99.9
130, 203, 29.28612393, 95.08734660,  99.9
131, 203, 29.28902858, 95.07013177,  99.9
132, 203, 29.29197052, 95.05268179,  99.9
133, 203, 29.29495018, 95.03499343,  99.9
134, 203, 29.29796801, 95.01706343,  99.9
135, 203, 29.30102448, 94.99888845,   3.2
136, 203, 29.30412004, 94.98046516,   3.2
137, 203, 29.30725515, 94.96179015,   3.3
138, 203, 29.31043028, 94.94285995,   3.4
139, 203, 29.31364590, 94.92367107,   3.5
140, 203, 29.31690248, 94.90421997,  99.9
141, 203, 29.32020051, 94.88450304,   3.8
142, 203, 29.32354048, 94.86451664,   3.8
143, 203, 29.32692287, 94.84425707,   3.8
144, 203, 29.33034817, 94.82372059,   3.9
145, 203, 29.33381688, 94.80290338,   4.0
146, 203, 29.33732951, 94.78180160,   4.2
147, 203, 29.34088656, 94.76041135,   4.3
148, 203, 29.34448854, 94.73872866,   4.5
149, 203, 29.34813597, 94.71674952,   4.6
150, 203, 29.35182938, 94.69446985,   4.7
151, 203, 29.35556927, 94.67188553,   4.7
152, 203, 29.35935618, 94.64899239,   4.6
153, 203, 29.36319065, 94.62578616,   4.6
154, 203, 29.36707321, 94.60226257,   4.6
155, 203, 29.37100441, 94.57841723,   4.6
156, 203, 29.37498478, 94.55424575,   4.5
157, 203, 29.37901488, 94.52974362,   4.5
158, 203, 29.38309526, 94.50490632,   4.5
159, 203, 29.38722648, 94.47972923,   4.4
160, 203, 29.39140910, 94.45420769,   4.4
161, 203, 29.39564369, 94.42833696,   4.4
162, 203, 29.39993082, 94.40211224,   4.4
163, 203, 29.40427106, 94.37552866,   4.4
164, 203, 29.40866499, 94.34858129,   4.3
165, 203, 29.41311320, 94.32126512,   4.3
166, 203, 29.41761626, 94.29357509,   4.3
167, 203, 29.42217477, 94.26550606,   4.3
168, 203, 29.42678932, 94.23705280,   4.3
169, 203, 29.43146051, 94.20821004,   4.3
170, 203, 29.43618894, 94.17897242,   4.3
171, 203, 29.44097520, 94.14933450,   4.2
172, 203, 29.44581992, 94.11929077,   4.2
173, 203, 29.45072369, 94.08883565,   4.2
174, 203, 29.45568713, 94.05796348,   4.2
175, 203, 29.46071086, 94.02666851,   4.1
176, 203, 29.46579549, 93.99494493,   4.1
177, 203, 29.47094165, 93.96278684,   4.1
178, 203, 29.47614996, 93.93018825,   4.0
179, 203, 29.48142106, 93.89714309,   4.0
180, 203, 29.48675556, 93.86364522,   3.9
181, 203, 29.49215410, 93.82968840,   3.9
182, 203, 29.49761732, 93.79526631,   3.8
183, 203, 29.50314585, 93.76037254,   3.8
184, 203, 29.50874033, 93.72500058,   3.7
185, 203, 29.51440140, 93.68914386,   3.7
186, 203, 29.52012970, 93.65279569,   3.6
187, 203, 29.52592587, 93.61594929,   3.6
188, 203, 29.53179055, 93.57859781,   3.5
189, 203, 29.53772440, 93.54073427,   3.5
190, 203, 29.54372805, 93.50235163,   3.4
191, 203, 29.54980215, 93.46344271,   3.3
  1, 204, 29.10851854, 96.13011760,  99.9
  2, 204, 29.10908552, 96.12712466,  99.9
  3, 204, 29.10966016, 96.12409097,  99.9
  4, 204, 29.11024254, 96.12101596,  99.9
  5, 204, 29.11083278, 96.11789908,  99.9
  6, 204, 29.11143098, 96.11473976,  99.9
  7, 204, 29.11203724, 96.11153742,  99.9
  8, 204, 29.11265167, 96.10829146,  99.9
  9, 204, 29.11327438, 96.10500131,  99.9
 10, 204, 29.11390549, 96.10166634,  99.9
 11, 204, 29.11454510, 96.09828597,  99.9
 12, 204, 29.11519332, 96.09485955,  99.9
 13, 204, 29.11585028, 96.09138648,  99.9
 14, 204, 29.11651608, 96.08786610,  99.9
 15, 204, 29.11719085, 96.08429778,  99.9
 16, 204, 29.11787471, 96.08068086,  99.9
 17, 204, 29.11856777, 96.07701469,  99.9
 18, 204, 29.11927016, 96.07329858,  99.9
 19, 204, 29.11998200, 96.06953186,  99.9
 20, 204, 29.12070342, 96.06571384,  99.9
 21, 204, 29.12143455, 96.06184382,  99.9
 22, 204, 29.12217552, 96.05792108,  99.9
 23, 204, 29.12292645, 96.05394492,  99.9
 24, 204, 29.12368747, 96.04991460,   2.5
 25, 204, 29.12445874, 96.04582939,   2.5
 26, 204, 29.12524037, 96.04168853,  99.9
 27, 204, 29.12603250, 96.03749126,  99.9
 28, 204, 29.12683528, 96.03323683,  99.9
 29, 204, 29.12764885, 96.02892444,  99.9
 30, 204, 29.12847335, 96.02455331,  99.9
 31, 204, 29.12930892, 96.02012264,  99.9
 32, 204, 29.13015571, 96.01563162,  99.9
 33, 204, 29.13101388, 96.01107941,  99.9
 34, 204, 29.13188356, 96.00646519,  99.9
 35, 204, 29.13276492, 96.00178811,  99.9
 36, 204, 29.13365810, 95.99704732,  99.9
 37, 204, 29.13456327, 95.99224194,  99.9
 38, 204, 29.13548058, 95.98737110,  99.9
 39, 204, 29.13641020, 95.98243390,  99.9
 40, 204, 29.13735227, 95.97742943,  99.9
 41, 204, 29.13830698, 95.97235678,  99.9
 42, 204, 29.13927449, 95.96721502,  99.9
 43, 204, 29.14025496, 95.96200321,  99.9
 44, 204, 29.14124856, 95.95672038,  99.9
 45, 204, 29.14225548, 95.95136558,  99.9
 46, 204, 29.14327588, 95.94593781,  99.9
 47, 204, 29.14430994, 95.94043609,  99.9
 48, 204, 29.14535785, 95.93485940,  99.9
 49, 204, 29.14641977, 95.92920673,  99.9
 50, 204, 29.14749591, 95.92347702,  99.9
 51, 204, 29.14858644, 95.91766924,  99.9
 52, 204, 29.14969156, 95.91178232,  99.9
 53, 204, 29.15081145, 95.90581517,  99.9
 54, 204, 29.15194631, 95.89976671,  99.9
 55, 204, 29.15309634, 95.89363582,  99.9
 56, 204, 29.15426173, 95.88742138,  99.9
 57, 204, 29.15544269, 95.88112224,  99.9
 58, 204, 29.15663942, 95.87473726,  99.9
 59, 204, 29.15785212, 95.86826526,  99.9
 60, 204, 29.15908101, 95.86170504,  99.9
 61, 204, 29.16032630, 95.85505542,  99.9
 62, 204, 29.16158819, 95.84831516,  99.9
 63, 204, 29.16286692, 95.84148302,  99.9
 64, 204, 29.16416269, 95.83455777,  99.9
 65, 204, 29.16547573, 95.82753811,  99.9
 66, 204, 29.16680627, 95.82042277,  99.9
 67, 204, 29.16815452, 95.81321044,  99.9
 68, 204, 29.16952073, 95.80589979,  99.9
 69, 204, 29.17090513, 95.79848948,  99.9
 70, 204, 29.17230795, 95.79097815,  99.9
 71, 204, 29.17372944, 95.78336441,  99.9
 72, 204, 29.17516982, 95.77564688,  99.9
 73, 204, 29.17662936, 95.76782413,  99.9
 74, 204, 29.17810830, 95.75989473,  99.9
 75, 204, 29.17960688, 95.75185721,  99.9
 76, 204, 29.18112537, 95.74371011,  99.9
 77, 204, 29.18266402, 95.73545192,  99.9
 78, 204, 29.18422309, 95.72708112,  99.9
 79, 204, 29.18580284, 95.71859619,  99.9
 80, 204, 29.18740355, 95.70999555,  99.9
 81, 204, 29.18902548, 95.70127763,  99.9
 82, 204, 29.19066891, 95.69244082,  99.9
 83, 204, 29.19233410, 95.68348350,  99.9
 84, 204, 29.19402135, 95.67440402,  99.9
 85, 204, 29.19573094, 95.66520072,  99.9
 86, 204, 29.19746315, 95.65587189,  99.9
 87, 204, 29.19921827, 95.64641583,  99.9
 88, 204, 29.20099660, 95.63683080,  99.9
 89, 204, 29.20279843, 95.62711503,  99.9
 90, 204, 29.20462407, 95.61726673,  99.9
 91, 204, 29.20647382, 95.60728409,  99.9
 92, 204, 29.20834798, 95.59716527,  99.9
 93, 204, 29.21024687, 95.58690842,  99.9
 94, 204, 29.21217081, 95.57651165,  99.9
 95, 204, 29.21412011, 95.56597303,  99.9
 96, 204, 29.21609509, 95.55529064,   2.6
 97, 204, 29.21809608, 95.54446250,   2.6
 98, 204, 29.22012342, 95.53348662,  99.9
 99, 204, 29.22217743, 95.52236098,  99.9
100, 204, 29.22425846, 95.51108354,  99.9
101, 204, 29.22636684, 95.49965220,  99.9
102, 204, 29.22850292, 95.48806488,  99.9
103, 204, 29.23066705, 95.47631943,  99.9
104, 204, 29.23285959, 95.46441368,  99.9
105, 204, 29.23508089, 95.45234546,  99.9
106, 204, 29.23733132, 95.44011252,  99.9
107, 204, 29.23961123, 95.42771263,  99.9
108, 204, 29.24192101, 95.41514349,  99.9
109, 204, 29.24426102, 95.40240278,  99.9
110, 204, 29.24663165, 95.38948815,  99.9
111, 204, 29.24903327, 95.37639724,  99.9
112, 204, 29.25146627, 95.36312761,  99.9
113, 204, 29.25393105, 95.34967683,  99.9
114, 204, 29.25642800, 95.33604241,  99.9
115, 204, 29.25895752, 95.32222184,  99.9
116, 204, 29.26152001, 95.30821257,  99.9
117, 204, 29.26411589, 95.29401201,  99.9
118, 204, 29.26674556, 95.27961754,  99.9
119, 204, 29.26940945, 95.26502651,  99.9
120, 204, 29.27210797, 95.25023622,   3.5
121, 204, 29.27484156, 95.23524395,   3.5
122, 204, 29.27761065, 95.22004692,  99.9
123, 204, 29.28041566, 95.20464232,  99.9
124, 204, 29.28325705, 95.18902733,  99.9
125, 204, 29.28613525, 95.17319904,  99.9
126, 204, 29.28905073, 95.15715453,  99.9
127, 204, 29.29200392, 95.14089085,  99.9
128, 204, 29.29499530, 95.12440498,  99.9
129, 204, 29.29802532, 95.10769388,  99.9
130, 204, 29.30109445, 95.09075447,  99.9
131, 204, 29.30420318, 95.07358360,  99.9
132, 204, 29.30735197, 95.05617811,  99.9
133, 204, 29.31054132, 95.03853477,  99.9
134, 204, 29.31377170, 95.02065033,  99.9
135, 204, 29.31704362, 95.00252147,  99.9
136, 204, 29.32035757, 94.98414484,  99.9
137, 204, 29.32371405, 94.96551705,  99.9
138, 204, 29.32711358, 94.94663464,  99.9
139, 204, 29.33055666, 94.92749412,  99.9
140, 204, 29.33404381, 94.90809195,  99.9
141, 204, 29.33757556, 94.88842453,   3.8
142, 204, 29.34115243, 94.86848823,   3.8
143, 204, 29.34477496, 94.84827935,   3.8
144, 204, 29.34844369, 94.82779415,   3.9
145, 204, 29.35215915, 94.80702883,   4.0
146, 204, 29.35592190, 94.78597954,   4.2
147, 204, 29.35973249, 94.76464240,   4.2
148, 204, 29.36359147, 94.74301343,   4.4
149, 204, 29.36749942, 94.72108864,   4.6
150, 204, 29.37145689, 94.69886395,   4.8
151, 204, 29.37546446, 94.67633525,   4.8
152, 204, 29.37952271, 94.65349836,   4.8
153, 204, 29.38363223, 94.63034904,   4.7
154, 204, 29.38779359, 94.60688300,   4.7
155, 204, 29.39200739, 94.58309588,   4.7
156, 204, 29.39627424, 94.55898326,   4.6
157, 204, 29.40059472, 94.53454068,   4.6
158, 204, 29.40496946, 94.50976359,   4.6
159, 204, 29.40939906, 94.48464740,   4.6
160, 204, 29.41388414, 94.45918743,   4.5
161, 204, 29.41842532, 94.43337897,   4.5
162, 204, 29.42302324, 94.40721720,   4.5
163, 204, 29.42767851, 94.38069728,   4.5
164, 204, 29.43239178, 94.35381428,   4.5
165, 204, 29.43716368, 94.32656319,   4.4
166, 204, 29.44199487, 94.29893895,   4.4
167, 204, 29.44688599, 94.27093642,   4.5
168, 204, 29.45183770, 94.24255040,   4.4
169, 204, 29.45685066, 94.21377560,   4.4
170, 204, 29.46192553, 94.18460667,   4.4
171, 204, 29.46706297, 94.15503818,   4.4
172, 204, 29.47226366, 94.12506462,   4.3
173, 204, 29.47752828, 94.09468043,   4.3
174, 204, 29.48285750, 94.06387993,   4.3
175, 204, 29.48825201, 94.03265740,   4.3
176, 204, 29.49371249, 94.00100701,   4.2
177, 204, 29.49923964, 93.96892287,   4.2
178, 204, 29.50483416, 93.93639900,   4.1
179, 204, 29.51049673, 93.90342934,   4.1
180, 204, 29.51622807, 93.87000774,   4.0
181, 204, 29.52202888, 93.83612796,   4.0
182, 204, 29.52789986, 93.80178370,   4.0
183, 204, 29.53384173, 93.76696854,   3.9
184, 204, 29.53985520, 93.73167599,   3.9
185, 204, 29.54594099, 93.69589946,   3.9
186, 204, 29.55209982, 93.65963228,   3.8
187, 204, 29.55833242, 93.62286767,   3.8
188, 204, 29.56463949, 93.58559876,   3.8
189, 204, 29.57102178, 93.54781861,   3.7
190, 204, 29.57748000, 93.50952014,   3.7
191, 204, 29.58401490, 93.47069621,   3.6
  1, 205, 29.11112550, 96.13077895,  99.9
  2, 205, 29.11172797, 96.12779494,  99.9
  3, 205, 29.11233858, 96.12477029,  99.9
  4, 205, 29.11295742, 96.12170445,  99.9
  5, 205, 29.11358461, 96.11859686,  99.9
  6, 205, 29.11422027, 96.11544695,  99.9
  7, 205, 29.11486449, 96.11225415,  99.9
  8, 205, 29.11551741, 96.10901786,  99.9
  9, 205, 29.11617913, 96.10573751,  99.9
 10, 205, 29.11684978, 96.10241247,  99.9
 11, 205, 29.11752946, 96.09904215,  99.9
 12, 205, 29.11821831, 96.09562593,  99.9
 13, 205, 29.11891644, 96.09216319,  99.9
 14, 205, 29.11962398, 96.08865328,  99.9
 15, 205, 29.12034106, 96.08509557,  99.9
 16, 205, 29.12106780, 96.08148940,  99.9
 17, 205, 29.12180433, 96.07783412,  99.9
 18, 205, 29.12255077, 96.07412905,  99.9
 19, 205, 29.12330728, 96.07037352,  99.9
 20, 205, 29.12407397, 96.06656683,  99.9
 21, 205, 29.12485098, 96.06270830,  99.9
 22, 205, 29.12563845, 96.05879720,  99.9
 23, 205, 29.12643652, 96.05483284,  99.9
 24, 205, 29.12724533, 96.05081447,  99.9
 25, 205, 29.12806503, 96.04674136,   2.6
 26, 205, 29.12889575, 96.04261278,  99.9
 27, 205, 29.12973765, 96.03842795,  99.9
 28, 205, 29.13059087, 96.03418611,  99.9
 29, 205, 29.13145557, 96.02988649,  99.9
 30, 205, 29.13233189, 96.02552830,  99.9
 31, 205, 29.13321999, 96.02111074,  99.9
 32, 205, 29.13412003, 96.01663299,  99.9
 33, 205, 29.13503217, 96.01209425,  99.9
 34, 205, 29.13595656, 96.00749367,  99.9
 35, 205, 29.13689336, 96.00283041,  99.9
 36, 205, 29.13784276, 95.99810362,  99.9
 37, 205, 29.13880490, 95.99331243,  99.9
 38, 205, 29.13977996, 95.98845596,  99.9
 39, 205, 29.14076810, 95.98353332,  99.9
 40, 205, 29.14176952, 95.97854361,  99.9
 41, 205, 29.14278437, 95.97348592,  99.9
 42, 205, 29.14381283, 95.96835931,  99.9
 43, 205, 29.14485509, 95.96316285,  99.9
 44, 205, 29.14591133, 95.95789558,  99.9
 45, 205, 29.14698173, 95.95255654,  99.9
 46, 205, 29.14806648, 95.94714474,  99.9
 47, 205, 29.14916577, 95.94165920,  99.9
 48, 205, 29.15027979, 95.93609890,  99.9
 49, 205, 29.15140874, 95.93046283,  99.9
 50, 205, 29.15255281, 95.92474996,  99.9
 51, 205, 29.15371220, 95.91895923,  99.9
 52, 205, 29.15488711, 95.91308958,  99.9
 53, 205, 29.15607774, 95.90713993,  99.9
 54, 205, 29.15728431, 95.90110920,  99.9
 55, 205, 29.15850703, 95.89499628,  99.9
 56, 205, 29.15974610, 95.88880004,  99.9
 57, 205, 29.16100174, 95.88251934,  99.9
 58, 205, 29.16227416, 95.87615304,  99.9
 59, 205, 29.16356360, 95.86969996,  99.9
 60, 205, 29.16487026, 95.86315893,  99.9
 61, 205, 29.16619438, 95.85652873,  99.9
 62, 205, 29.16753619, 95.84980815,  99.9
 63, 205, 29.16889592, 95.84299596,  99.9
 64, 205, 29.17027379, 95.83609090,  99.9
 65, 205, 29.17167006, 95.82909171,  99.9
 66, 205, 29.17308495, 95.82199711,  99.9
 67, 205, 29.17451871, 95.81480578,  99.9
 68, 205, 29.17597160, 95.80751640,  99.9
 69, 205, 29.17744385, 95.80012765,  99.9
 70, 205, 29.17893572, 95.79263815,  99.9
 71, 205, 29.18044747, 95.78504654,  99.9
 72, 205, 29.18197935, 95.77735142,  99.9
 73, 205, 29.18353163, 95.76955137,  99.9
 74, 205, 29.18510457, 95.76164496,  99.9
 75, 205, 29.18669845, 95.75363074,  99.9
 76, 205, 29.18831352, 95.74550724,  99.9
 77, 205, 29.18995008, 95.73727295,  99.9
 78, 205, 29.19160839, 95.72892637,  99.9
 79, 205, 29.19328874, 95.72046596,  99.9
 80, 205, 29.19499141, 95.71189017,  99.9
 81, 205, 29.19671669, 95.70319742,  99.9
 82, 205, 29.19846488, 95.69438611,  99.9
 83, 205, 29.20023627, 95.68545461,  99.9
 84, 205, 29.20203116, 95.67640129,  99.9
 85, 205, 29.20384986, 95.66722448,  99.9
 86, 205, 29.20569266, 95.65792249,  99.9
 87, 205, 29.20755989, 95.64849362,  99.9
 88, 205, 29.20945185, 95.63893611,  99.9
 89, 205, 29.21136887, 95.62924823,  99.9
 90, 205, 29.21331126, 95.61942817,  99.9
 91, 205, 29.21527935, 95.60947414,  99.9
 92, 205, 29.21727347, 95.59938430,  99.9
 93, 205, 29.21929396, 95.58915680,  99.9
 94, 205, 29.22134115, 95.57878974,  99.9
 95, 205, 29.22341539, 95.56828123,  99.9
 96, 205, 29.22551701, 95.55762933,  99.9
 97, 205, 29.22764637, 95.54683206,   2.7
 98, 205, 29.22980383, 95.53588746,  99.9
 99, 205, 29.23198973, 95.52479349,  99.9
100, 205, 29.23420445, 95.51354812,  99.9
101, 205, 29.23644835, 95.50214926,  99.9
102, 205, 29.23872180, 95.49059483,  99.9
103, 205, 29.24102517, 95.47888269,  99.9
104, 205, 29.24335885, 95.46701069,  99.9
105, 205, 29.24572321, 95.45497662,  99.9
106, 205, 29.24811866, 95.44277828,  99.9
107, 205, 29.25054557, 95.43041342,  99.9
108, 205, 29.25300435, 95.41787975,  99.9
109, 205, 29.25549539, 95.40517496,  99.9
110, 205, 29.25801912, 95.39229671,  99.9
111, 205, 29.26057592, 95.37924263,  99.9
112, 205, 29.26316623, 95.36601030,  99.9
113, 205, 29.26579046, 95.35259728,  99.9
114, 205, 29.26844903, 95.33900110,  99.9
115, 205, 29.27114239, 95.32521924,  99.9
116, 205, 29.27387095, 95.31124917,  99.9
117, 205, 29.27663516, 95.29708830,  99.9
118, 205, 29.27943547, 95.28273401,  99.9
119, 205, 29.28227232, 95.26818367,  99.9
120, 205, 29.28514617, 95.25343457,   3.5
121, 205, 29.28805747, 95.23848399,  99.9
122, 205, 29.29100670, 95.22332918,  99.9
123, 205, 29.29399432, 95.20796733,  99.9
124, 205, 29.29702080, 95.19239560,  99.9
125, 205, 29.30008663, 95.17661112,  99.9
126, 205, 29.30319229, 95.16061096,  99.9
127, 205, 29.30633827, 95.14439216,  99.9
128, 205, 29.30952506, 95.12795174,  99.9
129, 205, 29.31275316, 95.11128664,  99.9
130, 205, 29.31602309, 95.09439378,  99.9
131, 205, 29.31933535, 95.07727004,  99.9
132, 205, 29.32269045, 95.05991226,  99.9
133, 205, 29.32608892, 95.04231720,  99.9
134, 205, 29.32953129, 95.02448163,  99.9
135, 205, 29.33301809, 95.00640224,  99.9
136, 205, 29.33654985, 94.98807568,  99.9
137, 205, 29.34012712, 94.96949856,  99.9
138, 205, 29.34375046, 94.95066743,  99.9
139, 205, 29.34742040, 94.93157881,  99.9
140, 205, 29.35113752, 94.91222916,  99.9
141, 205, 29.35490237, 94.89261490,   3.8
142, 205, 29.35871553, 94.87273239,   3.8
143, 205, 29.36257758, 94.85257794,   3.8
144, 205, 29.36648910, 94.83214781,   3.8
145, 205, 29.37045067, 94.81143823,   4.1
146, 205, 29.37446289, 94.79044534,   4.1
147, 205, 29.37852636, 94.76916526,   4.1
148, 205, 29.38264168, 94.74759403,   4.1
149, 205, 29.38680947, 94.72572765,   2.6
150, 205, 29.39103033, 94.70356206,   4.9
151, 205, 29.39530490, 94.68109316,   4.9
152, 205, 29.39963379, 94.65831676,   4.9
153, 205, 29.40401764, 94.63522863,   4.9
154, 205, 29.40845709, 94.61182450,   4.8
155, 205, 29.41295279, 94.58810000,   4.8
156, 205, 29.41750538, 94.56405074,   4.8
157, 205, 29.42211552, 94.53967224,   4.7
158, 205, 29.42678387, 94.51495996,   4.7
159, 205, 29.43151110, 94.48990933,   4.7
160, 205, 29.43629787, 94.46451567,   4.6
161, 205, 29.44114488, 94.43877426,   4.6
162, 205, 29.44605279, 94.41268032,   4.6
163, 205, 29.45102230, 94.38622899,   4.6
164, 205, 29.45605411, 94.35941534,   4.6
165, 205, 29.46114891, 94.33223439,   4.6
166, 205, 29.46630742, 94.30468108,   4.6
167, 205, 29.47153033, 94.27675026,   4.6
168, 205, 29.47681836, 94.24843675,   4.6
169, 205, 29.48217224, 94.21973527,   4.5
170, 205, 29.48759270, 94.19064046,   4.5
171, 205, 29.49308046, 94.16114691,   4.5
172, 205, 29.49863626, 94.13124911,   4.5
173, 205, 29.50426084, 94.10094150,   4.4
174, 205, 29.50995495, 94.07021841,   4.4
175, 205, 29.51571934, 94.03907412,   4.4
176, 205, 29.52155477, 94.00750282,   4.4
177, 205, 29.52746200, 93.97549862,   4.3
178, 205, 29.53344178, 93.94305553,   4.3
179, 205, 29.53949491, 93.91016751,   4.2
180, 205, 29.54562213, 93.87682841,   4.2
181, 205, 29.55182424, 93.84303200,   4.2
182, 205, 29.55810202, 93.80877198,   4.1
183, 205, 29.56445626, 93.77404193,   4.1
184, 205, 29.57088774, 93.73883537,   4.1
185, 205, 29.57739726, 93.70314571,   4.1
186, 205, 29.58398561, 93.66696628,   4.0
187, 205, 29.59065361, 93.63029032,   4.0
188, 205, 29.59740205, 93.59311095,   4.0
189, 205, 29.60423174, 93.55542124,   4.0
190, 205, 29.61114350, 93.51721411,   4.0
191, 205, 29.61813813, 93.47848241,   4.0
  1, 206, 29.11372437, 96.13148039,  99.9
  2, 206, 29.11436222, 96.12850585,  99.9
  3, 206, 29.11500868, 96.12549080,  99.9
  4, 206, 29.11566387, 96.12243469,  99.9
  5, 206, 29.11632790, 96.11933696,  99.9
  6, 206, 29.11700090, 96.11619704,  99.9
  7, 206, 29.11768298, 96.11301436,  99.9
  8, 206, 29.11837426, 96.10978834,  99.9
  9, 206, 29.11907487, 96.10651838,  99.9
 10, 206, 29.11978493, 96.10320388,  99.9
 11, 206, 29.12050457, 96.09984424,  99.9
 12, 206, 29.12123392, 96.09643884,  99.9
 13, 206, 29.12197310, 96.09298706,  99.9
 14, 206, 29.12272225, 96.08948827,  99.9
 15, 206, 29.12348151, 96.08594182,  99.9
 16, 206, 29.12425099, 96.08234706,  99.9
 17, 206, 29.12503086, 96.07870334,  99.9
 18, 206, 29.12582123, 96.07500999,  99.9
 19, 206, 29.12662225, 96.07126633,  99.9
 20, 206, 29.12743407, 96.06747168,  99.9
 21, 206, 29.12825682, 96.06362534,  99.9
 22, 206, 29.12909066, 96.05972660,  99.9
 23, 206, 29.12993573, 96.05577475,  99.9
 24, 206, 29.13079218, 96.05176907,  99.9
 25, 206, 29.13166016, 96.04770882,   2.6
 26, 206, 29.13253983, 96.04359326,   2.7
 27, 206, 29.13343134, 96.03942164,  99.9
 28, 206, 29.13433484, 96.03519318,  99.9
 29, 206, 29.13525051, 96.03090711,  99.9
 30, 206, 29.13617850, 96.02656266,  99.9
 31, 206, 29.13711897, 96.02215901,  99.9
 32, 206, 29.13807209, 96.01769537,  99.9
 33, 206, 29.13903803, 96.01317092,  99.9
 34, 206, 29.14001696, 96.00858482,  99.9
 35, 206, 29.14100905, 96.00393623,  99.9
 36, 206, 29.14201448, 95.99922431,  99.9
 37, 206, 29.14303342, 95.99444819,  99.9
 38, 206, 29.14406605, 95.98960699,  99.9
 39, 206, 29.14511256, 95.98469982,  99.9
 40, 206, 29.14617312, 95.97972578,  99.9
 41, 206, 29.14724793, 95.97468397,  99.9
 42, 206, 29.14833717, 95.96957345,  99.9
 43, 206, 29.14944103, 95.96439330,  99.9
 44, 206, 29.15055971, 95.95914255,  99.9
 45, 206, 29.15169340, 95.95382024,  99.9
 46, 206, 29.15284231, 95.94842541,  99.9
 47, 206, 29.15400663, 95.94295705,  99.9
 48, 206, 29.15518657, 95.93741417,  99.9
 49, 206, 29.15638233, 95.93179574,  99.9
 50, 206, 29.15759412, 95.92610074,  99.9
 51, 206, 29.15882215, 95.92032813,  99.9
 52, 206, 29.16006665, 95.91447683,  99.9
 53, 206, 29.16132782, 95.90854578,  99.9
 54, 206, 29.16260588, 95.90253389,  99.9
 55, 206, 29.16390106, 95.89644005,  99.9
 56, 206, 29.16521358, 95.89026315,  99.9
 57, 206, 29.16654368, 95.88400205,  99.9
 58, 206, 29.16789157, 95.87765560,  99.9
 59, 206, 29.16925751, 95.87122263,  99.9
 60, 206, 29.17064171, 95.86470197,  99.9
 61, 206, 29.17204443, 95.85809242,  99.9
 62, 206, 29.17346591, 95.85139276,  99.9
 63, 206, 29.17490639, 95.84460175,  99.9
 64, 206, 29.17636612, 95.83771817,  99.9
 65, 206, 29.17784536, 95.83074073,  99.9
 66, 206, 29.17934435, 95.82366816,  99.9
 67, 206, 29.18086337, 95.81649915,  99.9
 68, 206, 29.18240266, 95.80923240,  99.9
 69, 206, 29.18396250, 95.80186656,  99.9
 70, 206, 29.18554316, 95.79440027,  99.9
 71, 206, 29.18714490, 95.78683218,  99.9
 72, 206, 29.18876800, 95.77916088,  99.9
 73, 206, 29.19041275, 95.77138497,  99.9
 74, 206, 29.19207942, 95.76350301,  99.9
 75, 206, 29.19376829, 95.75551356,  99.9
 76, 206, 29.19547967, 95.74741514,  99.9
 77, 206, 29.19721383, 95.73920628,  99.9
 78, 206, 29.19897109, 95.73088545,  99.9
 79, 206, 29.20075173, 95.72245112,  99.9
 80, 206, 29.20255606, 95.71390176,  99.9
 81, 206, 29.20438439, 95.70523577,  99.9
 82, 206, 29.20623703, 95.69645157,  99.9
 83, 206, 29.20811430, 95.68754754,  99.9
 84, 206, 29.21001651, 95.67852204,  99.9
 85, 206, 29.21194398, 95.66937342,  99.9
 86, 206, 29.21389706, 95.66009998,  99.9
 87, 206, 29.21587605, 95.65070002,  99.9
 88, 206, 29.21788131, 95.64117181,  99.9
 89, 206, 29.21991317, 95.63151359,  99.9
 90, 206, 29.22197197, 95.62172359,  99.9
 91, 206, 29.22405805, 95.61180000,  99.9
 92, 206, 29.22617178, 95.60174099,  99.9
 93, 206, 29.22831351, 95.59154472,  99.9
 94, 206, 29.23048359, 95.58120929,  99.9
 95, 206, 29.23268239, 95.57073282,  99.9
 96, 206, 29.23491027, 95.56011337,   2.5
 97, 206, 29.23716762, 95.54934897,   2.6
 98, 206, 29.23945481, 95.53843765,  99.9
 99, 206, 29.24177222, 95.52737740,  99.9
100, 206, 29.24412024, 95.51616617,  99.9
101, 206, 29.24649926, 95.50480190,  99.9
102, 206, 29.24890967, 95.49328249,  99.9
103, 206, 29.25135187, 95.48160582,  99.9
104, 206, 29.25382628, 95.46976974,  99.9
105, 206, 29.25633329, 95.45777206,  99.9
106, 206, 29.25887332, 95.44561056,  99.9
107, 206, 29.26144680, 95.43328301,  99.9
108, 206, 29.26405415, 95.42078713,  99.9
109, 206, 29.26669579, 95.40812060,  99.9
110, 206, 29.26937216, 95.39528111,  99.9
111, 206, 29.27208370, 95.38226626,  99.9
112, 206, 29.27483085, 95.36907367,  99.9
113, 206, 29.27761407, 95.35570089,  99.9
114, 206, 29.28043380, 95.34214545,  99.9
115, 206, 29.28329051, 95.32840485,  99.9
116, 206, 29.28618466, 95.31447656,  99.9
117, 206, 29.28911672, 95.30035799,  99.9
118, 206, 29.29208717, 95.28604654,  99.9
119, 206, 29.29509648, 95.27153957,   3.5
120, 206, 29.29814515, 95.25683438,   3.5
121, 206, 29.30123366, 95.24192827,  99.9
122, 206, 29.30436251, 95.22681848,  99.9
123, 206, 29.30753221, 95.21150221,  99.9
124, 206, 29.31074325, 95.19597663,  99.9
125, 206, 29.31399617, 95.18023887,  99.9
126, 206, 29.31729147, 95.16428601,  99.9
127, 206, 29.32062967, 95.14811510,  99.9
128, 206, 29.32401132, 95.13172316,  99.9
129, 206, 29.32743694, 95.11510714,  99.9
130, 206, 29.33090708, 95.09826397,  99.9
131, 206, 29.33442229, 95.08119053,  99.9
132, 206, 29.33798312, 95.06388366,  99.9
133, 206, 29.34159013, 95.04634015,  99.9
134, 206, 29.34524388, 95.02855676,  99.9
135, 206, 29.34894495, 95.01053018,  99.9
136, 206, 29.35269391, 94.99225708,  99.9
137, 206, 29.35649135, 94.97373407,  99.9
138, 206, 29.36033786, 94.95495771,  99.9
139, 206, 29.36423402, 94.93592453,  99.9
140, 206, 29.36818046, 94.91663098,  99.9
141, 206, 29.37217776, 94.89707351,   3.7
142, 206, 29.37622655, 94.87724847,   3.8
143, 206, 29.38032745, 94.85715219,   3.8
144, 206, 29.38448108, 94.83678093,   4.2
145, 206, 29.38868808, 94.81613092,   4.1
146, 206, 29.39294907, 94.79519832,   4.1
147, 206, 29.39726472, 94.77397925,   4.0
148, 206, 29.40163567, 94.75246976,   4.1
149, 206, 29.40606257, 94.73066585,   4.2
150, 206, 29.41054610, 94.70856349,   4.2
151, 206, 29.41508692, 94.68615855,   5.0
152, 206, 29.41968571, 94.66344687,   5.0
153, 206, 29.42434315, 94.64042423,   5.0
154, 206, 29.42905993, 94.61708635,   5.0
155, 206, 29.43383674, 94.59342889,   4.9
156, 206, 29.43867430, 94.56944744,   4.9
157, 206, 29.44357330, 94.54513755,   4.8
158, 206, 29.44853446, 94.52049469,   4.8
159, 206, 29.45355851, 94.49551426,   4.8
160, 206, 29.45864616, 94.47019163,   4.8
161, 206, 29.46379816, 94.44452208,   4.8
162, 206, 29.46901524, 94.41850081,   4.8
163, 206, 29.47429815, 94.39212299,   4.8
164, 206, 29.47964764, 94.36538370,   4.7
165, 206, 29.48506447, 94.33827795,   4.7
166, 206, 29.49054941, 94.31080069,   4.7
167, 206, 29.49610322, 94.28294680,   4.7
168, 206, 29.50172669, 94.25471107,   4.7
169, 206, 29.50742059, 94.22608825,   4.7
170, 206, 29.51318572, 94.19707299,   4.6
171, 206, 29.51902287, 94.16765987,   4.6
172, 206, 29.52493284, 94.13784340,   4.6
173, 206, 29.53091645, 94.10761802,   4.6
174, 206, 29.53697449, 94.07697808,   4.6
175, 206, 29.54310780, 94.04591785,   4.6
176, 206, 29.54931719, 94.01443153,   4.5
177, 206, 29.55560351, 93.98251323,   4.5
178, 206, 29.56196757, 93.95015698,   4.5
179, 206, 29.56841022, 93.91735674,   4.4
180, 206, 29.57493232, 93.88410637,   4.3
181, 206, 29.58153470, 93.85039965,   4.3
182, 206, 29.58821824, 93.81623026,   4.3
183, 206, 29.59498379, 93.78159181,   4.3
184, 206, 29.60183221, 93.74647782,   4.3
185, 206, 29.60876438, 93.71088171,   4.3
186, 206, 29.61578118, 93.67479681,   4.2
187, 206, 29.62288348, 93.63821635,   4.2
188, 206, 29.63007218, 93.60113348,   4.2
189, 206, 29.63734815, 93.56354126,   4.2
190, 206, 29.64471230, 93.52543262,   4.3
191, 206, 29.65216553, 93.48680042,   4.3
  1, 207, 29.11631468, 96.13222178,  99.9
  2, 207, 29.11698779, 96.12925726,  99.9
  3, 207, 29.11766999, 96.12625237,  99.9
  4, 207, 29.11836140, 96.12320655,  99.9
  5, 207, 29.11906215, 96.12011924,  99.9
  6, 207, 29.11977237, 96.11698989,  99.9
  7, 207, 29.12049217, 96.11381792,  99.9
  8, 207, 29.12122170, 96.11060275,  99.9
  9, 207, 29.12196107, 96.10734378,  99.9
 10, 207, 29.12271042, 96.10404043,  99.9
 11, 207, 29.12346988, 96.10069208,  99.9
 12, 207, 29.12423960, 96.09729813,  99.9
 13, 207, 29.12501970, 96.09385795,  99.9
 14, 207, 29.12581032, 96.09037090,  99.9
 15, 207, 29.12661161, 96.08683636,  99.9
 16, 207, 29.12742371, 96.08325368,  99.9
 17, 207, 29.12824677, 96.07962219,  99.9
 18, 207, 29.12908092, 96.07594123,  99.9
 19, 207, 29.12992632, 96.07221014,  99.9
 20, 207, 29.13078312, 96.06842821,  99.9
 21, 207, 29.13165146, 96.06459477,  99.9
 22, 207, 29.13253152, 96.06070910,  99.9
 23, 207, 29.13342343, 96.05677050,  99.9
 24, 207, 29.13432736, 96.05277824,  99.9
 25, 207, 29.13524347, 96.04873159,  99.9
 26, 207, 29.13617192, 96.04462981,   2.7
 27, 207, 29.13711288, 96.04047215,  99.9
 28, 207, 29.13806651, 96.03625785,  99.9
 29, 207, 29.13903298, 96.03198613,  99.9
 30, 207, 29.14001247, 96.02765620,  99.9
 31, 207, 29.14100514, 96.02326728,  99.9
 32, 207, 29.14201117, 96.01881857,  99.9
 33, 207, 29.14303075, 96.01430923,  99.9
 34, 207, 29.14406404, 96.00973845,  99.9
 35, 207, 29.14511123, 96.00510540,  99.9
 36, 207, 29.14617251, 96.00040921,  99.9
 37, 207, 29.14724806, 95.99564902,  99.9
 38, 207, 29.14833808, 95.99082398,  99.9
 39, 207, 29.14944275, 95.98593318,  99.9
 40, 207, 29.15056228, 95.98097573,  99.9
 41, 207, 29.15169685, 95.97595072,  99.9
 42, 207, 29.15284666, 95.97085723,  99.9
 43, 207, 29.15401193, 95.96569433,  99.9
 44, 207, 29.15519285, 95.96046107,  99.9
 45, 207, 29.15638964, 95.95515648,  99.9
 46, 207, 29.15760249, 95.94977960,  99.9
 47, 207, 29.15883163, 95.94432943,  99.9
 48, 207, 29.16007727, 95.93880498,  99.9
 49, 207, 29.16133963, 95.93320523,  99.9
 50, 207, 29.16261892, 95.92752915,  99.9
 51, 207, 29.16391538, 95.92177570,  99.9
 52, 207, 29.16522924, 95.91594383,  99.9
 53, 207, 29.16656071, 95.91003246,  99.9
 54, 207, 29.16791003, 95.90404051,  99.9
 55, 207, 29.16927745, 95.89796688,  99.9
 56, 207, 29.17066319, 95.89181045,  99.9
 57, 207, 29.17206750, 95.88557010,  99.9
 58, 207, 29.17349062, 95.87924466,  99.9
 59, 207, 29.17493281, 95.87283299,  99.9
 60, 207, 29.17639430, 95.86633391,  99.9
 61, 207, 29.17787537, 95.85974621,  99.9
 62, 207, 29.17937626, 95.85306870,  99.9
 63, 207, 29.18089723, 95.84630013,  99.9
 64, 207, 29.18243856, 95.83943928,  99.9
 65, 207, 29.18400050, 95.83248488,  99.9
 66, 207, 29.18558333, 95.82543564,  99.9
 67, 207, 29.18718732, 95.81829028,  99.9
 68, 207, 29.18881275, 95.81104747,  99.9
 69, 207, 29.19045990, 95.80370590,  99.9
 70, 207, 29.19212906, 95.79626420,  99.9
 71, 207, 29.19382051, 95.78872102,  99.9
 72, 207, 29.19553454, 95.78107495,  99.9
 73, 207, 29.19727145, 95.77332460,  99.9
 74, 207, 29.19903155, 95.76546855,  99.9
 75, 207, 29.20081512, 95.75750533,  99.9
 76, 207, 29.20262249, 95.74943350,  99.9
 77, 207, 29.20445396, 95.74125156,  99.9
 78, 207, 29.20630984, 95.73295801,  99.9
 79, 207, 29.20819045, 95.72455132,  99.9
 80, 207, 29.21009612, 95.71602995,  99.9
 81, 207, 29.21202717, 95.70739233,  99.9
 82, 207, 29.21398393, 95.69863686,  99.9
 83, 207, 29.21596673, 95.68976194,  99.9
 84, 207, 29.21797592, 95.68076592,  99.9
 85, 207, 29.22001184, 95.67164717,  99.9
 86, 207, 29.22207483, 95.66240398,  99.9
 87, 207, 29.22416524, 95.65303467,  99.9
 88, 207, 29.22628343, 95.64353750,  99.9
 89, 207, 29.22842977, 95.63391073,  99.9
 90, 207, 29.23060460, 95.62415259,  99.9
 91, 207, 29.23280831, 95.61426127,  99.9
 92, 207, 29.23504127, 95.60423495,  99.9
 93, 207, 29.23730385, 95.59407178,  99.9
 94, 207, 29.23959643, 95.58376989,  99.9
 95, 207, 29.24191940, 95.57332739,  99.9
 96, 207, 29.24427316, 95.56274234,   2.5
 97, 207, 29.24665810, 95.55201279,  99.9
 98, 207, 29.24907461, 95.54113677,  99.9
 99, 207, 29.25152312, 95.53011227,  99.9
100, 207, 29.25400401, 95.51893726,  99.9
101, 207, 29.25651773, 95.50760967,  99.9
102, 207, 29.25906467, 95.49612741,  99.9
103, 207, 29.26164527, 95.48448836,  99.9
104, 207, 29.26425996, 95.47269039,  99.9
105, 207, 29.26690917, 95.46073130,  99.9
106, 207, 29.26959335, 95.44860889,  99.9
107, 207, 29.27231293, 95.43632093,  99.9
108, 207, 29.27506838, 95.42386513,  99.9
109, 207, 29.27786015, 95.41123922,  99.9
110, 207, 29.28068869, 95.39844084,  99.9
111, 207, 29.28355449, 95.38546764,  99.9
112, 207, 29.28645800, 95.37231722,  99.9
113, 207, 29.28939971, 95.35898714,  99.9
114, 207, 29.29238010, 95.34547496,  99.9
115, 207, 29.29539966, 95.33177816,  99.9
116, 207, 29.29845888, 95.31789422,  99.9
117, 207, 29.30155827, 95.30382056,  99.9
118, 207, 29.30469833, 95.28955459,  99.9
119, 207, 29.30787958, 95.27509367,   3.6
120, 207, 29.31110252, 95.26043512,  99.9
121, 207, 29.31436769, 95.24557623,  99.9
122, 207, 29.31767562, 95.23051425,  99.9
123, 207, 29.32102683, 95.21524639,  99.9
124, 207, 29.32442188, 95.19976983,  99.9
125, 207, 29.32786130, 95.18408170,  99.9
126, 207, 29.33134566, 95.16817910,  99.9
127, 207, 29.33487551, 95.15205907,  99.9
128, 207, 29.33845142, 95.13571864,  99.9
129, 207, 29.34207396, 95.11915478,  99.9
130, 207, 29.34574371, 95.10236442,  99.9
131, 207, 29.34946125, 95.08534444,  99.9
132, 207, 29.35322717, 95.06809169,  99.9
133, 207, 29.35704208, 95.05060298,  99.9
134, 207, 29.36090658, 95.03287505,  99.9
135, 207, 29.36482127, 95.01490463,  99.9
136, 207, 29.36878677, 94.99668838,  99.9
137, 207, 29.37280371, 94.97822291,  99.9
138, 207, 29.37687272, 94.95950480,  99.9
139, 207, 29.38099444, 94.94053059,  99.9
140, 207, 29.38516950, 94.92129673,  99.9
141, 207, 29.38939856, 94.90179967,  99.9
142, 207, 29.39368227, 94.88203579,   4.4
143, 207, 29.39802130, 94.86200140,   4.4
144, 207, 29.40241632, 94.84169280,   4.3
145, 207, 29.40686801, 94.82110620,   4.2
146, 207, 29.41137704, 94.80023777,   4.1
147, 207, 29.41594412, 94.77908365,   4.0
148, 207, 29.42056993, 94.75763989,   4.1
149, 207, 29.42525519, 94.73590252,   4.2
150, 207, 29.43000060, 94.71386747,   4.3
151, 207, 29.43480689, 94.69153066,  99.9
152, 207, 29.43967478, 94.66888793,   4.1
153, 207, 29.44460500, 94.64593505,   5.0
154, 207, 29.44959829, 94.62266777,   5.0
155, 207, 29.45465540, 94.59908174,   5.0
156, 207, 29.45977709, 94.57517258,   4.9
157, 207, 29.46496411, 94.55093582,   4.9
158, 207, 29.47021723, 94.52636696,   4.9
159, 207, 29.47553723, 94.50146140,   4.9
160, 207, 29.48092489, 94.47621452,   4.9
161, 207, 29.48638100, 94.45062159,   5.0
162, 207, 29.49190635, 94.42467785,   5.0
163, 207, 29.49750175, 94.39837846,   5.0
164, 207, 29.50316801, 94.37171850,   4.9
165, 207, 29.50890595, 94.34469300,   4.9
166, 207, 29.51471638, 94.31729693,   4.9
167, 207, 29.52060015, 94.28952514,   4.9
168, 207, 29.52655809, 94.26137248,   4.8
169, 207, 29.53259105, 94.23283366,   4.8
170, 207, 29.53869987, 94.20390336,   4.8
171, 207, 29.54488542, 94.17457616,   4.8
172, 207, 29.55114856, 94.14484660,   4.8
173, 207, 29.55749017, 94.11470909,   4.8
174, 207, 29.56391113, 94.08415802,   4.8
175, 207, 29.57041232, 94.05318765,   4.7
176, 207, 29.57699463, 94.02179219,   4.7
177, 207, 29.58365897, 93.98996577,   4.7
178, 207, 29.59040623, 93.95770242,   4.7
179, 207, 29.59723734, 93.92499610,   4.6
180, 207, 29.60415321, 93.89184068,   4.5
181, 207, 29.61115477, 93.85822994,   4.5
182, 207, 29.61824294, 93.82415759,   4.5
183, 207, 29.62541867, 93.78961723,   4.5
184, 207, 29.63268289, 93.75460238,   4.5
185, 207, 29.64003656, 93.71910648,   4.5
186, 207, 29.64748063, 93.68312287,   4.5
187, 207, 29.65501607, 93.64664478,   4.5
188, 207, 29.66264383, 93.60966536,   4.5
189, 207, 29.67036488, 93.57217767,   4.5
190, 207, 29.67818021, 93.53417467,   4.5
191, 207, 29.68609080, 93.49564921,   4.6
  1, 208, 29.11889594, 96.13300301,  99.9
  2, 208, 29.11960419, 96.13004905,  99.9
  3, 208, 29.12032200, 96.12705486,  99.9
  4, 208, 29.12104952, 96.12401988,  99.9
  5, 208, 29.12178686, 96.12094357,  99.9
  6, 208, 29.12253417, 96.11782536,  99.9
  7, 208, 29.12329157, 96.11466468,  99.9
  8, 208, 29.12405920, 96.11146095,  99.9
  9, 208, 29.12483720, 96.10821357,  99.9
 10, 208, 29.12562570, 96.10492197,  99.9
 11, 208, 29.12642486, 96.10158553,  99.9
 12, 208, 29.12723480, 96.09820364,  99.9
 13, 208, 29.12805567, 96.09477569,  99.9
 14, 208, 29.12888763, 96.09130104,  99.9
 15, 208, 29.12973081, 96.08777906,  99.9
 16, 208, 29.13058538, 96.08420910,  99.9
 17, 208, 29.13145147, 96.08059051,  99.9
 18, 208, 29.13232925, 96.07692262,  99.9
 19, 208, 29.13321888, 96.07320476,  99.9
 20, 208, 29.13412050, 96.06943626,  99.9
 21, 208, 29.13503428, 96.06561642,  99.9
 22, 208, 29.13596039, 96.06174453,  99.9
 23, 208, 29.13689898, 96.05781990,  99.9
 24, 208, 29.13785023, 96.05384179,  99.9
 25, 208, 29.13881431, 96.04980949,  99.9
 26, 208, 29.13979138, 96.04572224,   2.7
 27, 208, 29.14078161, 96.04157931,  99.9
 28, 208, 29.14178519, 96.03737993,  99.9
 29, 208, 29.14280230, 96.03312334,  99.9
 30, 208, 29.14383310, 96.02880874,  99.9
 31, 208, 29.14487779, 96.02443535,  99.9
 32, 208, 29.14593655, 96.02000237,  99.9
 33, 208, 29.14700957, 96.01550898,  99.9
 34, 208, 29.14809704, 96.01095437,  99.9
 35, 208, 29.14919914, 96.00633769,  99.9
 36, 208, 29.15031608, 96.00165809,  99.9
 37, 208, 29.15144806, 95.99691472,  99.9
 38, 208, 29.15259526, 95.99210671,  99.9
 39, 208, 29.15375790, 95.98723318,  99.9
 40, 208, 29.15493619, 95.98229323,  99.9
 41, 208, 29.15613031, 95.97728595,  99.9
 42, 208, 29.15734050, 95.97221043,  99.9
 43, 208, 29.15856696, 95.96706573,  99.9
 44, 208, 29.15980991, 95.96185091,  99.9
 45, 208, 29.16106956, 95.95656501,  99.9
 46, 208, 29.16234615, 95.95120707,  99.9
 47, 208, 29.16363988, 95.94577609,  99.9
 48, 208, 29.16495100, 95.94027108,  99.9
 49, 208, 29.16627973, 95.93469103,  99.9
 50, 208, 29.16762630, 95.92903492,  99.9
 51, 208, 29.16899095, 95.92330170,  99.9
 52, 208, 29.17037393, 95.91749033,  99.9
 53, 208, 29.17177546, 95.91159973,  99.9
 54, 208, 29.17319580, 95.90562882,  99.9
 55, 208, 29.17463520, 95.89957651,  99.9
 56, 208, 29.17609391, 95.89344169,  99.9
 57, 208, 29.17757218, 95.88722322,  99.9
 58, 208, 29.17907028, 95.88091996,  99.9
 59, 208, 29.18058846, 95.87453076,  99.9
 60, 208, 29.18212698, 95.86805445,  99.9
 61, 208, 29.18368613, 95.86148982,  99.9
 62, 208, 29.18526616, 95.85483568,  99.9
 63, 208, 29.18686736, 95.84809080,  99.9
 64, 208, 29.18849000, 95.84125394,  99.9
 65, 208, 29.19013436, 95.83432385,  99.9
 66, 208, 29.19180074, 95.82729925,  99.9
 67, 208, 29.19348942, 95.82017884,  99.9
 68, 208, 29.19520069, 95.81296132,  99.9
 69, 208, 29.19693485, 95.80564536,  99.9
 70, 208, 29.19869221, 95.79822962,  99.9
 71, 208, 29.20047306, 95.79071273,  99.9
 72, 208, 29.20227771, 95.78309331,  99.9
 73, 208, 29.20410649, 95.77536995,  99.9
 74, 208, 29.20595969, 95.76754123,  99.9
 75, 208, 29.20783765, 95.75960572,  99.9
 76, 208, 29.20974068, 95.75156196,  99.9
 77, 208, 29.21166912, 95.74340845,  99.9
 78, 208, 29.21362329, 95.73514371,  99.9
 79, 208, 29.21560354, 95.72676621,  99.9
 80, 208, 29.21761020, 95.71827440,  99.9
 81, 208, 29.21964362, 95.70966673,  99.9
 82, 208, 29.22170415, 95.70094160,  99.9
 83, 208, 29.22379214, 95.69209742,  99.9
 84, 208, 29.22590795, 95.68313255,  99.9
 85, 208, 29.22805193, 95.67404533,  99.9
 86, 208, 29.23022447, 95.66483411,  99.9
 87, 208, 29.23242593, 95.65549717,  99.9
 88, 208, 29.23465668, 95.64603280,  99.9
 89, 208, 29.23691710, 95.63643925,  99.9
 90, 208, 29.23920759, 95.62671476,  99.9
 91, 208, 29.24152853, 95.61685753,  99.9
 92, 208, 29.24388031, 95.60686574,  99.9
 93, 208, 29.24626334, 95.59673756,  99.9
 94, 208, 29.24867801, 95.58647111,  99.9
 95, 208, 29.25112475, 95.57606450,  99.9
 96, 208, 29.25360395, 95.56551581,   2.5
 97, 208, 29.25611605, 95.55482309,  99.9
 98, 208, 29.25866146, 95.54398437,  99.9
 99, 208, 29.26124062, 95.53299766,  99.9
100, 208, 29.26385395, 95.52186092,  99.9
101, 208, 29.26650191, 95.51057209,  99.9
102, 208, 29.26918493, 95.49912910,  99.9
103, 208, 29.27190347, 95.48752983,  99.9
104, 208, 29.27465798, 95.47577214,  99.9
105, 208, 29.27744892, 95.46385385,  99.9
106, 208, 29.28027676, 95.45177277,  99.9
107, 208, 29.28314197, 95.43952666,  99.9
108, 208, 29.28604503, 95.42711327,  99.9
109, 208, 29.28898642, 95.41453028,  99.9
110, 208, 29.29196664, 95.40177539,  99.9
111, 208, 29.29498618, 95.38884623,  99.9
112, 208, 29.29804553, 95.37574041,  99.9
113, 208, 29.30114521, 95.36245551,  99.9
114, 208, 29.30428573, 95.34898907,  99.9
115, 208, 29.30746760, 95.33533860,  99.9
116, 208, 29.31069136, 95.32150158,  99.9
117, 208, 29.31395753, 95.30747544,  99.9
118, 208, 29.31726665, 95.29325759,  99.9
119, 208, 29.32061926, 95.27884540,   3.6
120, 208, 29.32401591, 95.26423619,  99.9
121, 208, 29.32745717, 95.24942727,  99.9
122, 208, 29.33094358, 95.23441589,  99.9
123, 208, 29.33447572, 95.21919927,  99.9
124, 208, 29.33805416, 95.20377460,  99.9
125, 208, 29.34167949, 95.18813901,  99.9
126, 208, 29.34535230, 95.17228960,  99.9
127, 208, 29.34907316, 95.15622344,  99.9
128, 208, 29.35284270, 95.13993756,  99.9
129, 208, 29.35666152, 95.12342892,  99.9
130, 208, 29.36053023, 95.10669447,  99.9
131, 208, 29.36444945, 95.08973111,  99.9
132, 208, 29.36841981, 95.07253569,  99.9
133, 208, 29.37244195, 95.05510501,  99.9
134, 208, 29.37651650, 95.03743584,  99.9
135, 208, 29.38064413, 95.01952491,  99.9
136, 208, 29.38482548, 95.00136888,  99.9
137, 208, 29.38906122, 94.98296438,  99.9
138, 208, 29.39335202, 94.96430800,  99.9
139, 208, 29.39769855, 94.94539628,  99.9
140, 208, 29.40210151, 94.92622568,  99.9
141, 208, 29.40656158, 94.90679266,  99.9
142, 208, 29.41107947, 94.88709360,   4.4
143, 208, 29.41565587, 94.86712483,   4.4
144, 208, 29.42029152, 94.84688265,   4.3
145, 208, 29.42498711, 94.82636328,   4.2
146, 208, 29.42974340, 94.80556292,   4.1
147, 208, 29.43456111, 94.78447768,   4.0
148, 208, 29.43944098, 94.76310364,   4.1
149, 208, 29.44438378, 94.74143683,   4.2
150, 208, 29.44939025, 94.71947321,   4.2
151, 208, 29.45446117, 94.69720869,   4.3
152, 208, 29.45959732, 94.67463911,   4.3
153, 208, 29.46479946, 94.65176028,   4.3
154, 208, 29.47006840, 94.62856793,   4.4
155, 208, 29.47540493, 94.60505773,   4.5
156, 208, 29.48080986, 94.58122530,   4.5
157, 208, 29.48628400, 94.55706619,   4.5
158, 208, 29.49182818, 94.53257590,   4.8
159, 208, 29.49744321, 94.50774986,   4.9
160, 208, 29.50312994, 94.48258343,   5.0
161, 208, 29.50888922, 94.45707191,   5.2
162, 208, 29.51472189, 94.43121053,   5.2
163, 208, 29.52062882, 94.40499447,   5.2
164, 208, 29.52661088, 94.37841883,   5.1
165, 208, 29.53266893, 94.35147863,   5.1
166, 208, 29.53880387, 94.32416885,   5.0
167, 208, 29.54501659, 94.29648437,   5.0
168, 208, 29.55130798, 94.26842002,   5.0
169, 208, 29.55767896, 94.23997054,   5.0
170, 208, 29.56413043, 94.21113060,   5.0
171, 208, 29.57066333, 94.18189482,   5.0
172, 208, 29.57727857, 94.15225771,   5.0
173, 208, 29.58397711, 94.12221373,   5.0
174, 208, 29.59075989, 94.09175724,   5.0
175, 208, 29.59762785, 94.06088253,   5.0
176, 208, 29.60458196, 94.02958381,   5.0
177, 208, 29.61162320, 93.99785523,   4.9
178, 208, 29.61875253, 93.96569081,   4.9
179, 208, 29.62597093, 93.93308454,   4.9
180, 208, 29.63327941, 93.90003028,   4.8
181, 208, 29.64067895, 93.86652183,   4.8
182, 208, 29.64817057, 93.83255290,   4.8
183, 208, 29.65575527, 93.79811711,   4.8
184, 208, 29.66343408, 93.76320799,   4.8
185, 208, 29.67120801, 93.72781896,   4.8
186, 208, 29.67907811, 93.69194339,   4.8
187, 208, 29.68704541, 93.65557451,   4.8
188, 208, 29.69511097, 93.61870549,   4.8
189, 208, 29.70327582, 93.58132939,   4.8
190, 208, 29.71154103, 93.54343917,   4.9
191, 208, 29.71990767, 93.50502769,   4.9
  1, 209, 29.12146769, 96.13382393,  99.9
  2, 209, 29.12221095, 96.13088107,  99.9
  3, 209, 29.12296425, 96.12789813,  99.9
  4, 209, 29.12372773, 96.12487456,  99.9
  5, 209, 29.12450154, 96.12180980,  99.9
  6, 209, 29.12528580, 96.11870330,  99.9
  7, 209, 29.12608066, 96.11555449,  99.9
  8, 209, 29.12688626, 96.11236278,  99.9
  9, 209, 29.12770274, 96.10912760,  99.9
 10, 209, 29.12853025, 96.10584835,  99.9
 11, 209, 29.12936895, 96.10252442,  99.9
 12, 209, 29.13021897, 96.09915522,  99.9
 13, 209, 29.13108047, 96.09574013,  99.9
 14, 209, 29.13195360, 96.09227850,  99.9
 15, 209, 29.13283853, 96.08876973,  99.9
 16, 209, 29.13373540, 96.08521315,  99.9
 17, 209, 29.13464438, 96.08160812,  99.9
 18, 209, 29.13556563, 96.07795397,  99.9
 19, 209, 29.13649932, 96.07425004,  99.9
 20, 209, 29.13744560, 96.07049565,  99.9
 21, 209, 29.13840466, 96.06669011,  99.9
 22, 209, 29.13937665, 96.06283271,  99.9
 23, 209, 29.14036176, 96.05892277,  99.9
 24, 209, 29.14136015, 96.05495954,  99.9
 25, 209, 29.14237201, 96.05094232,  99.9
 26, 209, 29.14339752, 96.04687036,   2.8
 27, 209, 29.14443686, 96.04274292,  99.9
 28, 209, 29.14549021, 96.03855924,  99.9
 29, 209, 29.14655776, 96.03431854,  99.9
 30, 209, 29.14763970, 96.03002006,  99.9
 31, 209, 29.14873622, 96.02566301,  99.9
 32, 209, 29.14984751, 96.02124658,  99.9
 33, 209, 29.15097378, 96.01676997,  99.9
 34, 209, 29.15211523, 96.01223235,  99.9
 35, 209, 29.15327205, 96.00763289,  99.9
 36, 209, 29.15444445, 96.00297074,  99.9
 37, 209, 29.15563264, 95.99824506,  99.9
 38, 209, 29.15683682, 95.99345498,  99.9
 39, 209, 29.15805722, 95.98859960,  99.9
 40, 209, 29.15929405, 95.98367805,  99.9
 41, 209, 29.16054752, 95.97868942,  99.9
 42, 209, 29.16181786, 95.97363280,  99.9
 43, 209, 29.16310529, 95.96850724,  99.9
 44, 209, 29.16441004, 95.96331183,  99.9
 45, 209, 29.16573233, 95.95804559,  99.9
 46, 209, 29.16707242, 95.95270757,  99.9
 47, 209, 29.16843052, 95.94729677,  99.9
 48, 209, 29.16980687, 95.94181222,  99.9
 49, 209, 29.17120173, 95.93625290,  99.9
 50, 209, 29.17261533, 95.93061779,  99.9
 51, 209, 29.17404793, 95.92490585,  99.9
 52, 209, 29.17549977, 95.91911604,  99.9
 53, 209, 29.17697112, 95.91324729,  99.9
 54, 209, 29.17846222, 95.90729853,  99.9
 55, 209, 29.17997335, 95.90126865,  99.9
 56, 209, 29.18150476, 95.89515656,  99.9
 57, 209, 29.18305673, 95.88896112,  99.9
 58, 209, 29.18462952, 95.88268120,  99.9
 59, 209, 29.18622342, 95.87631565,  99.9
 60, 209, 29.18783870, 95.86986330,  99.9
 61, 209, 29.18947564, 95.86332295,  99.9
 62, 209, 29.19113453, 95.85669340,  99.9
 63, 209, 29.19281566, 95.84997345,  99.9
 64, 209, 29.19451932, 95.84316184,  99.9
 65, 209, 29.19624582, 95.83625733,  99.9
 66, 209, 29.19799544, 95.82925865,  99.9
 67, 209, 29.19976851, 95.82216451,  99.9
 68, 209, 29.20156531, 95.81497360,  99.9
 69, 209, 29.20338617, 95.80768461,  99.9
 70, 209, 29.20523141, 95.80029618,  99.9
 71, 209, 29.20710134, 95.79280697,  99.9
 72, 209, 29.20899630, 95.78521559,  99.9
 73, 209, 29.21091659, 95.77752064,  99.9
 74, 209, 29.21286257, 95.76972071,  99.9
 75, 209, 29.21483457, 95.76181437,  99.9
 76, 209, 29.21683293, 95.75380015,  99.9
 77, 209, 29.21885799, 95.74567658,  99.9
 78, 209, 29.22091011, 95.73744216,  99.9
 79, 209, 29.22298964, 95.72909539,  99.9
 80, 209, 29.22509693, 95.72063471,  99.9
 81, 209, 29.22723236, 95.71205857,  99.9
 82, 209, 29.22939628, 95.70336540,  99.9
 83, 209, 29.23158908, 95.69455358,  99.9
 84, 209, 29.23381113, 95.68562150,  99.9
 85, 209, 29.23606280, 95.67656751,  99.9
 86, 209, 29.23834450, 95.66738994,  99.9
 87, 209, 29.24065660, 95.65808710,  99.9
 88, 209, 29.24299951, 95.64865727,  99.9
 89, 209, 29.24537362, 95.63909871,  99.9
 90, 209, 29.24777935, 95.62940966,  99.9
 91, 209, 29.25021710, 95.61958834,  99.9
 92, 209, 29.25268729, 95.60963293,  99.9
 93, 209, 29.25519033, 95.59954160,  99.9
 94, 209, 29.25772667, 95.58931247,  99.9
 95, 209, 29.26029672, 95.57894368,  99.9
 96, 209, 29.26290093, 95.56843329,   2.7
 97, 209, 29.26553974, 95.55777938,  99.9
 98, 209, 29.26821359, 95.54697997,  99.9
 99, 209, 29.27092294, 95.53603307,  99.9
100, 209, 29.27366825, 95.52493666,  99.9
101, 209, 29.27644998, 95.51368869,  99.9
102, 209, 29.27926860, 95.50228708,  99.9
103, 209, 29.28212459, 95.49072972,  99.9
104, 209, 29.28501842, 95.47901448,  99.9
105, 209, 29.28795059, 95.46713920,  99.9
106, 209, 29.29092159, 95.45510168,  99.9
107, 209, 29.29393191, 95.44289969,  99.9
108, 209, 29.29698207, 95.43053097,  99.9
109, 209, 29.30007257, 95.41799325,  99.9
110, 209, 29.30320393, 95.40528420,  99.9
111, 209, 29.30637667, 95.39240147,  99.9
112, 209, 29.30959132, 95.37934268,  99.9
113, 209, 29.31284842, 95.36610541,  99.9
114, 209, 29.31614850, 95.35268721,  99.9
115, 209, 29.31949213, 95.33908560,  99.9
116, 209, 29.32287984, 95.32529805,  99.9
117, 209, 29.32631221, 95.31132202,  99.9
118, 209, 29.32978980, 95.29715492,  99.9
119, 209, 29.33331319, 95.28279413,   3.8
120, 209, 29.33688295, 95.26823697,  99.9
121, 209, 29.34049967, 95.25348076,  99.9
122, 209, 29.34416395, 95.23852276,  99.9
123, 209, 29.34787639, 95.22336021,  99.9
124, 209, 29.35163760, 95.20799027,  99.9
125, 209, 29.35544819, 95.19241012,  99.9
126, 209, 29.35930879, 95.17661685,  99.9
127, 209, 29.36322002, 95.16060754,  99.9
128, 209, 29.36718252, 95.14437921,  99.9
129, 209, 29.37119694, 95.12792886,  99.9
130, 209, 29.37526392, 95.11125344,  99.9
131, 209, 29.37938413, 95.09434984,  99.9
132, 209, 29.38355822, 95.07721493,  99.9
133, 209, 29.38778688, 95.05984552,  99.9
134, 209, 29.39207079, 95.04223839,  99.9
135, 209, 29.39641062, 95.02439027,  99.9
136, 209, 29.40080708, 95.00629784,  99.9
137, 209, 29.40526087, 94.98795773,  99.9
138, 209, 29.40977270, 94.96936655,  99.9
139, 209, 29.41434330, 94.95052082,  99.9
140, 209, 29.41897338, 94.93141705,  99.9
141, 209, 29.42366368, 94.91205168,   2.4
142, 209, 29.42841494, 94.89242110,   4.5
143, 209, 29.43322792, 94.87252167,   4.4
144, 209, 29.43810337, 94.85234967,   4.3
145, 209, 29.44304206, 94.83190136,   4.2
146, 209, 29.44804476, 94.81117292,   4.1
147, 209, 29.45311226, 94.79016049,   4.0
148, 209, 29.45824535, 94.76886016,   4.0
149, 209, 29.46344482, 94.74726795,   4.1
150, 209, 29.46871148, 94.72537985,   4.2
151, 209, 29.47404615, 94.70319176,   4.2
152, 209, 29.47944965, 94.68069955,   4.3
153, 209, 29.48492281, 94.65789902,   4.3
154, 209, 29.49046648, 94.63478592,   4.4
155, 209, 29.49608150, 94.61135593,   4.5
156, 209, 29.50176874, 94.58760469,   4.5
157, 209, 29.50752905, 94.56352774,   4.5
158, 209, 29.51336331, 94.53912060,   4.6
159, 209, 29.51927241, 94.51437870,   4.6
160, 209, 29.52525723, 94.48929742,   4.6
161, 209, 29.53131868, 94.46387206,   4.5
162, 209, 29.53745766, 94.43809789,   4.5
163, 209, 29.54367510, 94.41197006,   5.2
164, 209, 29.54997191, 94.38548370,   5.2
165, 209, 29.55634904, 94.35863384,   5.2
166, 209, 29.56280743, 94.33141546,   5.2
167, 209, 29.56934802, 94.30382346,   5.2
168, 209, 29.57597178, 94.27585267,   5.2
169, 209, 29.58267969, 94.24749785,   5.2
170, 209, 29.58947270, 94.21875369,   5.2
171, 209, 29.59635182, 94.18961479,   5.2
172, 209, 29.60331804, 94.16007570,   5.2
173, 209, 29.61037236, 94.13013086,   5.2
174, 209, 29.61751579, 94.09977466,   5.2
175, 209, 29.62474936, 94.06900140,   5.2
176, 209, 29.63207409, 94.03780529,   5.2
177, 209, 29.63949102, 94.00618050,   5.2
178, 209, 29.64700120, 93.97412105,   5.2
179, 209, 29.65460568, 93.94162094,   5.2
180, 209, 29.66230552, 93.90867406,   5.2
181, 209, 29.67010180, 93.87527419,   5.2
182, 209, 29.67799559, 93.84141507,   5.2
183, 209, 29.68598798, 93.80709032,   5.1
184, 209, 29.69408007, 93.77229347,   5.1
185, 209, 29.70227296, 93.73701798,   5.1
186, 209, 29.71056776, 93.70125719,   5.1
187, 209, 29.71896559, 93.66500437,   5.1
188, 209, 29.72746758, 93.62825269,   5.1
189, 209, 29.73607486, 93.59099521,   5.2
190, 209, 29.74478856, 93.55322490,   5.2
191, 209, 29.75360985, 93.51493464,   5.2
  1, 210, 29.12402946, 96.13468439,  99.9
  2, 210, 29.12480758, 96.13175317,  99.9
  3, 210, 29.12559623, 96.12878203,  99.9
  4, 210, 29.12639555, 96.12577041,  99.9
  5, 210, 29.12720567, 96.12271777,  99.9
  6, 210, 29.12802674, 96.11962355,  99.9
  7, 210, 29.12885892, 96.11648718,  99.9
  8, 210, 29.12970234, 96.11330809,  99.9
  9, 210, 29.13055716, 96.11008569,  99.9
 10, 210, 29.13142354, 96.10681939,  99.9
 11, 210, 29.13230162, 96.10350860,  99.9
 12, 210, 29.13319157, 96.10015270,  99.9
 13, 210, 29.13409354, 96.09675108,  99.9
 14, 210, 29.13500769, 96.09330313,  99.9
 15, 210, 29.13593420, 96.08980819,  99.9
 16, 210, 29.13687322, 96.08626565,  99.9
 17, 210, 29.13782492, 96.08267484,  99.9
 18, 210, 29.13878947, 96.07903510,  99.9
 19, 210, 29.13976704, 96.07534578,  99.9
 20, 210, 29.14075782, 96.07160619,  99.9
 21, 210, 29.14176197, 96.06781564,  99.9
 22, 210, 29.14277967, 96.06397345,  99.9
 23, 210, 29.14381112, 96.06007891,  99.9
 24, 210, 29.14485648, 96.05613129,  99.9
 25, 210, 29.14591594, 96.05212989,   2.8
 26, 210, 29.14698970, 96.04807396,   2.8
 27, 210, 29.14807795, 96.04396277,   2.8
 28, 210, 29.14918088, 96.03979555,  99.9
 29, 210, 29.15029868, 96.03557154,  99.9
 30, 210, 29.15143155, 96.03128996,  99.9
 31, 210, 29.15257971, 96.02695004,  99.9
 32, 210, 29.15374334, 96.02255097,  99.9
 33, 210, 29.15492266, 96.01809195,  99.9
 34, 210, 29.15611787, 96.01357216,  99.9
 35, 210, 29.15732920, 96.00899077,  99.9
 36, 210, 29.15855684, 96.00434694,  99.9
 37, 210, 29.15980103, 95.99963981,  99.9
 38, 210, 29.16106198, 95.99486852,  99.9
 39, 210, 29.16233991, 95.99003220,  99.9
 40, 210, 29.16363506, 95.98512995,  99.9
 41, 210, 29.16494765, 95.98016089,  99.9
 42, 210, 29.16627791, 95.97512409,  99.9
 43, 210, 29.16762607, 95.97001862,  99.9
 44, 210, 29.16899239, 95.96484356,  99.9
 45, 210, 29.17037709, 95.95959795,  99.9
 46, 210, 29.17178043, 95.95428083,  99.9
 47, 210, 29.17320265, 95.94889122,  99.9
 48, 210, 29.17464399, 95.94342813,  99.9
 49, 210, 29.17610473, 95.93789056,  99.9
 50, 210, 29.17758511, 95.93227749,  99.9
 51, 210, 29.17908539, 95.92658788,  99.9
 52, 210, 29.18060584, 95.92082070,  99.9
 53, 210, 29.18214673, 95.91497488,  99.9
 54, 210, 29.18370833, 95.90904934,  99.9
 55, 210, 29.18529091, 95.90304301,  99.9
 56, 210, 29.18689475, 95.89695477,  99.9
 57, 210, 29.18852013, 95.89078350,  99.9
 58, 210, 29.19016734, 95.88452808,  99.9
 59, 210, 29.19183667, 95.87818734,  99.9
 60, 210, 29.19352840, 95.87176013,  99.9
 61, 210, 29.19524285, 95.86524526,  99.9
 62, 210, 29.19698030, 95.85864154,  99.9
 63, 210, 29.19874106, 95.85194774,  99.9
 64, 210, 29.20052544, 95.84516264,  99.9
 65, 210, 29.20233375, 95.83828498,  99.9
 66, 210, 29.20416630, 95.83131351,  99.9
 67, 210, 29.20602343, 95.82424694,  99.9
 68, 210, 29.20790544, 95.81708397,  99.9
 69, 210, 29.20981268, 95.80982328,  99.9
 70, 210, 29.21174547, 95.80246353,  99.9
 71, 210, 29.21370414, 95.79500338,  99.9
 72, 210, 29.21568905, 95.78744143,  99.9
 73, 210, 29.21770053, 95.77977632,  99.9
 74, 210, 29.21973894, 95.77200661,  99.9
 75, 210, 29.22180462, 95.76413088,  99.9
 76, 210, 29.22389794, 95.75614769,  99.9
 77, 210, 29.22601926, 95.74805555,  99.9
 78, 210, 29.22816895, 95.73985298,  99.9
 79, 210, 29.23034739, 95.73153846,  99.9
 80, 210, 29.23255494, 95.72311047,  99.9
 81, 210, 29.23479198, 95.71456746,  99.9
 82, 210, 29.23705892, 95.70590783,  99.9
 83, 210, 29.23935613, 95.69713001,  99.9
 84, 210, 29.24168401, 95.68823237,  99.9
 85, 210, 29.24404298, 95.67921327,  99.9
 86, 210, 29.24643342, 95.67007104,  99.9
 87, 210, 29.24885575, 95.66080401,  99.9
 88, 210, 29.25131040, 95.65141046,  99.9
 89, 210, 29.25379777, 95.64188865,  99.9
 90, 210, 29.25631830, 95.63223684,  99.9
 91, 210, 29.25887243, 95.62245324,  99.9
 92, 210, 29.26146058, 95.61253604,  99.9
 93, 210, 29.26408320, 95.60248342,  99.9
 94, 210, 29.26674074, 95.59229351,  99.9
 95, 210, 29.26943365, 95.58196444,  99.9
 96, 210, 29.27216240, 95.57149430,   3.0
 97, 210, 29.27492744, 95.56088116,  99.9
 98, 210, 29.27772925, 95.55012305,  99.9
 99, 210, 29.28056831, 95.53921798,  99.9
100, 210, 29.28344510, 95.52816395,  99.9
101, 210, 29.28636010, 95.51695891,  99.9
102, 210, 29.28931382, 95.50560079,  99.9
103, 210, 29.29230674, 95.49408748,  99.9
104, 210, 29.29533939, 95.48241687,  99.9
105, 210, 29.29841227, 95.47058678,  99.9
106, 210, 29.30152589, 95.45859504,  99.9
107, 210, 29.30468079, 95.44643943,  99.9
108, 210, 29.30787750, 95.43411769,  99.9
109, 210, 29.31111655, 95.42162755,  99.9
110, 210, 29.31439849, 95.40896669,  99.9
111, 210, 29.31772387, 95.39613278,  99.9
112, 210, 29.32109324, 95.38312343,  99.9
113, 210, 29.32450718, 95.36993623,  99.9
114, 210, 29.32796625, 95.35656875,  99.9
115, 210, 29.33147103, 95.34301851,  99.9
116, 210, 29.33502210, 95.32928300,  99.9
117, 210, 29.33862005, 95.31535967,  99.9
118, 210, 29.34226550, 95.30124595,  99.9
119, 210, 29.34595902, 95.28693921,   3.9
120, 210, 29.34970125, 95.27243680,  99.9
121, 210, 29.35349281, 95.25773604,  99.9
122, 210, 29.35733430, 95.24283419,  99.9
123, 210, 29.36122639, 95.22772850,  99.9
124, 210, 29.36516969, 95.21241616,  99.9
125, 210, 29.36916487, 95.19689433,  99.9
126, 210, 29.37321257, 95.18116013,  99.9
127, 210, 29.37731347, 95.16521064,  99.9
128, 210, 29.38146824, 95.14904289,  99.9
129, 210, 29.38567754, 95.13265388,  99.9
130, 210, 29.38994208, 95.11604057,  99.9
131, 210, 29.39426254, 95.09919987,  99.9
132, 210, 29.39863964, 95.08212865,  99.9
133, 210, 29.40307407, 95.06482374,  99.9
134, 210, 29.40756656, 95.04728193,  99.9
135, 210, 29.41211783, 95.02949993,  99.9
136, 210, 29.41672863, 95.01147446,  99.9
137, 210, 29.42139968, 94.99320216,  99.9
138, 210, 29.42613176, 94.97467962,  99.9
139, 210, 29.43092560, 94.95590340,  99.9
140, 210, 29.43578199, 94.93687001,   2.0
141, 210, 29.44070169, 94.91757589,   2.6
142, 210, 29.44568550, 94.89801745,   4.6
143, 210, 29.45073420, 94.87819106,   4.4
144, 210, 29.45584861, 94.85809301,   4.3
145, 210, 29.46102952, 94.83771956,   4.2
146, 210, 29.46627776, 94.81706691,   4.1
147, 210, 29.47159416, 94.79613120,   4.0
148, 210, 29.47697955, 94.77490854,   4.0
149, 210, 29.48243478, 94.75339496,   4.0
150, 210, 29.48796071, 94.73158645,   4.0
151, 210, 29.49355819, 94.70947894,   4.1
152, 210, 29.49922810, 94.68706829,   4.2
153, 210, 29.50497133, 94.66435032,   4.3
154, 210, 29.51078876, 94.64132079,   4.3
155, 210, 29.51668129, 94.61797539,   4.4
156, 210, 29.52264984, 94.59430976,   4.5
157, 210, 29.52869532, 94.57031947,   4.5
158, 210, 29.53481865, 94.54600004,   4.5
159, 210, 29.54102078, 94.52134691,   4.5
160, 210, 29.54730265, 94.49635547,   4.5
161, 210, 29.55366522, 94.47102104,   4.5
162, 210, 29.56010945, 94.44533888,   4.4
163, 210, 29.56663632, 94.41930417,   5.0
164, 210, 29.57324680, 94.39291205,  99.9
165, 210, 29.57994190, 94.36615755,   5.2
166, 210, 29.58672261, 94.33903568,   5.2
167, 210, 29.59358995, 94.31154132,   5.2
168, 210, 29.60054494, 94.28366934,   5.3
169, 210, 29.60758861, 94.25541450,   5.4
170, 210, 29.61472200, 94.22677150,   5.5
171, 210, 29.62194616, 94.19773495,   5.4
172, 210, 29.62926215, 94.16829941,   5.4
173, 210, 29.63667104, 94.13845933,   5.4
174, 210, 29.64417390, 94.10820912,   5.4
175, 210, 29.65177183, 94.07754309,   5.4
176, 210, 29.65946592, 94.04645546,   5.5
177, 210, 29.66725728, 94.01494039,   5.5
178, 210, 29.67514702, 93.98299195,   5.5
179, 210, 29.68313627, 93.95060412,   5.6
180, 210, 29.69122616, 93.91777079,   5.6
181, 210, 29.69941784, 93.88448580,   5.6
182, 210, 29.70771247, 93.85074285,   5.6
183, 210, 29.71611119, 93.81653560,   5.6
184, 210, 29.72461519, 93.78185759,   5.5
185, 210, 29.73322565, 93.74670227,   5.5
186, 210, 29.74194374, 93.71106301,   5.5
187, 210, 29.75077068, 93.67493308,   5.5
188, 210, 29.75970766, 93.63830566,   5.5
189, 210, 29.76875591, 93.60117383,   5.6
190, 210, 29.77791665, 93.56353057,   5.6
191, 210, 29.78719110, 93.52536876,   5.6
